n : 8
m : 8
H : 26
Y : [150, 154, 231, 124, 113, 1, 172, 46, 2, 97, 174, 79, 144, 222, 20, 180, 132, 250, 6946, 55472, 99842, 241809, 142769, 110737, 630048, 587009, 345488, 1715633, 1656208, 1656074, 1179648, 1179803, 738704, 1, 2409404, 46, 2196994, 2197091, 345488, 345567, 917504, 917582, 4032182, 180, 3376642, 250, 1656070, 150, 1179648, 1179879, 738704, 113, 2409232, 130, 2197089, 99, 345488, 225, 917504, 917648, 4032002, 4032022, 3376642, 132, 464045211787, 465670063584, 512836732570, 418986149336, 418876146464, 774458441975, 419577200680, 419666198684]
XORs : {'r[0]': ['x[7]', 'x[1]', 'x[4]', 'x[2]'], 'r[1]': ['x[3]', 'x[7]', 'x[1]', 'x[4]'], 'r[2]': ['x[1]', 'x[7]', 'x[2]', 'x[0]', 'x[6]', 'x[5]'], 'r[3]': ['x[3]', 'x[4]', 'x[2]', 'x[6]', 'x[5]'], 'r[4]': ['x[4]', 'x[0]', 'x[6]', 'x[5]'], 'r[5]': ['x[0]'], 'r[6]': ['x[7]', 'x[5]', 'x[3]', 'x[2]'], 'r[7]': ['x[5]', 'x[3]', 'x[1]', 'x[2]'], 'r[8]': ['x[1]'], 'r[9]': ['x[0]', 'x[6]', 'x[5]'], 'r[10]': ['x[7]', 'x[5]', 'x[3]', 'x[1]', 'x[2]'], 'r[11]': ['x[0]', 'x[6]', 'x[3]', 'x[1]', 'x[2]'], 'r[12]': ['x[7]', 'x[4]'], 'r[13]': ['x[6]', 'x[3]', 'x[1]', 'x[2]', 'x[7]', 'x[4]'], 'r[14]': ['x[4]', 'x[2]'], 'r[15]': ['x[2]', 'x[5]', 'x[7]', 'x[4]'], 'r[16]': ['x[7]', 'x[2]'], 'r[17]': ['x[6]', 'x[5]', 'x[3]', 'x[7]', 'x[1]', 'x[4]'], 'r[18]': ['g[1]', 'g[0]', 'x[1]', 'g[4]', 'g[3]', 'x[5]'], 'r[19]': ['g[4]', 'g[3]', 'g[7]', 'g[6]', 'x[5]', 'x[7]', 'x[4]'], 'r[20]': ['g[1]', 'g[7]', 'g[2]', 'g[8]', 'x[1]'], 'r[21]': ['g[9]', 'g[5]', 'g[8]', 'x[0]', 'g[4]', 'g[7]', 'x[7]', 'x[4]'], 'r[22]': ['g[9]', 'g[2]', 'g[0]', 'g[3]', 'x[5]', 'g[5]', 'x[7]', 'x[4]', 'x[0]'], 'r[23]': ['g[4]', 'g[7]', 'g[5]', 'g[8]', 'x[7]', 'x[4]', 'x[0]'], 'r[24]': ['g[3]', 'g[8]', 'x[5]', 'g[11]', 'g[2]', 'g[0]', 'g[4]', 'g[7]'], 'r[25]': ['g[11]', 'g[2]', 'g[0]', 'g[6]', 'g[4]', 'g[7]', 'g[5]', 'x[0]'], 'r[26]': ['g[10]', 'g[2]', 'g[0]', 'g[8]', 'g[6]', 'x[7]', 'x[4]'], 'r[27]': ['g[12]', 'g[9]', 'g[11]', 'g[2]', 'g[0]', 'g[5]', 'x[0]', 'g[3]', 'x[5]', 'x[7]', 'x[4]'], 'r[28]': ['g[12]', 'g[8]', 'g[11]', 'g[2]', 'g[0]', 'g[6]', 'x[7]', 'x[4]'], 'r[29]': ['x[3]', 'x[1]', 'g[12]', 'g[8]', 'g[11]', 'g[2]', 'g[0]', 'g[6]'], 'r[30]': ['g[12]', 'g[9]'], 'r[31]': ['x[0]', 'x[3]', 'x[7]', 'x[1]', 'x[4]', 'g[12]', 'g[9]'], 'r[32]': ['g[11]', 'g[9]', 'g[2]', 'g[0]', 'g[8]', 'g[6]', 'x[7]', 'x[4]'], 'r[33]': ['x[0]'], 'r[34]': ['g[10]', 'g[13]', 'g[1]', 'g[7]', 'g[0]', 'g[6]', 'x[7]', 'x[4]', 'x[5]', 'x[3]', 'x[2]'], 'r[35]': ['x[5]', 'x[3]', 'x[1]', 'x[2]'], 'r[36]': ['g[13]', 'g[1]', 'g[7]', 'g[2]', 'g[8]', 'x[1]'], 'r[37]': ['x[0]', 'x[6]', 'x[5]', 'g[13]', 'g[1]', 'g[7]', 'g[2]', 'g[8]', 'x[1]'], 'r[38]': ['g[10]', 'g[2]', 'g[0]', 'g[8]', 'g[6]', 'x[7]', 'x[4]'], 'r[39]': ['x[0]', 'x[6]', 'x[3]', 'x[1]', 'x[2]', 'g[10]', 'g[2]', 'g[0]', 'g[8]', 'g[6]', 'x[7]', 'x[4]'], 'r[40]': ['g[10]', 'g[11]', 'g[9]'], 'r[41]': ['x[6]', 'x[3]', 'x[1]', 'x[2]', 'g[10]', 'g[11]', 'g[9]'], 'r[42]': ['g[10]', 'g[13]', 'g[12]', 'g[1]', 'g[8]', 'g[11]', 'g[2]', 'g[7]', 'x[1]', 'x[2]', 'x[5]', 'x[7]', 'x[4]'], 'r[43]': ['x[2]', 'x[5]', 'x[7]', 'x[4]'], 'r[44]': ['g[13]', 'g[12]', 'g[1]', 'g[9]', 'g[8]', 'g[2]', 'x[1]', 'g[7]'], 'r[45]': ['x[6]', 'x[5]', 'x[3]', 'x[7]', 'x[1]', 'x[4]'], 'r[46]': ['g[12]', 'g[8]', 'g[11]', 'g[2]', 'g[0]', 'g[6]', 'x[1]', 'x[2]'], 'r[47]': ['x[7]', 'x[1]', 'x[4]', 'x[2]'], 'r[48]': ['g[12]', 'g[9]'], 'r[49]': ['x[1]', 'x[7]', 'x[2]', 'x[0]', 'x[6]', 'x[5]', 'g[12]', 'g[9]'], 'r[50]': ['g[11]', 'g[9]', 'g[2]', 'g[0]', 'g[8]', 'g[6]', 'x[7]', 'x[4]'], 'r[51]': ['x[4]', 'x[0]', 'x[6]', 'x[5]'], 'r[52]': ['g[10]', 'g[13]', 'g[1]', 'g[7]', 'g[0]', 'g[6]', 'x[4]'], 'r[53]': ['x[7]', 'x[1]'], 'r[54]': ['g[13]', 'g[1]', 'g[7]', 'g[2]', 'g[8]', 'x[0]', 'x[6]', 'x[5]'], 'r[55]': ['x[1]', 'x[0]', 'x[6]', 'x[5]'], 'r[56]': ['g[10]', 'g[2]', 'g[0]', 'g[8]', 'g[6]', 'x[7]', 'x[4]'], 'r[57]': ['x[7]', 'x[0]', 'x[6]', 'x[5]'], 'r[58]': ['g[10]', 'g[11]', 'g[9]'], 'r[59]': ['x[7]', 'x[4]', 'g[10]', 'g[11]', 'g[9]'], 'r[60]': ['g[10]', 'g[13]', 'g[12]', 'g[1]', 'g[8]', 'g[11]', 'g[2]', 'g[7]', 'x[1]'], 'r[61]': ['x[4]', 'x[2]', 'g[10]', 'g[13]', 'g[12]', 'g[1]', 'g[8]', 'g[11]', 'g[2]', 'g[7]', 'x[1]'], 'r[62]': ['g[13]', 'g[12]', 'g[1]', 'g[9]', 'g[8]', 'g[2]', 'x[1]', 'g[7]'], 'r[63]': ['x[7]', 'x[2]'], 'y[7]': ['g[17]', 'g[20]', 'g[21]', 'g[23]', 'g[24]', 'g[18]', 'g[29]', 'g[30]', 'x[3]', 'x[2]', 'x[7]', 'x[4]', 'g[9]', 'g[10]', 'g[11]'], 'y[1]': ['g[26]', 'g[19]', 'g[27]', 'g[21]', 'g[22]', 'g[18]', 'g[29]', 'g[30]', 'g[0]', 'g[6]', 'x[7]', 'x[6]', 'x[5]', 'g[12]', 'g[8]', 'g[11]', 'g[2]'], 'y[0]': ['g[19]', 'g[27]', 'g[29]', 'g[30]', 'g[16]', 'g[26]', 'g[14]', 'g[17]', 'x[3]', 'x[7]', 'x[0]', 'x[1]'], 'y[4]': ['g[14]', 'g[17]', 'g[15]', 'g[23]', 'g[24]', 'g[18]', 'g[29]', 'g[30]', 'g[0]', 'g[6]', 'x[5]', 'g[9]', 'g[10]', 'g[13]', 'g[12]', 'g[1]', 'g[7]'], 'y[3]': ['g[16]', 'g[19]', 'g[15]', 'g[23]', 'g[24]', 'g[18]', 'g[29]', 'g[30]', 'x[6]', 'g[0]', 'g[6]', 'x[3]', 'x[7]', 'x[4]', 'g[10]', 'g[8]', 'g[2]'], 'y[2]': ['g[24]', 'g[25]', 'g[28]', 'g[21]', 'g[22]', 'g[18]', 'g[16]', 'g[26]', 'g[14]', 'g[17]', 'g[29]', 'g[30]', 'x[3]', 'x[4]', 'g[9]', 'x[7]', 'g[13]', 'g[12]', 'g[1]', 'g[8]', 'g[2]', 'g[7]', 'x[1]'], 'y[6]': ['g[14]', 'g[15]', 'g[20]', 'g[21]', 'g[23]', 'g[24]', 'g[29]', 'g[30]', 'x[3]', 'x[5]'], 'y[5]': ['g[31]', 'g[28]', 'g[20]', 'g[22]', 'g[16]', 'g[26]', 'g[14]', 'g[29]', 'x[0]', 'x[6]', 'x[5]', 'x[4]', 'g[12]', 'x[2]', 'g[9]', 'x[7]', 'x[1]']}
HY : [12, 12, 11, 11, 13, 0, 10, 10, 0, 9, 11, 11, 1, 12, 1, 11, 1, 14, 14, 14, 18, 18, 16, 16, 18, 18, 20, 20, 21, 21, 21, 23, 18, 0, 22, 10, 22, 22, 20, 22, 20, 23, 22, 11, 22, 14, 21, 12, 21, 21, 18, 13, 22, 1, 22, 22, 20, 20, 20, 20, 22, 22, 22, 1, 26, 26, 26, 26, 26, 26, 26, 26]
sbp_pool_size : 2

Dist : [3, 3, 5, 4, 3, 0, 3, 3, 0, 2, 4, 4, 1, 5, 1, 3, 1, 5, 999, 999, 999, 999, 999, 999, 999, 999, 999, 999, 999, 999, 999, 999, 999, 0, 999, 3, 999, 999, 999, 999, 999, 999, 999, 3, 999, 5, 999, 3, 999, 999, 999, 3, 999, 1, 999, 3, 999, 3, 999, 999, 999, 999, 999, 1, 999, 999, 999, 999, 999, 999, 999, 999]
time : 0.02 (+0.02)

9th Add (Sname, S, D) : t[0], 144, 1
Dist : [2, 2, 5, 4, 3, 0, 3, 3, 0, 2, 4, 4, 0, 4, 1, 2, 1, 4, 999, 999, 999, 999, 999, 999, 999, 999, 999, 999, 999, 999, 999, 999, 999, 0, 999, 3, 999, 999, 999, 999, 999, 999, 999, 2, 999, 4, 999, 2, 999, 999, 999, 3, 999, 1, 999, 3, 999, 3, 999, 999, 999, 999, 999, 1, 999, 999, 999, 999, 999, 999, 999, 999]
time : 0.02 (+0.02 = 0.00 + 0.00)

10th Add (Sname, S, D) : t[1], 20, 1
Dist : [2, 2, 5, 3, 3, 0, 3, 3, 0, 2, 4, 4, 0, 4, 0, 2, 1, 4, 999, 999, 999, 999, 999, 999, 999, 999, 999, 999, 999, 999, 999, 999, 999, 0, 999, 3, 999, 999, 999, 999, 999, 999, 999, 2, 999, 4, 999, 2, 999, 999, 999, 3, 999, 1, 999, 3, 999, 3, 999, 999, 999, 999, 999, 1, 999, 999, 999, 999, 999, 999, 999, 999]
time : 0.02 (+0.00 = 0.00 + 0.00)

11th Add (Sname, S, D) : t[2], 132, 1
Dist : [2, 2, 4, 3, 3, 0, 2, 3, 0, 2, 3, 4, 0, 4, 0, 2, 0, 4, 999, 999, 999, 999, 999, 999, 999, 999, 999, 999, 999, 999, 999, 999, 999, 0, 999, 3, 999, 999, 999, 999, 999, 999, 999, 2, 999, 4, 999, 2, 999, 999, 999, 3, 999, 1, 999, 3, 999, 3, 999, 999, 999, 999, 999, 0, 999, 999, 999, 999, 999, 999, 999, 999]
time : 0.02 (+0.00 = 0.00 + 0.00)

12th Add (Sname, S, D) : t[3], 130, 1
Dist : [1, 2, 4, 3, 3, 0, 2, 3, 0, 2, 3, 4, 0, 3, 0, 2, 0, 4, 999, 999, 999, 999, 999, 999, 999, 999, 999, 999, 999, 999, 999, 999, 999, 0, 999, 3, 999, 999, 999, 999, 999, 999, 999, 2, 999, 4, 999, 1, 999, 999, 999, 3, 999, 0, 999, 3, 999, 3, 999, 999, 999, 999, 999, 0, 999, 999, 999, 999, 999, 999, 999, 999]
time : 0.02 (+0.00 = 0.00 + 0.00)

13th Add (Sname, S, D) : t[4], 150, 2
Dist : [0, 2, 4, 3, 3, 0, 2, 3, 0, 2, 3, 4, 0, 2, 0, 2, 0, 4, 999, 999, 999, 999, 999, 999, 999, 999, 999, 999, 999, 999, 999, 999, 999, 0, 999, 3, 999, 999, 999, 999, 999, 999, 999, 2, 999, 4, 999, 0, 999, 999, 999, 3, 999, 0, 999, 3, 999, 3, 999, 999, 999, 999, 999, 0, 999, 999, 999, 999, 999, 999, 999, 999]
time : 0.02 (+0.00 = 0.00 + 0.00)

14th Add (Sname, S, D) : t[5], 34, 1
Dist : [0, 2, 3, 3, 3, 0, 2, 2, 0, 2, 2, 4, 0, 2, 0, 1, 0, 3, 999, 999, 999, 999, 999, 999, 999, 999, 999, 999, 999, 999, 999, 999, 999, 0, 999, 2, 999, 999, 999, 999, 999, 999, 999, 1, 999, 3, 999, 0, 999, 999, 999, 3, 999, 0, 999, 2, 999, 3, 999, 999, 999, 999, 999, 0, 999, 999, 999, 999, 999, 999, 999, 999]
time : 0.03 (+0.00 = 0.00 + 0.00 + 0.00 + 0.00 + 0.00)

15th Add (Sname, S, D) : t[6], 180, 3
Dist : [0, 2, 3, 3, 3, 0, 2, 2, 0, 2, 2, 4, 0, 2, 0, 0, 0, 3, 999, 999, 999, 999, 999, 999, 999, 999, 999, 999, 999, 999, 999, 999, 999, 0, 999, 2, 999, 999, 999, 999, 999, 999, 999, 0, 999, 3, 999, 0, 999, 999, 999, 3, 999, 0, 999, 2, 999, 3, 999, 999, 999, 999, 999, 0, 999, 999, 999, 999, 999, 999, 999, 999]
time : 0.03 (+0.00 = 0.00 + 0.00)

16th Add (Sname, S, D) : g[7], 32768, 4
Dist : [0, 2, 3, 3, 3, 0, 2, 2, 0, 2, 2, 4, 0, 2, 0, 0, 0, 3, 999, 999, 999, 999, 999, 999, 999, 999, 999, 999, 999, 999, 999, 999, 999, 0, 999, 2, 999, 999, 999, 999, 999, 999, 999, 0, 999, 3, 999, 0, 999, 999, 999, 3, 999, 0, 999, 2, 999, 3, 999, 999, 999, 999, 999, 0, 999, 999, 999, 999, 999, 999, 999, 999]
time : 0.03 (+0.00 = 0.00 + 0.00)

17th Add (Sname, S, D) : t[7], 65, 1
Dist : [0, 2, 2, 3, 2, 0, 2, 2, 0, 1, 2, 3, 0, 2, 0, 0, 0, 3, 999, 999, 999, 999, 999, 999, 999, 999, 999, 999, 999, 999, 999, 999, 999, 0, 999, 2, 999, 999, 999, 999, 999, 999, 999, 0, 999, 3, 999, 0, 999, 999, 999, 2, 999, 0, 999, 1, 999, 2, 999, 999, 999, 999, 999, 0, 999, 999, 999, 999, 999, 999, 999, 999]
time : 0.03 (+0.01 = 0.00 + 0.01 + 0.00 + 0.00 + 0.00)

18th Add (Sname, S, D) : t[8], 97, 2
Dist : [0, 2, 2, 3, 1, 0, 2, 2, 0, 0, 2, 3, 0, 2, 0, 0, 0, 3, 999, 999, 999, 999, 999, 999, 999, 999, 999, 999, 999, 999, 999, 999, 999, 0, 999, 2, 999, 999, 999, 999, 999, 999, 999, 0, 999, 3, 999, 0, 999, 999, 999, 1, 999, 0, 999, 1, 999, 1, 999, 999, 999, 999, 999, 0, 999, 999, 999, 999, 999, 999, 999, 999]
time : 0.04 (+0.00 = 0.00 + 0.00)

19th Add (Sname, S, D) : g[4], 4096, 3
Dist : [0, 2, 2, 3, 1, 0, 2, 2, 0, 0, 2, 3, 0, 2, 0, 0, 0, 3, 999, 999, 999, 999, 999, 999, 999, 999, 999, 999, 999, 999, 999, 999, 999, 0, 999, 2, 999, 999, 999, 999, 999, 999, 999, 0, 999, 3, 999, 0, 999, 999, 999, 1, 999, 0, 999, 1, 999, 1, 999, 999, 999, 999, 999, 0, 999, 999, 999, 999, 999, 999, 999, 999]
time : 0.04 (+0.00 = 0.00 + 0.00)

20th Add (Sname, S, D) : t[9], 113, 3
Dist : [0, 2, 1, 3, 0, 0, 2, 2, 0, 0, 2, 3, 0, 2, 0, 0, 0, 3, 999, 999, 999, 999, 999, 999, 999, 999, 999, 999, 999, 999, 999, 999, 999, 0, 999, 2, 999, 999, 999, 999, 999, 999, 999, 0, 999, 3, 999, 0, 999, 999, 999, 0, 999, 0, 999, 1, 999, 1, 999, 999, 999, 999, 999, 0, 999, 999, 999, 999, 999, 999, 999, 999]
time : 0.04 (+0.00 = 0.00 + 0.00)

21th Add (Sname, S, D) : g[2], 1024, 4
Dist : [0, 2, 1, 3, 0, 0, 2, 2, 0, 0, 2, 3, 0, 2, 0, 0, 0, 3, 999, 999, 999, 999, 999, 999, 999, 999, 999, 999, 999, 999, 999, 999, 999, 0, 999, 2, 999, 999, 999, 999, 999, 999, 999, 0, 999, 3, 999, 0, 999, 999, 999, 0, 999, 0, 999, 1, 999, 1, 999, 999, 999, 999, 999, 0, 999, 999, 999, 999, 999, 999, 999, 999]
time : 0.04 (+0.00 = 0.00 + 0.00)

22th Add (Sname, S, D) : t[10], 231, 4
Dist : [0, 2, 0, 3, 0, 0, 2, 2, 0, 0, 2, 3, 0, 2, 0, 0, 0, 3, 999, 999, 999, 999, 999, 999, 999, 999, 999, 999, 999, 999, 999, 999, 999, 0, 999, 2, 999, 999, 999, 999, 999, 999, 999, 0, 999, 3, 999, 0, 999, 999, 999, 0, 999, 0, 999, 1, 999, 1, 999, 999, 999, 999, 999, 0, 999, 999, 999, 999, 999, 999, 999, 999]
time : 0.04 (+0.00 = 0.00 + 0.00)

23th Add (Sname, S, D) : t[11], 99, 2
Dist : [0, 2, 0, 3, 0, 0, 2, 2, 0, 0, 2, 3, 0, 2, 0, 0, 0, 3, 999, 999, 999, 999, 999, 999, 999, 999, 999, 999, 999, 999, 999, 999, 999, 0, 999, 2, 999, 999, 999, 999, 999, 999, 999, 0, 999, 3, 999, 0, 999, 999, 999, 0, 999, 0, 999, 0, 999, 1, 999, 999, 999, 999, 999, 0, 999, 999, 999, 999, 999, 999, 999, 999]
time : 0.04 (+0.00 = 0.00 + 0.00)

24th Add (Sname, S, D) : t[12], 225, 3
Dist : [0, 2, 0, 3, 0, 0, 2, 2, 0, 0, 2, 3, 0, 2, 0, 0, 0, 3, 999, 999, 999, 999, 999, 999, 999, 999, 999, 999, 999, 999, 999, 999, 999, 0, 999, 2, 999, 999, 999, 999, 999, 999, 999, 0, 999, 3, 999, 0, 999, 999, 999, 0, 999, 0, 999, 0, 999, 0, 999, 999, 999, 999, 999, 0, 999, 999, 999, 999, 999, 999, 999, 999]
time : 0.04 (+0.00 = 0.00 + 0.00)

25th Add (Sname, S, D) : t[13], 42, 2
Dist : [0, 2, 0, 3, 0, 0, 2, 1, 0, 0, 1, 2, 0, 2, 0, 0, 0, 2, 999, 999, 999, 999, 999, 999, 999, 999, 999, 999, 999, 999, 999, 999, 999, 0, 999, 1, 999, 999, 999, 999, 999, 999, 999, 0, 999, 2, 999, 0, 999, 999, 999, 0, 999, 0, 999, 0, 999, 0, 999, 999, 999, 999, 999, 0, 999, 999, 999, 999, 999, 999, 999, 999]
time : 0.06 (+0.03 = 0.00 + 0.03 + 0.00 + 0.00 + 0.00)

26th Add (Sname, S, D) : t[14], 46, 3
Dist : [0, 1, 0, 3, 0, 0, 1, 0, 0, 0, 1, 1, 0, 2, 0, 0, 0, 2, 999, 999, 999, 999, 999, 999, 999, 999, 999, 999, 999, 999, 999, 999, 999, 0, 999, 0, 999, 999, 999, 999, 999, 999, 999, 0, 999, 2, 999, 0, 999, 999, 999, 0, 999, 0, 999, 0, 999, 0, 999, 999, 999, 999, 999, 0, 999, 999, 999, 999, 999, 999, 999, 999]
time : 0.07 (+0.00 = 0.00 + 0.00)

27th Add (Sname, S, D) : t[15], 154, 4
Dist : [0, 0, 0, 2, 0, 0, 1, 0, 0, 0, 1, 1, 0, 2, 0, 0, 0, 2, 999, 999, 999, 999, 999, 999, 999, 999, 999, 999, 999, 999, 999, 999, 999, 0, 999, 0, 999, 999, 999, 999, 999, 999, 999, 0, 999, 2, 999, 0, 999, 999, 999, 0, 999, 0, 999, 0, 999, 0, 999, 999, 999, 999, 999, 0, 999, 999, 999, 999, 999, 999, 999, 999]
time : 0.07 (+0.00 = 0.00 + 0.00)

28th Add (Sname, S, D) : g[0], 256, 5
Dist : [0, 0, 0, 2, 0, 0, 1, 0, 0, 0, 1, 1, 0, 2, 0, 0, 0, 2, 999, 999, 999, 999, 999, 999, 999, 999, 999, 999, 999, 999, 999, 999, 999, 0, 999, 0, 999, 999, 999, 999, 999, 999, 999, 0, 999, 2, 999, 0, 999, 999, 999, 0, 999, 0, 999, 0, 999, 0, 999, 999, 999, 999, 999, 0, 999, 999, 999, 999, 999, 999, 999, 999]
time : 0.07 (+0.00 = 0.00 + 0.00)

29th Add (Sname, S, D) : t[16], 172, 4
Dist : [0, 0, 0, 2, 0, 0, 0, 0, 0, 0, 1, 1, 0, 2, 0, 0, 0, 2, 999, 999, 999, 999, 999, 999, 999, 999, 999, 999, 999, 999, 999, 999, 999, 0, 999, 0, 999, 999, 999, 999, 999, 999, 999, 0, 999, 2, 999, 0, 999, 999, 999, 0, 999, 0, 999, 0, 999, 0, 999, 999, 999, 999, 999, 0, 999, 999, 999, 999, 999, 999, 999, 999]
time : 0.07 (+0.00 = 0.00 + 0.00)

30th Add (Sname, S, D) : g[3], 2048, 5
Dist : [0, 0, 0, 2, 0, 0, 0, 0, 0, 0, 1, 1, 0, 2, 0, 0, 0, 2, 999, 999, 999, 999, 999, 999, 999, 999, 999, 999, 999, 999, 999, 999, 999, 0, 999, 0, 999, 999, 999, 999, 999, 999, 999, 0, 999, 2, 999, 0, 999, 999, 999, 0, 999, 0, 999, 0, 999, 0, 999, 999, 999, 999, 999, 0, 999, 999, 999, 999, 999, 999, 999, 999]
time : 0.07 (+0.00 = 0.00 + 0.00)

31th Add (Sname, S, D) : t[17], 174, 3
Dist : [0, 0, 0, 2, 0, 0, 0, 0, 0, 0, 0, 1, 0, 2, 0, 0, 0, 2, 999, 999, 999, 999, 999, 999, 999, 999, 999, 999, 999, 999, 999, 999, 999, 0, 999, 0, 999, 999, 999, 999, 999, 999, 999, 0, 999, 2, 999, 0, 999, 999, 999, 0, 999, 0, 999, 0, 999, 0, 999, 999, 999, 999, 999, 0, 999, 999, 999, 999, 999, 999, 999, 999]
time : 0.07 (+0.00 = 0.00 + 0.00)

32th Add (Sname, S, D) : t[18], 79, 4
Dist : [0, 0, 0, 2, 0, 0, 0, 0, 0, 0, 0, 0, 0, 2, 0, 0, 0, 2, 999, 999, 999, 999, 999, 999, 999, 999, 999, 999, 999, 999, 999, 999, 999, 0, 999, 0, 999, 999, 999, 999, 999, 999, 999, 0, 999, 2, 999, 0, 999, 999, 999, 0, 999, 0, 999, 0, 999, 0, 999, 999, 999, 999, 999, 0, 999, 999, 999, 999, 999, 999, 999, 999]
time : 0.07 (+0.00 = 0.00 + 0.00)

33th Add (Sname, S, D) : g[5], 8192, 5
Dist : [0, 0, 0, 2, 0, 0, 0, 0, 0, 0, 0, 0, 0, 2, 0, 0, 0, 2, 999, 999, 999, 999, 999, 999, 999, 999, 999, 999, 999, 999, 999, 999, 999, 0, 999, 0, 999, 999, 999, 999, 999, 999, 999, 0, 999, 2, 999, 0, 999, 999, 999, 0, 999, 0, 999, 0, 999, 0, 999, 999, 999, 999, 999, 0, 999, 999, 999, 999, 999, 999, 999, 999]
time : 0.07 (+0.00 = 0.00 + 0.00)

34th Add (Sname, S, D) : t[19], 106, 3
Dist : [0, 0, 0, 2, 0, 0, 0, 0, 0, 0, 0, 0, 0, 1, 0, 0, 0, 1, 999, 999, 999, 999, 999, 999, 999, 999, 999, 999, 999, 999, 999, 999, 999, 0, 999, 0, 999, 999, 999, 999, 999, 999, 999, 0, 999, 1, 999, 0, 999, 999, 999, 0, 999, 0, 999, 0, 999, 0, 999, 999, 999, 999, 999, 0, 999, 999, 999, 999, 999, 999, 999, 999]
time : 0.17 (+0.10 = 0.00 + 0.10 + 0.00 + 0.00 + 0.00)

35th Add (Sname, S, D) : t[20], 222, 4
Dist : [0, 0, 0, 2, 0, 0, 0, 0, 0, 0, 0, 0, 0, 0, 0, 0, 0, 1, 999, 999, 999, 999, 999, 999, 999, 999, 999, 999, 999, 999, 999, 999, 999, 0, 999, 0, 999, 999, 999, 999, 999, 999, 999, 0, 999, 1, 999, 0, 999, 999, 999, 0, 999, 0, 999, 0, 999, 0, 999, 999, 999, 999, 999, 0, 999, 999, 999, 999, 999, 999, 999, 999]
time : 0.17 (+0.00 = 0.00 + 0.00)

36th Add (Sname, S, D) : g[6], 16384, 5
Dist : [0, 0, 0, 2, 0, 0, 0, 0, 0, 0, 0, 0, 0, 0, 0, 0, 0, 1, 999, 5, 999, 999, 999, 999, 999, 999, 999, 999, 999, 999, 999, 999, 999, 0, 999, 0, 999, 999, 999, 999, 999, 999, 999, 0, 999, 1, 999, 0, 999, 999, 999, 0, 999, 0, 999, 0, 999, 0, 999, 999, 999, 999, 999, 0, 999, 999, 999, 999, 999, 999, 999, 999]
time : 0.17 (+0.00 = 0.00 + 0.00)

37th Add (Sname, S, D) : t[21], 250, 4
Dist : [0, 0, 0, 2, 0, 0, 0, 0, 0, 0, 0, 0, 0, 0, 0, 0, 0, 0, 999, 5, 999, 999, 999, 999, 999, 999, 999, 999, 999, 999, 999, 999, 999, 0, 999, 0, 999, 999, 999, 999, 999, 999, 999, 0, 999, 0, 999, 0, 999, 999, 999, 0, 999, 0, 999, 0, 999, 0, 999, 999, 999, 999, 999, 0, 999, 999, 999, 999, 999, 999, 999, 999]
time : 0.18 (+0.00 = 0.00 + 0.00)

38th Add (Sname, S, D) : g[8], 65536, 5
Dist : [0, 0, 0, 2, 0, 0, 0, 0, 0, 0, 0, 0, 0, 0, 0, 0, 0, 0, 999, 5, 999, 999, 999, 5, 999, 999, 999, 999, 999, 999, 999, 999, 999, 0, 999, 0, 999, 999, 999, 999, 999, 999, 999, 0, 999, 0, 999, 0, 999, 999, 999, 0, 999, 0, 999, 0, 999, 0, 999, 999, 999, 999, 999, 0, 999, 999, 999, 999, 999, 999, 999, 999]
time : 0.18 (+0.00 = 0.00 + 0.00)

39th Add (Sname, S, D) : t[22], 36864, 5
Dist : [0, 0, 0, 2, 0, 0, 0, 0, 0, 0, 0, 0, 0, 0, 0, 0, 0, 0, 999, 4, 999, 999, 999, 4, 999, 999, 999, 999, 999, 999, 999, 999, 999, 0, 999, 0, 999, 999, 999, 999, 999, 999, 999, 0, 999, 0, 999, 0, 999, 999, 999, 0, 999, 0, 999, 0, 999, 0, 999, 999, 999, 999, 999, 0, 999, 999, 999, 999, 999, 999, 999, 999]
time : 0.40 (+0.23 = 0.00 + 0.23 + 0.00 + 0.00 + 0.00)

40th Add (Sname, S, D) : t[23], 37008, 6
Dist : [0, 0, 0, 2, 0, 0, 0, 0, 0, 0, 0, 0, 0, 0, 0, 0, 0, 0, 999, 3, 999, 999, 999, 3, 999, 999, 999, 999, 999, 999, 999, 999, 999, 0, 999, 0, 999, 999, 999, 999, 999, 999, 999, 0, 999, 0, 999, 0, 999, 999, 999, 0, 999, 0, 999, 0, 999, 0, 999, 999, 999, 999, 999, 0, 999, 999, 999, 999, 999, 999, 999, 999]
time : 0.67 (+0.26 = 0.00 + 0.26 + 0.00 + 0.00 + 0.00)

41th Add (Sname, S, D) : t[24], 86, 5
Dist : [0, 0, 0, 1, 0, 0, 0, 0, 0, 0, 0, 0, 0, 0, 0, 0, 0, 0, 999, 3, 999, 999, 999, 3, 999, 999, 999, 999, 999, 999, 999, 999, 999, 0, 999, 0, 999, 999, 999, 999, 999, 999, 999, 0, 999, 0, 999, 0, 999, 999, 999, 0, 999, 0, 999, 0, 999, 0, 999, 999, 999, 999, 999, 0, 999, 999, 999, 999, 999, 999, 999, 999]
time : 0.96 (+0.29 = 0.00 + 0.29 + 0.00 + 0.00 + 0.00)

42th Add (Sname, S, D) : t[25], 124, 6
Dist : [0, 0, 0, 0, 0, 0, 0, 0, 0, 0, 0, 0, 0, 0, 0, 0, 0, 0, 999, 3, 999, 999, 999, 3, 999, 999, 999, 999, 999, 999, 999, 999, 999, 0, 999, 0, 999, 999, 999, 999, 999, 999, 999, 0, 999, 0, 999, 0, 999, 999, 999, 0, 999, 0, 999, 0, 999, 0, 999, 999, 999, 999, 999, 0, 999, 999, 999, 999, 999, 999, 999, 999]
time : 0.96 (+0.00 = 0.00 + 0.00)

43th Add (Sname, S, D) : g[1], 512, 7
Dist : [0, 0, 0, 0, 0, 0, 0, 0, 0, 0, 0, 0, 0, 0, 0, 0, 0, 0, 4, 3, 4, 999, 999, 3, 999, 999, 999, 999, 999, 999, 999, 999, 999, 0, 999, 0, 999, 999, 999, 999, 999, 999, 999, 0, 999, 0, 999, 0, 999, 999, 999, 0, 999, 0, 999, 0, 999, 0, 999, 999, 999, 999, 999, 0, 999, 999, 999, 999, 999, 999, 999, 999]
time : 0.96 (+0.00 = 0.00 + 0.00)

44th Add (Sname, S, D) : t[26], 102544, 7
Dist : [0, 0, 0, 0, 0, 0, 0, 0, 0, 0, 0, 0, 0, 0, 0, 0, 0, 0, 4, 3, 4, 999, 999, 2, 999, 999, 999, 999, 999, 999, 999, 999, 999, 0, 999, 0, 999, 999, 999, 999, 999, 999, 999, 0, 999, 0, 999, 0, 999, 999, 999, 0, 999, 0, 999, 0, 999, 0, 999, 999, 999, 999, 999, 0, 999, 999, 999, 999, 999, 999, 999, 999]
time : 1.37 (+0.41 = 0.00 + 0.41 + 0.00 + 0.00 + 0.00)

45th Add (Sname, S, D) : t[27], 110736, 8
Dist : [0, 0, 0, 0, 0, 0, 0, 0, 0, 0, 0, 0, 0, 0, 0, 0, 0, 0, 4, 3, 4, 999, 999, 1, 999, 999, 999, 999, 999, 999, 999, 999, 999, 0, 999, 0, 999, 999, 999, 999, 999, 999, 999, 0, 999, 0, 999, 0, 999, 999, 999, 0, 999, 0, 999, 0, 999, 0, 999, 999, 999, 999, 999, 0, 999, 999, 999, 999, 999, 999, 999, 999]
time : 1.86 (+0.48 = 0.00 + 0.48 + 0.00 + 0.00 + 0.00)

46th Add (Sname, S, D) : t[28], 110737, 9
Dist : [0, 0, 0, 0, 0, 0, 0, 0, 0, 0, 0, 0, 0, 0, 0, 0, 0, 0, 4, 3, 4, 999, 999, 0, 999, 999, 999, 999, 999, 999, 999, 999, 999, 0, 999, 0, 999, 999, 999, 999, 999, 999, 999, 0, 999, 0, 999, 0, 999, 999, 999, 0, 999, 0, 999, 0, 999, 0, 999, 999, 999, 999, 999, 0, 999, 999, 999, 999, 999, 999, 999, 999]
time : 1.86 (+0.00 = 0.00 + 0.00)

47th Add (Sname, S, D) : t[29], 53392, 7
Dist : [0, 0, 0, 0, 0, 0, 0, 0, 0, 0, 0, 0, 0, 0, 0, 0, 0, 0, 4, 2, 4, 999, 999, 0, 999, 999, 999, 999, 999, 999, 999, 999, 999, 0, 999, 0, 999, 999, 999, 999, 999, 999, 999, 0, 999, 0, 999, 0, 999, 999, 999, 0, 999, 0, 999, 0, 999, 0, 999, 999, 999, 999, 999, 0, 999, 999, 999, 999, 999, 999, 999, 999]
time : 2.52 (+0.66 = 0.00 + 0.66 + 0.00 + 0.00 + 0.00)

48th Add (Sname, S, D) : t[30], 53424, 8
Dist : [0, 0, 0, 0, 0, 0, 0, 0, 0, 0, 0, 0, 0, 0, 0, 0, 0, 0, 4, 1, 4, 999, 999, 0, 999, 999, 999, 999, 999, 999, 999, 999, 999, 0, 999, 0, 999, 999, 999, 999, 999, 999, 999, 0, 999, 0, 999, 0, 999, 999, 999, 0, 999, 0, 999, 0, 999, 0, 999, 999, 999, 999, 999, 0, 999, 999, 999, 999, 999, 999, 999, 999]
time : 3.28 (+0.76 = 0.00 + 0.75 + 0.00 + 0.00 + 0.00)

49th Add (Sname, S, D) : t[31], 55472, 9
Dist : [0, 0, 0, 0, 0, 0, 0, 0, 0, 0, 0, 0, 0, 0, 0, 0, 0, 0, 4, 0, 4, 999, 999, 0, 999, 999, 999, 999, 999, 999, 999, 999, 999, 0, 999, 0, 999, 999, 999, 999, 999, 999, 999, 0, 999, 0, 999, 0, 999, 999, 999, 0, 999, 0, 999, 0, 999, 0, 999, 999, 999, 999, 999, 0, 999, 999, 999, 999, 999, 999, 999, 999]
time : 3.28 (+0.00 = 0.00 + 0.00)

50th Add (Sname, S, D) : t[32], 66048, 8
Dist : [0, 0, 0, 0, 0, 0, 0, 0, 0, 0, 0, 0, 0, 0, 0, 0, 0, 0, 4, 0, 3, 999, 999, 0, 999, 999, 999, 999, 999, 999, 999, 999, 999, 0, 999, 0, 999, 999, 999, 999, 999, 999, 999, 0, 999, 0, 999, 0, 999, 999, 999, 0, 999, 0, 999, 0, 999, 0, 999, 999, 999, 999, 999, 0, 999, 999, 999, 999, 999, 999, 999, 999]
time : 4.25 (+0.97 = 0.00 + 0.96 + 0.00 + 0.00 + 0.00)

51th Add (Sname, S, D) : t[33], 67072, 9
Dist : [0, 0, 0, 0, 0, 0, 0, 0, 0, 0, 0, 0, 0, 0, 0, 0, 0, 0, 4, 0, 2, 999, 999, 0, 999, 999, 999, 999, 999, 999, 999, 999, 999, 0, 999, 0, 999, 999, 999, 999, 999, 999, 999, 0, 999, 0, 999, 0, 999, 999, 999, 0, 999, 0, 999, 0, 999, 0, 999, 999, 999, 999, 999, 0, 999, 999, 999, 999, 999, 999, 999, 999]
time : 5.38 (+1.13 = 0.00 + 1.12 + 0.00 + 0.00 + 0.00)

52th Add (Sname, S, D) : t[34], 67074, 10
Dist : [0, 0, 0, 0, 0, 0, 0, 0, 0, 0, 0, 0, 0, 0, 0, 0, 0, 0, 4, 0, 1, 999, 999, 0, 999, 999, 999, 999, 999, 999, 999, 999, 999, 0, 999, 0, 999, 999, 999, 999, 999, 999, 999, 0, 999, 0, 999, 0, 999, 999, 999, 0, 999, 0, 999, 0, 999, 0, 999, 999, 999, 999, 999, 0, 999, 999, 999, 999, 999, 999, 999, 999]
time : 6.69 (+1.31 = 0.00 + 1.30 + 0.00 + 0.00 + 0.00)

53th Add (Sname, S, D) : t[35], 99842, 11
Dist : [0, 0, 0, 0, 0, 0, 0, 0, 0, 0, 0, 0, 0, 0, 0, 0, 0, 0, 4, 0, 0, 999, 999, 0, 999, 999, 999, 999, 999, 999, 999, 999, 999, 0, 999, 0, 999, 999, 999, 999, 999, 999, 999, 0, 999, 0, 999, 0, 999, 999, 999, 0, 999, 0, 999, 0, 999, 0, 999, 999, 999, 999, 999, 0, 999, 999, 999, 999, 999, 999, 999, 999]
time : 6.69 (+0.00 = 0.00 + 0.00)

54th Add (Sname, S, D) : t[36], 768, 8
Dist : [0, 0, 0, 0, 0, 0, 0, 0, 0, 0, 0, 0, 0, 0, 0, 0, 0, 0, 3, 0, 0, 999, 999, 0, 999, 999, 999, 999, 999, 999, 999, 999, 999, 0, 999, 0, 999, 999, 999, 999, 999, 999, 999, 0, 999, 0, 999, 0, 999, 999, 999, 0, 999, 0, 999, 0, 999, 0, 999, 999, 999, 999, 999, 0, 999, 999, 999, 999, 999, 999, 999, 999]
time : 8.41 (+1.71 = 0.00 + 1.71 + 0.00 + 0.00 + 0.01)

55th Add (Sname, S, D) : t[37], 4864, 9
Dist : [0, 0, 0, 0, 0, 0, 0, 0, 0, 0, 0, 0, 0, 0, 0, 0, 0, 0, 2, 0, 0, 999, 999, 0, 999, 999, 999, 999, 999, 999, 999, 999, 999, 0, 999, 0, 999, 999, 999, 999, 999, 999, 999, 0, 999, 0, 999, 0, 999, 999, 999, 0, 999, 0, 999, 0, 999, 0, 999, 999, 999, 999, 999, 0, 999, 999, 999, 999, 999, 999, 999, 999]
time : 10.70 (+2.29 = 0.00 + 2.28 + 0.00 + 0.00 + 0.01)

56th Add (Sname, S, D) : t[38], 4898, 10
Dist : [0, 0, 0, 0, 0, 0, 0, 0, 0, 0, 0, 0, 0, 0, 0, 0, 0, 0, 1, 0, 0, 999, 999, 0, 999, 999, 999, 999, 999, 999, 999, 999, 999, 0, 999, 0, 999, 999, 999, 999, 999, 999, 999, 0, 999, 0, 999, 0, 999, 999, 999, 0, 999, 0, 999, 0, 999, 0, 999, 999, 999, 999, 999, 0, 999, 999, 999, 999, 999, 999, 999, 999]
time : 13.44 (+2.74 = 0.00 + 2.74 + 0.00 + 0.00 + 0.01)

57th Add (Sname, S, D) : t[39], 6946, 11
Dist : [0, 0, 0, 0, 0, 0, 0, 0, 0, 0, 0, 0, 0, 0, 0, 0, 0, 0, 0, 0, 0, 999, 999, 0, 999, 999, 999, 999, 999, 999, 999, 999, 999, 0, 999, 0, 999, 999, 999, 999, 999, 999, 999, 0, 999, 0, 999, 0, 999, 999, 999, 0, 999, 0, 999, 0, 999, 0, 999, 999, 999, 999, 999, 0, 999, 999, 999, 999, 999, 999, 999, 999]
time : 13.45 (+0.01 = 0.00 + 0.01)

58th Add (Sname, S, D) : g[9], 131072, 12
Dist : [0, 0, 0, 0, 0, 0, 0, 0, 0, 0, 0, 0, 0, 0, 0, 0, 0, 0, 0, 0, 0, 1, 3, 0, 999, 999, 999, 999, 999, 999, 999, 999, 999, 0, 999, 0, 999, 999, 999, 999, 999, 999, 999, 0, 999, 0, 999, 0, 999, 999, 999, 0, 999, 0, 999, 0, 999, 0, 999, 999, 999, 999, 999, 0, 999, 999, 999, 999, 999, 999, 999, 999]
time : 13.45 (+0.01 = 0.00 + 0.01)

59th Add (Sname, S, D) : t[40], 241809, 13
Dist : [0, 0, 0, 0, 0, 0, 0, 0, 0, 0, 0, 0, 0, 0, 0, 0, 0, 0, 0, 0, 0, 0, 2, 0, 999, 999, 999, 999, 999, 999, 999, 999, 999, 0, 999, 0, 999, 999, 999, 999, 999, 999, 999, 0, 999, 0, 999, 0, 999, 999, 999, 0, 999, 0, 999, 0, 999, 0, 999, 999, 999, 999, 999, 0, 999, 999, 999, 999, 999, 999, 999, 999]
time : 13.46 (+0.01 = 0.00 + 0.01)

60th Add (Sname, S, D) : g[10], 262144, 14
Dist : [0, 0, 0, 0, 0, 0, 0, 0, 0, 0, 0, 0, 0, 0, 0, 0, 0, 0, 0, 0, 0, 0, 2, 0, 999, 999, 3, 999, 999, 999, 999, 999, 999, 0, 999, 0, 999, 999, 3, 4, 999, 999, 999, 0, 999, 0, 999, 0, 999, 999, 999, 0, 999, 0, 999, 0, 3, 0, 999, 999, 999, 999, 999, 0, 999, 999, 999, 999, 999, 999, 999, 999]
time : 13.47 (+0.01 = 0.00 + 0.01)

61th Add (Sname, S, D) : t[41], 105760, 12
Dist : [0, 0, 0, 0, 0, 0, 0, 0, 0, 0, 0, 0, 0, 0, 0, 0, 0, 0, 0, 0, 0, 0, 1, 0, 999, 999, 2, 999, 999, 999, 999, 999, 999, 0, 999, 0, 999, 999, 2, 3, 999, 999, 999, 0, 999, 0, 999, 0, 999, 999, 999, 0, 999, 0, 999, 0, 2, 0, 999, 999, 999, 999, 999, 0, 999, 999, 999, 999, 999, 999, 999, 999]
time : 18.58 (+5.11 = 0.00 + 5.10 + 0.00 + 0.00 + 0.01)

62th Add (Sname, S, D) : t[42], 142769, 14
Dist : [0, 0, 0, 0, 0, 0, 0, 0, 0, 0, 0, 0, 0, 0, 0, 0, 0, 0, 0, 0, 0, 0, 0, 0, 999, 999, 2, 999, 999, 999, 999, 999, 999, 0, 999, 0, 999, 999, 2, 3, 999, 999, 999, 0, 999, 0, 999, 0, 999, 999, 999, 0, 999, 0, 999, 0, 2, 0, 999, 999, 999, 999, 999, 0, 999, 999, 999, 999, 999, 999, 999, 999]
time : 18.59 (+0.01 = 0.00 + 0.01)

63th Add (Sname, S, D) : g[11], 524288, 15
Dist : [0, 0, 0, 0, 0, 0, 0, 0, 0, 0, 0, 0, 0, 0, 0, 0, 0, 0, 0, 0, 0, 0, 0, 0, 1, 3, 2, 999, 999, 999, 999, 999, 3, 0, 999, 0, 999, 999, 2, 3, 2, 4, 999, 0, 999, 0, 999, 0, 999, 999, 3, 0, 999, 0, 999, 0, 2, 0, 2, 3, 999, 999, 999, 0, 999, 999, 999, 999, 999, 999, 999, 999]
time : 18.60 (+0.01 = 0.00 + 0.01)

64th Add (Sname, S, D) : t[43], 630048, 16
Dist : [0, 0, 0, 0, 0, 0, 0, 0, 0, 0, 0, 0, 0, 0, 0, 0, 0, 0, 0, 0, 0, 0, 0, 0, 0, 2, 2, 999, 999, 999, 999, 999, 2, 0, 999, 0, 999, 999, 2, 3, 2, 4, 999, 0, 999, 0, 999, 0, 999, 999, 2, 0, 999, 0, 999, 0, 2, 0, 2, 3, 999, 999, 999, 0, 999, 999, 999, 999, 999, 999, 999, 999]
time : 18.62 (+0.01 = 0.00 + 0.01)

65th Add (Sname, S, D) : t[44], 367904, 15
Dist : [0, 0, 0, 0, 0, 0, 0, 0, 0, 0, 0, 0, 0, 0, 0, 0, 0, 0, 0, 0, 0, 0, 0, 0, 0, 2, 1, 999, 999, 999, 999, 999, 2, 0, 999, 0, 999, 999, 1, 2, 2, 4, 999, 0, 999, 0, 999, 0, 999, 999, 2, 0, 999, 0, 999, 0, 1, 0, 2, 3, 999, 999, 999, 0, 999, 999, 999, 999, 999, 999, 999, 999]
time : 26.91 (+8.29 = 0.00 + 8.27 + 0.00 + 0.00 + 0.01)

66th Add (Sname, S, D) : t[45], 345488, 16
Dist : [0, 0, 0, 0, 0, 0, 0, 0, 0, 0, 0, 0, 0, 0, 0, 0, 0, 0, 0, 0, 0, 0, 0, 0, 0, 2, 0, 999, 999, 999, 999, 999, 2, 0, 999, 0, 999, 999, 0, 1, 2, 4, 999, 0, 999, 0, 999, 0, 999, 999, 2, 0, 999, 0, 999, 0, 0, 0, 2, 3, 999, 999, 999, 0, 999, 999, 999, 999, 999, 999, 999, 999]
time : 26.92 (+0.02 = 0.00 + 0.02)

67th Add (Sname, S, D) : g[28], 68719476736, 17
Dist : [0, 0, 0, 0, 0, 0, 0, 0, 0, 0, 0, 0, 0, 0, 0, 0, 0, 0, 0, 0, 0, 0, 0, 0, 0, 2, 0, 999, 999, 999, 999, 999, 2, 0, 999, 0, 999, 999, 0, 1, 2, 4, 999, 0, 999, 0, 999, 0, 999, 999, 2, 0, 999, 0, 999, 0, 0, 0, 2, 3, 999, 999, 999, 0, 999, 999, 999, 999, 999, 999, 999, 999]
time : 26.94 (+0.02 = 0.00 + 0.02)

68th Add (Sname, S, D) : t[46], 345567, 17
Dist : [0, 0, 0, 0, 0, 0, 0, 0, 0, 0, 0, 0, 0, 0, 0, 0, 0, 0, 0, 0, 0, 0, 0, 0, 0, 2, 0, 999, 999, 999, 999, 999, 2, 0, 999, 0, 999, 999, 0, 0, 2, 4, 999, 0, 999, 0, 999, 0, 999, 999, 2, 0, 999, 0, 999, 0, 0, 0, 2, 3, 999, 999, 999, 0, 999, 999, 999, 999, 999, 999, 999, 999]
time : 26.96 (+0.02 = 0.00 + 0.02)

69th Add (Sname, S, D) : g[19], 134217728, 18
Dist : [0, 0, 0, 0, 0, 0, 0, 0, 0, 0, 0, 0, 0, 0, 0, 0, 0, 0, 0, 0, 0, 0, 0, 0, 0, 2, 0, 999, 999, 999, 999, 999, 2, 0, 999, 0, 999, 999, 0, 0, 2, 4, 999, 0, 999, 0, 999, 0, 999, 999, 2, 0, 999, 0, 999, 0, 0, 0, 2, 3, 999, 999, 999, 0, 999, 999, 999, 999, 999, 999, 999, 999]
time : 26.98 (+0.02 = 0.00 + 0.02)

70th Add (Sname, S, D) : t[47], 761120, 17
Dist : [0, 0, 0, 0, 0, 0, 0, 0, 0, 0, 0, 0, 0, 0, 0, 0, 0, 0, 0, 0, 0, 0, 0, 0, 0, 2, 0, 999, 999, 999, 999, 999, 1, 0, 999, 0, 999, 999, 0, 0, 1, 3, 999, 0, 999, 0, 999, 0, 999, 999, 1, 0, 999, 0, 999, 0, 0, 0, 1, 2, 999, 999, 999, 0, 999, 999, 999, 999, 999, 999, 999, 999]
time : 42.20 (+15.23 = 0.00 + 15.20 + 0.00 + 0.00 + 0.02)

71th Add (Sname, S, D) : t[48], 738704, 18
Dist : [0, 0, 0, 0, 0, 0, 0, 0, 0, 0, 0, 0, 0, 0, 0, 0, 0, 0, 0, 0, 0, 0, 0, 0, 0, 2, 0, 999, 999, 999, 999, 999, 0, 0, 999, 0, 999, 999, 0, 0, 1, 2, 999, 0, 999, 0, 999, 0, 999, 999, 0, 0, 999, 0, 999, 0, 0, 0, 1, 2, 999, 999, 999, 0, 999, 999, 999, 999, 999, 999, 999, 999]
time : 42.23 (+0.02 = 0.00 + 0.02)

72th Add (Sname, S, D) : g[16], 16777216, 19
Dist : [0, 0, 0, 0, 0, 0, 0, 0, 0, 0, 0, 0, 0, 0, 0, 0, 0, 0, 0, 0, 0, 0, 0, 0, 0, 2, 0, 999, 999, 999, 999, 999, 0, 0, 999, 0, 999, 999, 0, 0, 1, 2, 999, 0, 999, 0, 999, 0, 999, 999, 0, 0, 999, 0, 999, 0, 0, 0, 1, 2, 999, 999, 999, 0, 999, 999, 999, 999, 999, 999, 999, 999]
time : 42.24 (+0.02 = 0.00 + 0.02)

73th Add (Sname, S, D) : g[25], 8589934592, 19
Dist : [0, 0, 0, 0, 0, 0, 0, 0, 0, 0, 0, 0, 0, 0, 0, 0, 0, 0, 0, 0, 0, 0, 0, 0, 0, 2, 0, 999, 999, 999, 999, 999, 0, 0, 999, 0, 999, 999, 0, 0, 1, 2, 999, 0, 999, 0, 999, 0, 999, 999, 0, 0, 999, 0, 999, 0, 0, 0, 1, 2, 999, 999, 999, 0, 999, 999, 999, 999, 999, 999, 999, 999]
time : 42.27 (+0.02 = 0.00 + 0.02)

74th Add (Sname, S, D) : t[49], 917504, 18
Dist : [0, 0, 0, 0, 0, 0, 0, 0, 0, 0, 0, 0, 0, 0, 0, 0, 0, 0, 0, 0, 0, 0, 0, 0, 0, 2, 0, 999, 999, 999, 999, 999, 0, 0, 999, 0, 999, 999, 0, 0, 0, 2, 999, 0, 999, 0, 999, 0, 999, 999, 0, 0, 999, 0, 999, 0, 0, 0, 0, 1, 999, 999, 999, 0, 999, 999, 999, 999, 999, 999, 999, 999]
time : 42.29 (+0.03 = 0.00 + 0.03)

75th Add (Sname, S, D) : t[50], 917648, 19
Dist : [0, 0, 0, 0, 0, 0, 0, 0, 0, 0, 0, 0, 0, 0, 0, 0, 0, 0, 0, 0, 0, 0, 0, 0, 0, 2, 0, 999, 999, 999, 999, 999, 0, 0, 999, 0, 999, 999, 0, 0, 0, 1, 999, 0, 999, 0, 999, 0, 999, 999, 0, 0, 999, 0, 999, 0, 0, 0, 0, 0, 999, 999, 999, 0, 999, 999, 999, 999, 999, 999, 999, 999]
time : 42.32 (+0.03 = 0.00 + 0.03)

76th Add (Sname, S, D) : g[29], 137438953472, 20
Dist : [0, 0, 0, 0, 0, 0, 0, 0, 0, 0, 0, 0, 0, 0, 0, 0, 0, 0, 0, 0, 0, 0, 0, 0, 0, 2, 0, 999, 999, 999, 999, 999, 0, 0, 999, 0, 999, 999, 0, 0, 0, 1, 999, 0, 999, 0, 999, 0, 999, 999, 0, 0, 999, 0, 999, 0, 0, 0, 0, 0, 999, 999, 999, 0, 999, 999, 999, 999, 999, 999, 999, 999]
time : 42.36 (+0.04 = 0.00 + 0.04)

77th Add (Sname, S, D) : t[51], 917582, 20
Dist : [0, 0, 0, 0, 0, 0, 0, 0, 0, 0, 0, 0, 0, 0, 0, 0, 0, 0, 0, 0, 0, 0, 0, 0, 0, 2, 0, 999, 999, 999, 999, 999, 0, 0, 999, 0, 999, 999, 0, 0, 0, 0, 999, 0, 999, 0, 999, 0, 999, 999, 0, 0, 999, 0, 999, 0, 0, 0, 0, 0, 999, 999, 999, 0, 999, 999, 999, 999, 999, 999, 999, 999]
time : 42.39 (+0.03 = 0.00 + 0.03)

78th Add (Sname, S, D) : g[20], 268435456, 21
Dist : [0, 0, 0, 0, 0, 0, 0, 0, 0, 0, 0, 0, 0, 0, 0, 0, 0, 0, 0, 0, 0, 0, 0, 0, 0, 2, 0, 999, 999, 999, 999, 999, 0, 0, 999, 0, 999, 999, 0, 0, 0, 0, 999, 0, 999, 0, 999, 0, 999, 999, 0, 0, 999, 0, 999, 0, 0, 0, 0, 0, 999, 999, 999, 0, 999, 999, 999, 999, 999, 999, 999, 999]
time : 42.42 (+0.03 = 0.00 + 0.03)

79th Add (Sname, S, D) : t[52], 223265, 14
Dist : [0, 0, 0, 0, 0, 0, 0, 0, 0, 0, 0, 0, 0, 0, 0, 0, 0, 0, 0, 0, 0, 0, 0, 0, 0, 1, 0, 999, 999, 999, 999, 999, 0, 0, 999, 0, 999, 999, 0, 0, 0, 0, 999, 0, 999, 0, 999, 0, 999, 999, 0, 0, 999, 0, 999, 0, 0, 0, 0, 0, 999, 999, 999, 0, 999, 999, 999, 999, 999, 999, 999, 999]
time : 77.41 (+34.99 = 0.00 + 34.95 + 0.00 + 0.00 + 0.04)

80th Add (Sname, S, D) : t[53], 587009, 18
Dist : [0, 0, 0, 0, 0, 0, 0, 0, 0, 0, 0, 0, 0, 0, 0, 0, 0, 0, 0, 0, 0, 0, 0, 0, 0, 0, 0, 999, 999, 999, 999, 999, 0, 0, 999, 0, 999, 999, 0, 0, 0, 0, 999, 0, 999, 0, 999, 0, 999, 999, 0, 0, 999, 0, 999, 0, 0, 0, 0, 0, 999, 999, 999, 0, 999, 999, 999, 999, 999, 999, 999, 999]
time : 77.45 (+0.04 = 0.00 + 0.04)

81th Add (Sname, S, D) : g[12], 1048576, 19
Dist : [0, 0, 0, 0, 0, 0, 0, 0, 0, 0, 0, 0, 0, 0, 0, 0, 0, 0, 0, 0, 0, 0, 0, 0, 0, 0, 0, 2, 2, 3, 1, 3, 0, 0, 999, 0, 999, 999, 0, 0, 0, 0, 999, 0, 999, 0, 3, 0, 1, 2, 0, 0, 999, 0, 999, 0, 0, 0, 0, 0, 999, 999, 999, 0, 999, 999, 999, 999, 999, 999, 999, 999]
time : 77.48 (+0.03 = 0.00 + 0.03)

82th Add (Sname, S, D) : t[54], 1179648, 20
Dist : [0, 0, 0, 0, 0, 0, 0, 0, 0, 0, 0, 0, 0, 0, 0, 0, 0, 0, 0, 0, 0, 0, 0, 0, 0, 0, 0, 2, 1, 2, 0, 2, 0, 0, 999, 0, 999, 999, 0, 0, 0, 0, 999, 0, 999, 0, 2, 0, 0, 1, 0, 0, 999, 0, 999, 0, 0, 0, 0, 0, 999, 999, 999, 0, 999, 999, 999, 999, 999, 999, 999, 999]
time : 77.52 (+0.04 = 0.00 + 0.04)

83th Add (Sname, S, D) : t[55], 1656208, 21
Dist : [0, 0, 0, 0, 0, 0, 0, 0, 0, 0, 0, 0, 0, 0, 0, 0, 0, 0, 0, 0, 0, 0, 0, 0, 0, 0, 0, 2, 0, 2, 0, 2, 0, 0, 999, 0, 999, 999, 0, 0, 0, 0, 999, 0, 999, 0, 2, 0, 0, 1, 0, 0, 999, 0, 999, 0, 0, 0, 0, 0, 999, 999, 999, 0, 999, 999, 999, 999, 999, 999, 999, 999]
time : 77.57 (+0.04 = 0.00 + 0.04)

84th Add (Sname, S, D) : t[56], 1179879, 21
Dist : [0, 0, 0, 0, 0, 0, 0, 0, 0, 0, 0, 0, 0, 0, 0, 0, 0, 0, 0, 0, 0, 0, 0, 0, 0, 0, 0, 2, 0, 2, 0, 1, 0, 0, 999, 0, 999, 999, 0, 0, 0, 0, 999, 0, 999, 0, 2, 0, 0, 0, 0, 0, 999, 0, 999, 0, 0, 0, 0, 0, 999, 999, 999, 0, 999, 999, 999, 999, 999, 999, 999, 999]
time : 77.62 (+0.05 = 0.00 + 0.05)

85th Add (Sname, S, D) : g[24], 4294967296, 22
Dist : [0, 0, 0, 0, 0, 0, 0, 0, 0, 0, 0, 0, 0, 0, 0, 0, 0, 0, 0, 0, 0, 0, 0, 0, 0, 0, 0, 2, 0, 2, 0, 1, 0, 0, 999, 0, 999, 999, 0, 0, 0, 0, 999, 0, 999, 0, 2, 0, 0, 0, 0, 0, 999, 0, 999, 0, 0, 0, 0, 0, 999, 999, 999, 0, 999, 999, 999, 999, 999, 999, 999, 999]
time : 77.66 (+0.04 = 0.00 + 0.04)

86th Add (Sname, S, D) : t[57], 1179803, 22
Dist : [0, 0, 0, 0, 0, 0, 0, 0, 0, 0, 0, 0, 0, 0, 0, 0, 0, 0, 0, 0, 0, 0, 0, 0, 0, 0, 0, 2, 0, 2, 0, 0, 0, 0, 999, 0, 999, 999, 0, 0, 0, 0, 999, 0, 999, 0, 2, 0, 0, 0, 0, 0, 999, 0, 999, 0, 0, 0, 0, 0, 999, 999, 999, 0, 999, 999, 999, 999, 999, 999, 999, 999]
time : 77.72 (+0.06 = 0.00 + 0.06)

87th Add (Sname, S, D) : g[15], 8388608, 23
Dist : [0, 0, 0, 0, 0, 0, 0, 0, 0, 0, 0, 0, 0, 0, 0, 0, 0, 0, 0, 0, 0, 0, 0, 0, 0, 0, 0, 2, 0, 2, 0, 0, 0, 0, 999, 0, 999, 999, 0, 0, 0, 0, 999, 0, 999, 0, 2, 0, 0, 0, 0, 0, 999, 0, 999, 0, 0, 0, 0, 0, 999, 999, 999, 0, 999, 999, 999, 999, 999, 999, 999, 999]
time : 77.79 (+0.08 = 0.00 + 0.08)

88th Add (Sname, S, D) : t[58], 667057, 16
Dist : [0, 0, 0, 0, 0, 0, 0, 0, 0, 0, 0, 0, 0, 0, 0, 0, 0, 0, 0, 0, 0, 0, 0, 0, 0, 0, 0, 1, 0, 2, 0, 0, 0, 0, 999, 0, 999, 999, 0, 0, 0, 0, 999, 0, 999, 0, 2, 0, 0, 0, 0, 0, 999, 0, 999, 0, 0, 0, 0, 0, 999, 999, 999, 0, 999, 999, 999, 999, 999, 999, 999, 999]
time : 145.47 (+67.68 = 0.01 + 67.62 + 0.00 + 0.00 + 0.05)

89th Add (Sname, S, D) : t[59], 1715633, 20
Dist : [0, 0, 0, 0, 0, 0, 0, 0, 0, 0, 0, 0, 0, 0, 0, 0, 0, 0, 0, 0, 0, 0, 0, 0, 0, 0, 0, 0, 0, 2, 0, 0, 0, 0, 999, 0, 999, 999, 0, 0, 0, 0, 999, 0, 999, 0, 2, 0, 0, 0, 0, 0, 999, 0, 999, 0, 0, 0, 0, 0, 999, 999, 999, 0, 999, 999, 999, 999, 999, 999, 999, 999]
time : 145.53 (+0.06 = 0.00 + 0.06)

90th Add (Sname, S, D) : g[13], 2097152, 21
Dist : [0, 0, 0, 0, 0, 0, 0, 0, 0, 0, 0, 0, 0, 0, 0, 0, 0, 0, 0, 0, 0, 0, 0, 0, 0, 0, 0, 0, 0, 2, 0, 0, 0, 0, 3, 0, 1, 2, 0, 0, 0, 0, 4, 0, 2, 0, 2, 0, 0, 0, 0, 0, 3, 0, 2, 0, 0, 0, 0, 0, 3, 4, 2, 0, 999, 999, 999, 999, 999, 999, 999, 999]
time : 145.58 (+0.05 = 0.00 + 0.05)

91th Add (Sname, S, D) : t[60], 2196994, 22
Dist : [0, 0, 0, 0, 0, 0, 0, 0, 0, 0, 0, 0, 0, 0, 0, 0, 0, 0, 0, 0, 0, 0, 0, 0, 0, 0, 0, 0, 0, 2, 0, 0, 0, 0, 3, 0, 0, 2, 0, 0, 0, 0, 4, 0, 2, 0, 2, 0, 0, 0, 0, 0, 3, 0, 2, 0, 0, 0, 0, 0, 3, 4, 2, 0, 999, 999, 999, 999, 999, 999, 999, 999]
time : 145.64 (+0.06 = 0.00 + 0.06)

92th Add (Sname, S, D) : t[61], 1017346, 19
Dist : [0, 0, 0, 0, 0, 0, 0, 0, 0, 0, 0, 0, 0, 0, 0, 0, 0, 0, 0, 0, 0, 0, 0, 0, 0, 0, 0, 0, 0, 2, 0, 0, 0, 0, 3, 0, 0, 2, 0, 0, 0, 0, 3, 0, 2, 0, 2, 0, 0, 0, 0, 0, 3, 0, 2, 0, 0, 0, 0, 0, 2, 3, 2, 0, 999, 999, 999, 999, 999, 999, 999, 999]
time : 235.47 (+89.84 = 0.01 + 89.76 + 0.00 + 0.00 + 0.07)

93th Add (Sname, S, D) : t[62], 1279490, 21
Dist : [0, 0, 0, 0, 0, 0, 0, 0, 0, 0, 0, 0, 0, 0, 0, 0, 0, 0, 0, 0, 0, 0, 0, 0, 0, 0, 0, 0, 0, 2, 0, 0, 0, 0, 3, 0, 0, 2, 0, 0, 0, 0, 3, 0, 1, 0, 2, 0, 0, 0, 0, 0, 3, 0, 2, 0, 0, 0, 0, 0, 2, 3, 1, 0, 999, 999, 999, 999, 999, 999, 999, 999]
time : 341.57 (+106.10 = 0.01 + 106.02 + 0.00 + 0.00 + 0.08)

94th Add (Sname, S, D) : t[63], 3376642, 22
Dist : [0, 0, 0, 0, 0, 0, 0, 0, 0, 0, 0, 0, 0, 0, 0, 0, 0, 0, 0, 0, 0, 0, 0, 0, 0, 0, 0, 0, 0, 2, 0, 0, 0, 0, 3, 0, 0, 2, 0, 0, 0, 0, 3, 0, 0, 0, 2, 0, 0, 0, 0, 0, 3, 0, 2, 0, 0, 0, 0, 0, 2, 3, 0, 0, 999, 999, 999, 999, 999, 999, 999, 999]
time : 341.65 (+0.08 = 0.00 + 0.08)

95th Add (Sname, S, D) : g[22], 1073741824, 23
Dist : [0, 0, 0, 0, 0, 0, 0, 0, 0, 0, 0, 0, 0, 0, 0, 0, 0, 0, 0, 0, 0, 0, 0, 0, 0, 0, 0, 0, 0, 2, 0, 0, 0, 0, 3, 0, 0, 2, 0, 0, 0, 0, 3, 0, 0, 0, 2, 0, 0, 0, 0, 0, 3, 0, 2, 0, 0, 0, 0, 0, 2, 3, 0, 0, 999, 999, 999, 999, 999, 999, 999, 999]
time : 341.72 (+0.07 = 0.00 + 0.07)

96th Add (Sname, S, D) : g[31], 549755813888, 23
Dist : [0, 0, 0, 0, 0, 0, 0, 0, 0, 0, 0, 0, 0, 0, 0, 0, 0, 0, 0, 0, 0, 0, 0, 0, 0, 0, 0, 0, 0, 2, 0, 0, 0, 0, 3, 0, 0, 2, 0, 0, 0, 0, 3, 0, 0, 0, 2, 0, 0, 0, 0, 0, 3, 0, 2, 0, 0, 0, 0, 0, 2, 3, 0, 0, 999, 999, 999, 999, 999, 999, 999, 999]
time : 341.81 (+0.09 = 0.00 + 0.09)

97th Add (Sname, S, D) : t[64], 99939, 12
Dist : [0, 0, 0, 0, 0, 0, 0, 0, 0, 0, 0, 0, 0, 0, 0, 0, 0, 0, 0, 0, 0, 0, 0, 0, 0, 0, 0, 0, 0, 2, 0, 0, 0, 0, 2, 0, 0, 1, 0, 0, 0, 0, 3, 0, 0, 0, 2, 0, 0, 0, 0, 0, 3, 0, 2, 0, 0, 0, 0, 0, 2, 3, 0, 0, 999, 999, 999, 999, 999, 999, 999, 999]
time : 485.01 (+143.20 = 0.01 + 143.09 + 0.00 + 0.00 + 0.10)

98th Add (Sname, S, D) : t[65], 2197091, 22
Dist : [0, 0, 0, 0, 0, 0, 0, 0, 0, 0, 0, 0, 0, 0, 0, 0, 0, 0, 0, 0, 0, 0, 0, 0, 0, 0, 0, 0, 0, 2, 0, 0, 0, 0, 2, 0, 0, 0, 0, 0, 0, 0, 3, 0, 0, 0, 2, 0, 0, 0, 0, 0, 3, 0, 2, 0, 0, 0, 0, 0, 2, 3, 0, 0, 999, 999, 999, 999, 999, 999, 999, 999]
time : 485.11 (+0.11 = 0.00 + 0.11)

99th Add (Sname, S, D) : g[18], 67108864, 23
Dist : [0, 0, 0, 0, 0, 0, 0, 0, 0, 0, 0, 0, 0, 0, 0, 0, 0, 0, 0, 0, 0, 0, 0, 0, 0, 0, 0, 0, 0, 2, 0, 0, 0, 0, 2, 0, 0, 0, 0, 0, 0, 0, 3, 0, 0, 0, 2, 0, 0, 0, 0, 0, 3, 0, 2, 0, 0, 0, 0, 0, 2, 3, 0, 0, 999, 999, 999, 999, 999, 999, 999, 999]
time : 485.21 (+0.10 = 0.00 + 0.10)

100th Add (Sname, S, D) : t[66], 312252, 18
Dist : [0, 0, 0, 0, 0, 0, 0, 0, 0, 0, 0, 0, 0, 0, 0, 0, 0, 0, 0, 0, 0, 0, 0, 0, 0, 0, 0, 0, 0, 2, 0, 0, 0, 0, 1, 0, 0, 0, 0, 0, 0, 0, 3, 0, 0, 0, 2, 0, 0, 0, 0, 0, 2, 0, 2, 0, 0, 0, 0, 0, 2, 3, 0, 0, 999, 999, 999, 999, 999, 999, 999, 999]
time : 659.58 (+174.37 = 0.01 + 174.25 + 0.00 + 0.00 + 0.11)

101th Add (Sname, S, D) : t[67], 2409404, 22
Dist : [0, 0, 0, 0, 0, 0, 0, 0, 0, 0, 0, 0, 0, 0, 0, 0, 0, 0, 0, 0, 0, 0, 0, 0, 0, 0, 0, 0, 0, 2, 0, 0, 0, 0, 0, 0, 0, 0, 0, 0, 0, 0, 3, 0, 0, 0, 2, 0, 0, 0, 0, 0, 2, 0, 2, 0, 0, 0, 0, 0, 2, 3, 0, 0, 999, 999, 999, 999, 999, 999, 999, 999]
time : 659.78 (+0.20 = 0.00 + 0.20)

102th Add (Sname, S, D) : g[17], 33554432, 23
Dist : [0, 0, 0, 0, 0, 0, 0, 0, 0, 0, 0, 0, 0, 0, 0, 0, 0, 0, 0, 0, 0, 0, 0, 0, 0, 0, 0, 0, 0, 2, 0, 0, 0, 0, 0, 0, 0, 0, 0, 0, 0, 0, 3, 0, 0, 0, 2, 0, 0, 0, 0, 0, 2, 0, 2, 0, 0, 0, 0, 0, 2, 3, 0, 0, 999, 999, 999, 999, 999, 999, 999, 999]
time : 659.87 (+0.09 = 0.00 + 0.09)

103th Add (Sname, S, D) : t[68], 1934850, 21
Dist : [0, 0, 0, 0, 0, 0, 0, 0, 0, 0, 0, 0, 0, 0, 0, 0, 0, 0, 0, 0, 0, 0, 0, 0, 0, 0, 0, 0, 0, 2, 0, 0, 0, 0, 0, 0, 0, 0, 0, 0, 0, 0, 3, 0, 0, 0, 2, 0, 0, 0, 0, 0, 2, 0, 2, 0, 0, 0, 0, 0, 1, 3, 0, 0, 999, 999, 999, 999, 999, 999, 999, 999]
time : 861.36 (+201.49 = 0.01 + 201.38 + 0.00 + 0.00 + 0.11)

104th Add (Sname, S, D) : t[69], 4032002, 22
Dist : [0, 0, 0, 0, 0, 0, 0, 0, 0, 0, 0, 0, 0, 0, 0, 0, 0, 0, 0, 0, 0, 0, 0, 0, 0, 0, 0, 0, 0, 2, 0, 0, 0, 0, 0, 0, 0, 0, 0, 0, 0, 0, 3, 0, 0, 0, 2, 0, 0, 0, 0, 0, 2, 0, 2, 0, 0, 0, 0, 0, 0, 3, 0, 0, 999, 999, 999, 999, 999, 999, 999, 999]
time : 861.47 (+0.11 = 0.00 + 0.11)

105th Add (Sname, S, D) : t[70], 312080, 19
Dist : [0, 0, 0, 0, 0, 0, 0, 0, 0, 0, 0, 0, 0, 0, 0, 0, 0, 0, 0, 0, 0, 0, 0, 0, 0, 0, 0, 0, 0, 2, 0, 0, 0, 0, 0, 0, 0, 0, 0, 0, 0, 0, 3, 0, 0, 0, 2, 0, 0, 0, 0, 0, 1, 0, 2, 0, 0, 0, 0, 0, 0, 3, 0, 0, 999, 999, 999, 999, 999, 999, 999, 999]
time : 1085.56 (+224.09 = 0.01 + 223.96 + 0.00 + 0.00 + 0.12)

106th Add (Sname, S, D) : t[71], 2409232, 22
Dist : [0, 0, 0, 0, 0, 0, 0, 0, 0, 0, 0, 0, 0, 0, 0, 0, 0, 0, 0, 0, 0, 0, 0, 0, 0, 0, 0, 0, 0, 2, 0, 0, 0, 0, 0, 0, 0, 0, 0, 0, 0, 0, 3, 0, 0, 0, 2, 0, 0, 0, 0, 0, 0, 0, 2, 0, 0, 0, 0, 0, 0, 3, 0, 0, 999, 999, 999, 999, 999, 999, 999, 999]
time : 1085.69 (+0.13 = 0.00 + 0.13)

107th Add (Sname, S, D) : g[26], 17179869184, 23
Dist : [0, 0, 0, 0, 0, 0, 0, 0, 0, 0, 0, 0, 0, 0, 0, 0, 0, 0, 0, 0, 0, 0, 0, 0, 0, 0, 0, 0, 0, 2, 0, 0, 0, 0, 0, 0, 0, 0, 0, 0, 0, 0, 3, 0, 0, 0, 2, 0, 0, 0, 0, 0, 0, 0, 2, 0, 0, 0, 0, 0, 0, 3, 0, 0, 999, 999, 999, 999, 999, 999, 999, 999]
time : 1085.82 (+0.12 = 0.00 + 0.12)

108th Add (Sname, S, D) : t[72], 738570, 19
Dist : [0, 0, 0, 0, 0, 0, 0, 0, 0, 0, 0, 0, 0, 0, 0, 0, 0, 0, 0, 0, 0, 0, 0, 0, 0, 0, 0, 0, 0, 1, 0, 0, 0, 0, 0, 0, 0, 0, 0, 0, 0, 0, 3, 0, 0, 0, 2, 0, 0, 0, 0, 0, 0, 0, 2, 0, 0, 0, 0, 0, 0, 3, 0, 0, 999, 999, 999, 999, 999, 999, 999, 999]
time : 1351.38 (+265.56 = 0.01 + 265.41 + 0.00 + 0.00 + 0.14)

109th Add (Sname, S, D) : t[73], 1656074, 21
Dist : [0, 0, 0, 0, 0, 0, 0, 0, 0, 0, 0, 0, 0, 0, 0, 0, 0, 0, 0, 0, 0, 0, 0, 0, 0, 0, 0, 0, 0, 0, 0, 0, 0, 0, 0, 0, 0, 0, 0, 0, 0, 0, 3, 0, 0, 0, 2, 0, 0, 0, 0, 0, 0, 0, 2, 0, 0, 0, 0, 0, 0, 3, 0, 0, 999, 999, 999, 999, 999, 999, 999, 999]
time : 1351.52 (+0.14 = 0.00 + 0.14)

110th Add (Sname, S, D) : g[14], 4194304, 22
Dist : [0, 0, 0, 0, 0, 0, 0, 0, 0, 0, 0, 0, 0, 0, 0, 0, 0, 0, 0, 0, 0, 0, 0, 0, 0, 0, 0, 0, 0, 0, 0, 0, 0, 0, 0, 0, 0, 0, 0, 0, 0, 0, 3, 0, 0, 0, 2, 0, 0, 0, 0, 0, 0, 0, 2, 0, 0, 0, 0, 0, 0, 3, 0, 0, 999, 999, 999, 999, 999, 999, 999, 999]
time : 1354.64 (+3.12 = 0.00 + 3.12)

111th Add (Sname, S, D) : t[74], 738566, 19
Dist : [0, 0, 0, 0, 0, 0, 0, 0, 0, 0, 0, 0, 0, 0, 0, 0, 0, 0, 0, 0, 0, 0, 0, 0, 0, 0, 0, 0, 0, 0, 0, 0, 0, 0, 0, 0, 0, 0, 0, 0, 0, 0, 3, 0, 0, 0, 1, 0, 0, 0, 0, 0, 0, 0, 2, 0, 0, 0, 0, 0, 0, 3, 0, 0, 999, 999, 999, 999, 999, 999, 999, 999]
time : 1663.54 (+308.91 = 0.01 + 305.64 + 0.00 + 0.00 + 3.26)

112th Add (Sname, S, D) : t[75], 1656070, 21
Dist : [0, 0, 0, 0, 0, 0, 0, 0, 0, 0, 0, 0, 0, 0, 0, 0, 0, 0, 0, 0, 0, 0, 0, 0, 0, 0, 0, 0, 0, 0, 0, 0, 0, 0, 0, 0, 0, 0, 0, 0, 0, 0, 3, 0, 0, 0, 0, 0, 0, 0, 0, 0, 0, 0, 2, 0, 0, 0, 0, 0, 0, 3, 0, 0, 999, 999, 999, 999, 999, 999, 999, 999]
time : 1667.02 (+3.47 = 0.00 + 3.47)

113th Add (Sname, S, D) : g[23], 2147483648, 22
Dist : [0, 0, 0, 0, 0, 0, 0, 0, 0, 0, 0, 0, 0, 0, 0, 0, 0, 0, 0, 0, 0, 0, 0, 0, 0, 0, 0, 0, 0, 0, 0, 0, 0, 0, 0, 0, 0, 0, 0, 0, 0, 0, 3, 0, 0, 0, 0, 0, 0, 0, 0, 0, 0, 0, 2, 0, 0, 0, 0, 0, 0, 3, 0, 0, 999, 999, 999, 999, 999, 999, 999, 999]
time : 1670.62 (+3.60 = 0.00 + 3.60)

114th Add (Sname, S, D) : t[76], 99937, 12
Dist : [0, 0, 0, 0, 0, 0, 0, 0, 0, 0, 0, 0, 0, 0, 0, 0, 0, 0, 0, 0, 0, 0, 0, 0, 0, 0, 0, 0, 0, 0, 0, 0, 0, 0, 0, 0, 0, 0, 0, 0, 0, 0, 3, 0, 0, 0, 0, 0, 0, 0, 0, 0, 0, 0, 1, 0, 0, 0, 0, 0, 0, 3, 0, 0, 999, 999, 999, 999, 999, 999, 999, 999]
time : 2034.20 (+363.59 = 0.01 + 359.78 + 0.00 + 0.00 + 3.80)

115th Add (Sname, S, D) : t[77], 2197089, 22
Dist : [0, 0, 0, 0, 0, 0, 0, 0, 0, 0, 0, 0, 0, 0, 0, 0, 0, 0, 0, 0, 0, 0, 0, 0, 0, 0, 0, 0, 0, 0, 0, 0, 0, 0, 0, 0, 0, 0, 0, 0, 0, 0, 3, 0, 0, 0, 0, 0, 0, 0, 0, 0, 0, 0, 0, 0, 0, 0, 0, 0, 0, 3, 0, 0, 999, 999, 999, 999, 999, 999, 999, 999]
time : 2038.09 (+3.89 = 0.00 + 3.89)

116th Add (Sname, S, D) : g[27], 34359738368, 23
Dist : [0, 0, 0, 0, 0, 0, 0, 0, 0, 0, 0, 0, 0, 0, 0, 0, 0, 0, 0, 0, 0, 0, 0, 0, 0, 0, 0, 0, 0, 0, 0, 0, 0, 0, 0, 0, 0, 0, 0, 0, 0, 0, 3, 0, 0, 0, 0, 0, 0, 0, 0, 0, 0, 0, 0, 0, 0, 0, 0, 0, 0, 3, 0, 0, 999, 999, 999, 999, 999, 999, 999, 999]
time : 2042.14 (+4.05 = 0.00 + 4.05)

117th Add (Sname, S, D) : t[78], 1017366, 20
Dist : [0, 0, 0, 0, 0, 0, 0, 0, 0, 0, 0, 0, 0, 0, 0, 0, 0, 0, 0, 0, 0, 0, 0, 0, 0, 0, 0, 0, 0, 0, 0, 0, 0, 0, 0, 0, 0, 0, 0, 0, 0, 0, 3, 0, 0, 0, 0, 0, 0, 0, 0, 0, 0, 0, 0, 0, 0, 0, 0, 0, 0, 2, 0, 0, 999, 999, 999, 999, 999, 999, 999, 999]
time : 2498.81 (+456.67 = 0.01 + 452.32 + 0.00 + 0.00 + 4.34)

118th Add (Sname, S, D) : t[79], 1934870, 21
Dist : [0, 0, 0, 0, 0, 0, 0, 0, 0, 0, 0, 0, 0, 0, 0, 0, 0, 0, 0, 0, 0, 0, 0, 0, 0, 0, 0, 0, 0, 0, 0, 0, 0, 0, 0, 0, 0, 0, 0, 0, 0, 0, 3, 0, 0, 0, 0, 0, 0, 0, 0, 0, 0, 0, 0, 0, 0, 0, 0, 0, 0, 1, 0, 0, 999, 999, 999, 999, 999, 999, 999, 999]
time : 2974.20 (+475.39 = 0.01 + 470.96 + 0.00 + 0.00 + 4.41)

119th Add (Sname, S, D) : t[80], 4032022, 22
Dist : [0, 0, 0, 0, 0, 0, 0, 0, 0, 0, 0, 0, 0, 0, 0, 0, 0, 0, 0, 0, 0, 0, 0, 0, 0, 0, 0, 0, 0, 0, 0, 0, 0, 0, 0, 0, 0, 0, 0, 0, 0, 0, 3, 0, 0, 0, 0, 0, 0, 0, 0, 0, 0, 0, 0, 0, 0, 0, 0, 0, 0, 0, 0, 0, 999, 999, 999, 999, 999, 999, 999, 999]
time : 2978.82 (+4.63 = 0.00 + 4.63)

120th Add (Sname, S, D) : g[30], 274877906944, 23
Dist : [0, 0, 0, 0, 0, 0, 0, 0, 0, 0, 0, 0, 0, 0, 0, 0, 0, 0, 0, 0, 0, 0, 0, 0, 0, 0, 0, 0, 0, 0, 0, 0, 0, 0, 0, 0, 0, 0, 0, 0, 0, 0, 3, 0, 0, 0, 0, 0, 0, 0, 0, 0, 0, 0, 0, 0, 0, 0, 0, 0, 0, 0, 0, 0, 999, 999, 999, 999, 999, 999, 999, 999]
time : 2994.58 (+15.76 = 0.00 + 15.76)

121th Add (Sname, S, D) : t[81], 1017526, 20
Dist : [0, 0, 0, 0, 0, 0, 0, 0, 0, 0, 0, 0, 0, 0, 0, 0, 0, 0, 0, 0, 0, 0, 0, 0, 0, 0, 0, 0, 0, 0, 0, 0, 0, 0, 0, 0, 0, 0, 0, 0, 0, 0, 2, 0, 0, 0, 0, 0, 0, 0, 0, 0, 0, 0, 0, 0, 0, 0, 0, 0, 0, 0, 0, 0, 999, 999, 999, 999, 999, 999, 999, 999]
time : 3500.42 (+505.84 = 0.01 + 490.06 + 0.00 + 0.00 + 15.76)

122th Add (Sname, S, D) : t[82], 1935030, 21
Dist : [0, 0, 0, 0, 0, 0, 0, 0, 0, 0, 0, 0, 0, 0, 0, 0, 0, 0, 0, 0, 0, 0, 0, 0, 0, 0, 0, 0, 0, 0, 0, 0, 0, 0, 0, 0, 0, 0, 0, 0, 0, 0, 1, 0, 0, 0, 0, 0, 0, 0, 0, 0, 0, 0, 0, 0, 0, 0, 0, 0, 0, 0, 0, 0, 999, 999, 999, 999, 999, 999, 999, 999]
time : 4039.99 (+539.56 = 0.01 + 523.07 + 0.00 + 0.00 + 16.48)

123th Add (Sname, S, D) : t[83], 4032182, 22
Dist : [0, 0, 0, 0, 0, 0, 0, 0, 0, 0, 0, 0, 0, 0, 0, 0, 0, 0, 0, 0, 0, 0, 0, 0, 0, 0, 0, 0, 0, 0, 0, 0, 0, 0, 0, 0, 0, 0, 0, 0, 0, 0, 0, 0, 0, 0, 0, 0, 0, 0, 0, 0, 0, 0, 0, 0, 0, 0, 0, 0, 0, 0, 0, 0, 999, 999, 999, 999, 999, 999, 999, 999]
time : 4056.81 (+16.82 = 0.00 + 16.82)

124th Add (Sname, S, D) : g[21], 536870912, 23
Dist : [0, 0, 0, 0, 0, 0, 0, 0, 0, 0, 0, 0, 0, 0, 0, 0, 0, 0, 0, 0, 0, 0, 0, 0, 0, 0, 0, 0, 0, 0, 0, 0, 0, 0, 0, 0, 0, 0, 0, 0, 0, 0, 0, 0, 0, 0, 0, 0, 0, 0, 0, 0, 0, 0, 0, 0, 0, 0, 0, 0, 0, 0, 0, 0, 999, 999, 999, 999, 999, 999, 999, 999]
time : 4091.67 (+34.87 = 0.00 + 34.87)

125th Add (Sname, S, D) : t[84], 3, 1
Dist : [0, 0, 0, 0, 0, 0, 0, 0, 0, 0, 0, 0, 0, 0, 0, 0, 0, 0, 0, 0, 0, 0, 0, 0, 0, 0, 0, 0, 0, 0, 0, 0, 0, 0, 0, 0, 0, 0, 0, 0, 0, 0, 0, 0, 0, 0, 0, 0, 0, 0, 0, 0, 0, 0, 0, 0, 0, 0, 0, 0, 0, 0, 0, 0, 999, 999, 999, 999, 999, 999, 999, 999]
time : 4128.12 (+36.45 = 0.00 + 36.45)

126th Add (Sname, S, D) : t[85], 136, 1
Dist : [0, 0, 0, 0, 0, 0, 0, 0, 0, 0, 0, 0, 0, 0, 0, 0, 0, 0, 0, 0, 0, 0, 0, 0, 0, 0, 0, 0, 0, 0, 0, 0, 0, 0, 0, 0, 0, 0, 0, 0, 0, 0, 0, 0, 0, 0, 0, 0, 0, 0, 0, 0, 0, 0, 0, 0, 0, 0, 0, 0, 0, 0, 0, 0, 999, 999, 999, 999, 999, 999, 999, 999]
time : 4166.22 (+38.10 = 0.00 + 38.10)

127th Add (Sname, S, D) : t[86], 139, 2
Dist : [0, 0, 0, 0, 0, 0, 0, 0, 0, 0, 0, 0, 0, 0, 0, 0, 0, 0, 0, 0, 0, 0, 0, 0, 0, 0, 0, 0, 0, 0, 0, 0, 0, 0, 0, 0, 0, 0, 0, 0, 0, 0, 0, 0, 0, 0, 0, 0, 0, 0, 0, 0, 0, 0, 0, 0, 0, 0, 0, 0, 0, 0, 0, 0, 999, 999, 999, 999, 999, 999, 999, 999]
time : 4204.64 (+38.42 = 0.00 + 38.42)

128th Add (Sname, S, D) : t[87], 134217867, 19
Dist : [0, 0, 0, 0, 0, 0, 0, 0, 0, 0, 0, 0, 0, 0, 0, 0, 0, 0, 0, 0, 0, 0, 0, 0, 0, 0, 0, 0, 0, 0, 0, 0, 0, 0, 0, 0, 0, 0, 0, 0, 0, 0, 0, 0, 0, 0, 0, 0, 0, 0, 0, 0, 0, 0, 0, 0, 0, 0, 0, 0, 0, 0, 0, 0, 7, 999, 999, 999, 999, 999, 999, 999]
time : 4244.57 (+39.93 = 0.00 + 39.93)

129th Add (Sname, S, D) : t[88], 275012124811, 24
Dist : [0, 0, 0, 0, 0, 0, 0, 0, 0, 0, 0, 0, 0, 0, 0, 0, 0, 0, 0, 0, 0, 0, 0, 0, 0, 0, 0, 0, 0, 0, 0, 0, 0, 0, 0, 0, 0, 0, 0, 0, 0, 0, 0, 0, 0, 0, 0, 0, 0, 0, 0, 0, 0, 0, 0, 0, 0, 0, 0, 0, 0, 0, 0, 0, 6, 999, 999, 999, 999, 999, 999, 999]
time : 6677.77 (+2433.20 = 0.01 + 2372.30 + 0.00 + 0.00 + 60.89)

130th Add (Sname, S, D) : t[89], 275016319115, 25
Dist : [0, 0, 0, 0, 0, 0, 0, 0, 0, 0, 0, 0, 0, 0, 0, 0, 0, 0, 0, 0, 0, 0, 0, 0, 0, 0, 0, 0, 0, 0, 0, 0, 0, 0, 0, 0, 0, 0, 0, 0, 0, 0, 0, 0, 0, 0, 0, 0, 0, 0, 0, 0, 0, 0, 0, 0, 0, 0, 0, 0, 0, 0, 0, 0, 5, 999, 999, 999, 999, 999, 999, 999]
time : 7500.46 (+822.68 = 0.02 + 761.43 + 0.00 + 0.00 + 61.23)

131th Add (Sname, S, D) : t[90], 34393292800, 24
Dist : [0, 0, 0, 0, 0, 0, 0, 0, 0, 0, 0, 0, 0, 0, 0, 0, 0, 0, 0, 0, 0, 0, 0, 0, 0, 0, 0, 0, 0, 0, 0, 0, 0, 0, 0, 0, 0, 0, 0, 0, 0, 0, 0, 0, 0, 0, 0, 0, 0, 0, 0, 0, 0, 0, 0, 0, 0, 0, 0, 0, 0, 0, 0, 0, 4, 999, 999, 999, 999, 999, 999, 999]
time : 8268.37 (+767.91 = 0.02 + 703.99 + 0.00 + 0.00 + 63.91)

132th Add (Sname, S, D) : t[91], 137455730688, 21
Dist : [0, 0, 0, 0, 0, 0, 0, 0, 0, 0, 0, 0, 0, 0, 0, 0, 0, 0, 0, 0, 0, 0, 0, 0, 0, 0, 0, 0, 0, 0, 0, 0, 0, 0, 0, 0, 0, 0, 0, 0, 0, 0, 0, 0, 0, 0, 0, 0, 0, 0, 0, 0, 0, 0, 0, 0, 0, 0, 0, 0, 0, 0, 0, 0, 3, 999, 999, 999, 999, 999, 999, 999]
time : 9123.05 (+854.68 = 0.02 + 787.87 + 0.00 + 0.00 + 66.79)

133th Add (Sname, S, D) : t[92], 154635599872, 24
Dist : [0, 0, 0, 0, 0, 0, 0, 0, 0, 0, 0, 0, 0, 0, 0, 0, 0, 0, 0, 0, 0, 0, 0, 0, 0, 0, 0, 0, 0, 0, 0, 0, 0, 0, 0, 0, 0, 0, 0, 0, 0, 0, 0, 0, 0, 0, 0, 0, 0, 0, 0, 0, 0, 0, 0, 0, 0, 0, 0, 0, 0, 0, 0, 0, 2, 999, 999, 999, 999, 7, 999, 999]
time : 10018.20 (+895.15 = 0.02 + 836.46 + 0.00 + 0.00 + 58.67)

134th Add (Sname, S, D) : t[93], 189028892672, 25
Dist : [0, 0, 0, 0, 0, 0, 0, 0, 0, 0, 0, 0, 0, 0, 0, 0, 0, 0, 0, 0, 0, 0, 0, 0, 0, 0, 0, 0, 0, 0, 0, 0, 0, 0, 0, 0, 0, 0, 0, 0, 0, 0, 0, 0, 0, 0, 0, 0, 0, 0, 0, 0, 0, 0, 0, 0, 0, 0, 0, 0, 0, 0, 0, 0, 1, 999, 999, 999, 999, 7, 999, 999]
time : 12902.98 (+2884.78 = 0.02 + 2824.10 + 0.00 + 0.00 + 60.66)

135th Add (Sname, S, D) : t[94], 464045211787, 26
Dist : [0, 0, 0, 0, 0, 0, 0, 0, 0, 0, 0, 0, 0, 0, 0, 0, 0, 0, 0, 0, 0, 0, 0, 0, 0, 0, 0, 0, 0, 0, 0, 0, 0, 0, 0, 0, 0, 0, 0, 0, 0, 0, 0, 0, 0, 0, 0, 0, 0, 0, 0, 0, 0, 0, 0, 0, 0, 0, 0, 0, 0, 0, 0, 0, 0, 999, 999, 999, 999, 7, 999, 999]
time : 12964.57 (+61.59 = 0.00 + 61.59)

136th Add (Sname, S, D) : t[95], 704391413760, 25
Dist : [0, 0, 0, 0, 0, 0, 0, 0, 0, 0, 0, 0, 0, 0, 0, 0, 0, 0, 0, 0, 0, 0, 0, 0, 0, 0, 0, 0, 0, 0, 0, 0, 0, 0, 0, 0, 0, 0, 0, 0, 0, 0, 0, 0, 0, 0, 0, 0, 0, 0, 0, 0, 0, 0, 0, 0, 0, 0, 0, 0, 0, 0, 0, 0, 0, 999, 999, 999, 999, 6, 999, 999]
time : 15968.77 (+3004.20 = 0.02 + 2941.94 + 0.00 + 0.00 + 62.24)

137th Add (Sname, S, D) : t[96], 1077936128, 24
Dist : [0, 0, 0, 0, 0, 0, 0, 0, 0, 0, 0, 0, 0, 0, 0, 0, 0, 0, 0, 0, 0, 0, 0, 0, 0, 0, 0, 0, 0, 0, 0, 0, 0, 0, 0, 0, 0, 0, 0, 0, 0, 0, 0, 0, 0, 0, 0, 0, 0, 0, 0, 0, 0, 0, 0, 0, 0, 0, 0, 0, 0, 0, 0, 0, 0, 999, 999, 999, 999, 5, 999, 999]
time : 17122.59 (+1153.82 = 0.02 + 1087.96 + 0.00 + 0.00 + 65.84)

138th Add (Sname, S, D) : t[97], 269615335, 22
Dist : [0, 0, 0, 0, 0, 0, 0, 0, 0, 0, 0, 0, 0, 0, 0, 0, 0, 0, 0, 0, 0, 0, 0, 0, 0, 0, 0, 0, 0, 0, 0, 0, 0, 0, 0, 0, 0, 0, 0, 0, 0, 0, 0, 0, 0, 0, 0, 0, 0, 0, 0, 0, 0, 0, 0, 0, 0, 0, 0, 0, 0, 0, 0, 0, 0, 999, 999, 999, 999, 4, 999, 999]
time : 18226.29 (+1103.70 = 0.02 + 1037.74 + 0.00 + 0.00 + 65.95)

139th Add (Sname, S, D) : t[98], 68989092071, 23
Dist : [0, 0, 0, 0, 0, 0, 0, 0, 0, 0, 0, 0, 0, 0, 0, 0, 0, 0, 0, 0, 0, 0, 0, 0, 0, 0, 0, 0, 0, 0, 0, 0, 0, 0, 0, 0, 0, 0, 0, 0, 0, 0, 0, 0, 0, 0, 0, 0, 0, 0, 0, 0, 0, 0, 0, 0, 0, 0, 0, 0, 0, 0, 0, 0, 0, 999, 999, 999, 999, 3, 999, 999]
time : 19392.25 (+1165.96 = 0.02 + 1097.51 + 0.00 + 0.00 + 68.43)

140th Add (Sname, S, D) : t[99], 68989092087, 24
Dist : [0, 0, 0, 0, 0, 0, 0, 0, 0, 0, 0, 0, 0, 0, 0, 0, 0, 0, 0, 0, 0, 0, 0, 0, 0, 0, 0, 0, 0, 0, 0, 0, 0, 0, 0, 0, 0, 0, 0, 0, 0, 0, 0, 0, 0, 0, 0, 0, 0, 0, 0, 0, 0, 0, 0, 0, 0, 0, 0, 0, 0, 0, 0, 0, 0, 999, 999, 999, 999, 2, 999, 999]
time : 20629.97 (+1237.72 = 0.02 + 1175.94 + 0.00 + 0.00 + 61.77)

141th Add (Sname, S, D) : t[100], 70067028215, 25
Dist : [0, 0, 0, 0, 0, 0, 0, 0, 0, 0, 0, 0, 0, 0, 0, 0, 0, 0, 0, 0, 0, 0, 0, 0, 0, 0, 0, 0, 0, 0, 0, 0, 0, 0, 0, 0, 0, 0, 0, 0, 0, 0, 0, 0, 0, 0, 0, 0, 0, 0, 0, 0, 0, 0, 0, 0, 0, 0, 0, 0, 0, 0, 0, 0, 0, 999, 999, 999, 999, 1, 999, 999]
time : 21982.01 (+1352.04 = 0.02 + 1288.60 + 0.00 + 0.00 + 63.42)

142th Add (Sname, S, D) : t[101], 774458441975, 26
Dist : [0, 0, 0, 0, 0, 0, 0, 0, 0, 0, 0, 0, 0, 0, 0, 0, 0, 0, 0, 0, 0, 0, 0, 0, 0, 0, 0, 0, 0, 0, 0, 0, 0, 0, 0, 0, 0, 0, 0, 0, 0, 0, 0, 0, 0, 0, 0, 0, 0, 0, 0, 0, 0, 0, 0, 0, 0, 0, 0, 0, 0, 0, 0, 0, 0, 999, 999, 999, 999, 0, 999, 999]
time : 22046.33 (+64.33 = 0.00 + 64.33)

143th Add (Sname, S, D) : t[102], 96, 1
Dist : [0, 0, 0, 0, 0, 0, 0, 0, 0, 0, 0, 0, 0, 0, 0, 0, 0, 0, 0, 0, 0, 0, 0, 0, 0, 0, 0, 0, 0, 0, 0, 0, 0, 0, 0, 0, 0, 0, 0, 0, 0, 0, 0, 0, 0, 0, 0, 0, 0, 0, 0, 0, 0, 0, 0, 0, 0, 0, 0, 0, 0, 0, 0, 0, 0, 999, 999, 999, 999, 0, 999, 999]
time : 22113.04 (+66.71 = 0.00 + 66.70)

144th Add (Sname, S, D) : t[103], 224, 2
Dist : [0, 0, 0, 0, 0, 0, 0, 0, 0, 0, 0, 0, 0, 0, 0, 0, 0, 0, 0, 0, 0, 0, 0, 0, 0, 0, 0, 0, 0, 0, 0, 0, 0, 0, 0, 0, 0, 0, 0, 0, 0, 0, 0, 0, 0, 0, 0, 0, 0, 0, 0, 0, 0, 0, 0, 0, 0, 0, 0, 0, 0, 0, 0, 0, 0, 999, 999, 999, 999, 0, 999, 999]
time : 22180.79 (+67.76 = 0.00 + 67.76)

145th Add (Sname, S, D) : t[104], 1248, 5
Dist : [0, 0, 0, 0, 0, 0, 0, 0, 0, 0, 0, 0, 0, 0, 0, 0, 0, 0, 0, 0, 0, 0, 0, 0, 0, 0, 0, 0, 0, 0, 0, 0, 0, 0, 0, 0, 0, 0, 0, 0, 0, 0, 0, 0, 0, 0, 0, 0, 0, 0, 0, 0, 0, 0, 0, 0, 0, 0, 0, 0, 0, 0, 0, 0, 0, 999, 999, 999, 999, 0, 999, 999]
time : 22252.46 (+71.67 = 0.00 + 71.67)

146th Add (Sname, S, D) : t[105], 16640, 6
Dist : [0, 0, 0, 0, 0, 0, 0, 0, 0, 0, 0, 0, 0, 0, 0, 0, 0, 0, 0, 0, 0, 0, 0, 0, 0, 0, 0, 0, 0, 0, 0, 0, 0, 0, 0, 0, 0, 0, 0, 0, 0, 0, 0, 0, 0, 0, 0, 0, 0, 0, 0, 0, 0, 0, 0, 0, 0, 0, 0, 0, 0, 0, 0, 0, 0, 999, 999, 999, 999, 0, 999, 999]
time : 22328.62 (+76.15 = 0.00 + 76.15)

147th Add (Sname, S, D) : t[106], 66784, 6
Dist : [0, 0, 0, 0, 0, 0, 0, 0, 0, 0, 0, 0, 0, 0, 0, 0, 0, 0, 0, 0, 0, 0, 0, 0, 0, 0, 0, 0, 0, 0, 0, 0, 0, 0, 0, 0, 0, 0, 0, 0, 0, 0, 0, 0, 0, 0, 0, 0, 0, 0, 0, 0, 0, 0, 0, 0, 0, 0, 0, 0, 0, 0, 0, 0, 0, 999, 999, 999, 999, 0, 999, 999]
time : 22404.51 (+75.89 = 0.00 + 75.89)

148th Add (Sname, S, D) : t[107], 83424, 7
Dist : [0, 0, 0, 0, 0, 0, 0, 0, 0, 0, 0, 0, 0, 0, 0, 0, 0, 0, 0, 0, 0, 0, 0, 0, 0, 0, 0, 0, 0, 0, 0, 0, 0, 0, 0, 0, 0, 0, 0, 0, 0, 0, 0, 0, 0, 0, 0, 0, 0, 0, 0, 0, 0, 0, 0, 0, 0, 0, 0, 0, 0, 0, 0, 0, 0, 999, 999, 999, 999, 0, 999, 999]
time : 22482.99 (+78.48 = 0.00 + 78.48)

149th Add (Sname, S, D) : t[108], 607712, 16
Dist : [0, 0, 0, 0, 0, 0, 0, 0, 0, 0, 0, 0, 0, 0, 0, 0, 0, 0, 0, 0, 0, 0, 0, 0, 0, 0, 0, 0, 0, 0, 0, 0, 0, 0, 0, 0, 0, 0, 0, 0, 0, 0, 0, 0, 0, 0, 0, 0, 0, 0, 0, 0, 0, 0, 0, 0, 0, 0, 0, 0, 0, 0, 0, 0, 0, 999, 999, 999, 999, 0, 999, 999]
time : 22564.18 (+81.18 = 0.00 + 81.18)

150th Add (Sname, S, D) : t[109], 134825440, 19
Dist : [0, 0, 0, 0, 0, 0, 0, 0, 0, 0, 0, 0, 0, 0, 0, 0, 0, 0, 0, 0, 0, 0, 0, 0, 0, 0, 0, 0, 0, 0, 0, 0, 0, 0, 0, 0, 0, 0, 0, 0, 0, 0, 0, 0, 0, 0, 0, 0, 0, 0, 0, 0, 0, 0, 0, 0, 0, 0, 0, 0, 0, 0, 0, 0, 0, 999, 999, 999, 999, 0, 999, 999]
time : 22646.35 (+82.17 = 0.00 + 82.17)

151th Add (Sname, S, D) : t[110], 135874016, 20
Dist : [0, 0, 0, 0, 0, 0, 0, 0, 0, 0, 0, 0, 0, 0, 0, 0, 0, 0, 0, 0, 0, 0, 0, 0, 0, 0, 0, 0, 0, 0, 0, 0, 0, 0, 0, 0, 0, 0, 0, 0, 0, 0, 0, 0, 0, 0, 0, 0, 0, 0, 0, 0, 0, 0, 0, 0, 0, 0, 0, 0, 0, 0, 0, 0, 0, 7, 999, 999, 999, 0, 999, 999]
time : 22729.58 (+83.23 = 0.00 + 83.23)

152th Add (Sname, S, D) : t[111], 672744928, 24
Dist : [0, 0, 0, 0, 0, 0, 0, 0, 0, 0, 0, 0, 0, 0, 0, 0, 0, 0, 0, 0, 0, 0, 0, 0, 0, 0, 0, 0, 0, 0, 0, 0, 0, 0, 0, 0, 0, 0, 0, 0, 0, 0, 0, 0, 0, 0, 0, 0, 0, 0, 0, 0, 0, 0, 0, 0, 0, 0, 0, 0, 0, 0, 0, 0, 0, 6, 999, 999, 999, 0, 999, 999]
time : 27841.58 (+5112.00 = 0.02 + 5040.04 + 0.00 + 0.00 + 71.93)

153th Add (Sname, S, D) : t[112], 292057776128, 24
Dist : [0, 0, 0, 0, 0, 0, 0, 0, 0, 0, 0, 0, 0, 0, 0, 0, 0, 0, 0, 0, 0, 0, 0, 0, 0, 0, 0, 0, 0, 0, 0, 0, 0, 0, 0, 0, 0, 0, 0, 0, 0, 0, 0, 0, 0, 0, 0, 0, 0, 0, 0, 0, 0, 0, 0, 0, 0, 0, 0, 0, 0, 0, 0, 0, 0, 5, 999, 999, 999, 0, 999, 999]
time : 30126.82 (+2285.25 = 0.02 + 2211.39 + 0.00 + 0.00 + 73.83)

154th Add (Sname, S, D) : t[113], 292730521056, 25
Dist : [0, 0, 0, 0, 0, 0, 0, 0, 0, 0, 0, 0, 0, 0, 0, 0, 0, 0, 0, 0, 0, 0, 0, 0, 0, 0, 0, 0, 0, 0, 0, 0, 0, 0, 0, 0, 0, 0, 0, 0, 0, 0, 0, 0, 0, 0, 0, 0, 0, 0, 0, 0, 0, 0, 0, 0, 0, 0, 0, 0, 0, 0, 0, 0, 0, 4, 999, 999, 999, 0, 999, 999]
time : 32246.56 (+2119.73 = 0.02 + 2045.47 + 0.00 + 0.00 + 74.24)

155th Add (Sname, S, D) : t[114], 34426847232, 24
Dist : [0, 0, 0, 0, 0, 0, 0, 0, 0, 0, 0, 0, 0, 0, 0, 0, 0, 0, 0, 0, 0, 0, 0, 0, 0, 0, 0, 0, 0, 0, 0, 0, 0, 0, 0, 0, 0, 0, 0, 0, 0, 0, 0, 0, 0, 0, 0, 0, 0, 0, 0, 0, 0, 0, 0, 0, 0, 0, 0, 0, 0, 0, 0, 0, 0, 3, 999, 999, 999, 0, 999, 999]
time : 34582.59 (+2336.04 = 0.03 + 2256.95 + 0.00 + 0.00 + 79.06)

156th Add (Sname, S, D) : t[115], 138512695296, 24
Dist : [0, 0, 0, 0, 0, 0, 0, 0, 0, 0, 0, 0, 0, 0, 0, 0, 0, 0, 0, 0, 0, 0, 0, 0, 0, 0, 0, 0, 0, 0, 0, 0, 0, 0, 0, 0, 0, 0, 0, 0, 0, 0, 0, 0, 0, 0, 0, 0, 0, 0, 0, 0, 0, 0, 0, 0, 0, 0, 0, 0, 0, 0, 0, 0, 0, 2, 999, 999, 999, 0, 999, 999]
time : 37025.86 (+2443.26 = 0.02 + 2362.42 + 0.00 + 0.00 + 80.81)

157th Add (Sname, S, D) : t[116], 172939542528, 25
Dist : [0, 0, 0, 0, 0, 0, 0, 0, 0, 0, 0, 0, 0, 0, 0, 0, 0, 0, 0, 0, 0, 0, 0, 0, 0, 0, 0, 0, 0, 0, 0, 0, 0, 0, 0, 0, 0, 0, 0, 0, 0, 0, 0, 0, 0, 0, 0, 0, 0, 0, 0, 0, 0, 0, 0, 0, 0, 0, 0, 0, 0, 0, 0, 0, 0, 1, 999, 999, 999, 0, 999, 999]
time : 39500.15 (+2474.29 = 0.03 + 2389.37 + 0.00 + 0.00 + 84.89)

158th Add (Sname, S, D) : t[117], 465670063584, 26
Dist : [0, 0, 0, 0, 0, 0, 0, 0, 0, 0, 0, 0, 0, 0, 0, 0, 0, 0, 0, 0, 0, 0, 0, 0, 0, 0, 0, 0, 0, 0, 0, 0, 0, 0, 0, 0, 0, 0, 0, 0, 0, 0, 0, 0, 0, 0, 0, 0, 0, 0, 0, 0, 0, 0, 0, 0, 0, 0, 0, 0, 0, 0, 0, 0, 0, 0, 999, 999, 999, 0, 999, 999]
time : 39584.60 (+84.45 = 0.00 + 84.45)

159th Add (Sname, S, D) : t[118], 10, 1
Dist : [0, 0, 0, 0, 0, 0, 0, 0, 0, 0, 0, 0, 0, 0, 0, 0, 0, 0, 0, 0, 0, 0, 0, 0, 0, 0, 0, 0, 0, 0, 0, 0, 0, 0, 0, 0, 0, 0, 0, 0, 0, 0, 0, 0, 0, 0, 0, 0, 0, 0, 0, 0, 0, 0, 0, 0, 0, 0, 0, 0, 0, 0, 0, 0, 0, 0, 999, 999, 999, 0, 999, 999]
time : 39671.90 (+87.30 = 0.00 + 87.30)

160th Add (Sname, S, D) : t[119], 33792, 5
Dist : [0, 0, 0, 0, 0, 0, 0, 0, 0, 0, 0, 0, 0, 0, 0, 0, 0, 0, 0, 0, 0, 0, 0, 0, 0, 0, 0, 0, 0, 0, 0, 0, 0, 0, 0, 0, 0, 0, 0, 0, 0, 0, 0, 0, 0, 0, 0, 0, 0, 0, 0, 0, 0, 0, 0, 0, 0, 0, 0, 0, 0, 0, 0, 0, 0, 0, 999, 999, 999, 0, 999, 999]
time : 39759.82 (+87.92 = 0.00 + 87.92)

161th Add (Sname, S, D) : t[120], 65690, 6
Dist : [0, 0, 0, 0, 0, 0, 0, 0, 0, 0, 0, 0, 0, 0, 0, 0, 0, 0, 0, 0, 0, 0, 0, 0, 0, 0, 0, 0, 0, 0, 0, 0, 0, 0, 0, 0, 0, 0, 0, 0, 0, 0, 0, 0, 0, 0, 0, 0, 0, 0, 0, 0, 0, 0, 0, 0, 0, 0, 0, 0, 0, 0, 0, 0, 0, 0, 999, 999, 999, 0, 999, 999]
time : 39851.82 (+92.00 = 0.00 + 92.00)

162th Add (Sname, S, D) : t[121], 99482, 7
Dist : [0, 0, 0, 0, 0, 0, 0, 0, 0, 0, 0, 0, 0, 0, 0, 0, 0, 0, 0, 0, 0, 0, 0, 0, 0, 0, 0, 0, 0, 0, 0, 0, 0, 0, 0, 0, 0, 0, 0, 0, 0, 0, 0, 0, 0, 0, 0, 0, 0, 0, 0, 0, 0, 0, 0, 0, 0, 0, 0, 0, 0, 0, 0, 0, 0, 0, 999, 999, 999, 0, 999, 999]
time : 39945.93 (+94.11 = 0.00 + 94.11)

163th Add (Sname, S, D) : t[122], 99994, 8
Dist : [0, 0, 0, 0, 0, 0, 0, 0, 0, 0, 0, 0, 0, 0, 0, 0, 0, 0, 0, 0, 0, 0, 0, 0, 0, 0, 0, 0, 0, 0, 0, 0, 0, 0, 0, 0, 0, 0, 0, 0, 0, 0, 0, 0, 0, 0, 0, 0, 0, 0, 0, 0, 0, 0, 0, 0, 0, 0, 0, 0, 0, 0, 0, 0, 0, 0, 999, 999, 999, 0, 999, 999]
time : 40042.21 (+96.28 = 0.00 + 96.28)

164th Add (Sname, S, D) : t[123], 231066, 13
Dist : [0, 0, 0, 0, 0, 0, 0, 0, 0, 0, 0, 0, 0, 0, 0, 0, 0, 0, 0, 0, 0, 0, 0, 0, 0, 0, 0, 0, 0, 0, 0, 0, 0, 0, 0, 0, 0, 0, 0, 0, 0, 0, 0, 0, 0, 0, 0, 0, 0, 0, 0, 0, 0, 0, 0, 0, 0, 0, 0, 0, 0, 0, 0, 0, 0, 0, 999, 999, 999, 0, 999, 999]
time : 40131.18 (+88.97 = 0.00 + 88.97)

165th Add (Sname, S, D) : t[124], 68719707802, 18
Dist : [0, 0, 0, 0, 0, 0, 0, 0, 0, 0, 0, 0, 0, 0, 0, 0, 0, 0, 0, 0, 0, 0, 0, 0, 0, 0, 0, 0, 0, 0, 0, 0, 0, 0, 0, 0, 0, 0, 0, 0, 0, 0, 0, 0, 0, 0, 0, 0, 0, 0, 0, 0, 0, 0, 0, 0, 0, 0, 0, 0, 0, 0, 0, 0, 0, 0, 999, 999, 999, 0, 999, 999]
time : 40220.28 (+89.10 = 0.00 + 89.10)

166th Add (Sname, S, D) : t[125], 68720756378, 20
Dist : [0, 0, 0, 0, 0, 0, 0, 0, 0, 0, 0, 0, 0, 0, 0, 0, 0, 0, 0, 0, 0, 0, 0, 0, 0, 0, 0, 0, 0, 0, 0, 0, 0, 0, 0, 0, 0, 0, 0, 0, 0, 0, 0, 0, 0, 0, 0, 0, 0, 0, 0, 0, 0, 0, 0, 0, 0, 0, 0, 0, 0, 0, 0, 0, 0, 0, 999, 999, 999, 0, 999, 999]
time : 40312.06 (+91.78 = 0.00 + 91.78)

167th Add (Sname, S, D) : t[126], 8606711808, 20
Dist : [0, 0, 0, 0, 0, 0, 0, 0, 0, 0, 0, 0, 0, 0, 0, 0, 0, 0, 0, 0, 0, 0, 0, 0, 0, 0, 0, 0, 0, 0, 0, 0, 0, 0, 0, 0, 0, 0, 0, 0, 0, 0, 0, 0, 0, 0, 0, 0, 0, 0, 0, 0, 0, 0, 0, 0, 0, 0, 0, 0, 0, 0, 0, 0, 0, 0, 999, 999, 999, 0, 999, 999]
time : 40404.36 (+92.30 = 0.00 + 92.30)

168th Add (Sname, S, D) : t[127], 206159709850, 21
Dist : [0, 0, 0, 0, 0, 0, 0, 0, 0, 0, 0, 0, 0, 0, 0, 0, 0, 0, 0, 0, 0, 0, 0, 0, 0, 0, 0, 0, 0, 0, 0, 0, 0, 0, 0, 0, 0, 0, 0, 0, 0, 0, 0, 0, 0, 0, 0, 0, 0, 0, 0, 0, 0, 0, 0, 0, 0, 0, 0, 0, 0, 0, 0, 0, 0, 0, 999, 999, 999, 0, 999, 999]
time : 40500.53 (+96.17 = 0.00 + 96.17)

169th Add (Sname, S, D) : t[128], 8608808960, 22
Dist : [0, 0, 0, 0, 0, 0, 0, 0, 0, 0, 0, 0, 0, 0, 0, 0, 0, 0, 0, 0, 0, 0, 0, 0, 0, 0, 0, 0, 0, 0, 0, 0, 0, 0, 0, 0, 0, 0, 0, 0, 0, 0, 0, 0, 0, 0, 0, 0, 0, 0, 0, 0, 0, 0, 0, 0, 0, 0, 0, 0, 0, 0, 0, 0, 0, 0, 999, 999, 999, 0, 999, 999]
time : 40599.56 (+99.02 = 0.00 + 99.02)

170th Add (Sname, S, D) : t[129], 206163904154, 23
Dist : [0, 0, 0, 0, 0, 0, 0, 0, 0, 0, 0, 0, 0, 0, 0, 0, 0, 0, 0, 0, 0, 0, 0, 0, 0, 0, 0, 0, 0, 0, 0, 0, 0, 0, 0, 0, 0, 0, 0, 0, 0, 0, 0, 0, 0, 0, 0, 0, 0, 0, 0, 0, 0, 0, 0, 0, 0, 0, 0, 0, 0, 0, 0, 0, 0, 0, 7, 999, 999, 0, 999, 999]
time : 40702.53 (+102.97 = 0.00 + 102.97)

