n : 8
m : 8
H : 26
Y : [150, 12, 124, 155, 113, 112, 130, 172, 99, 97, 225, 174, 144, 78, 160, 180, 132, 250, 7040, 55438, 99853, 241676, 236941, 110604, 92290, 587023, 345347, 1715585, 1656217, 154, 1179648, 155, 738563, 1, 2409230, 46, 2197005, 97, 345420, 79, 917504, 78, 4032185, 180, 3376653, 250, 1656067, 1656213, 1179879, 231, 738674, 113, 2409356, 130, 2197005, 99, 345347, 345570, 917648, 144, 4032013, 20, 3376653, 132, 464046129329, 465669587044, 512836944810, 418989835958, 418875672162, 774460064722, 419579035797, 419665626380]
XORs : {'r[0]': ['x[7]', 'x[1]', 'x[4]', 'x[2]'], 'r[1]': ['x[3]', 'x[2]'], 'r[2]': ['x[2]', 'x[6]', 'x[5]', 'x[3]', 'x[4]'], 'r[3]': ['x[0]', 'x[3]', 'x[7]', 'x[1]', 'x[4]'], 'r[4]': ['x[4]', 'x[0]', 'x[6]', 'x[5]'], 'r[5]': ['x[4]', 'x[6]', 'x[5]'], 'r[6]': ['x[7]', 'x[1]'], 'r[7]': ['x[5]', 'x[3]', 'x[2]', 'x[7]'], 'r[8]': ['x[1]', 'x[0]', 'x[6]', 'x[5]'], 'r[9]': ['x[0]', 'x[6]', 'x[5]'], 'r[10]': ['x[7]', 'x[0]', 'x[6]', 'x[5]'], 'r[11]': ['x[3]', 'x[1]', 'x[2]', 'x[7]', 'x[5]'], 'r[12]': ['x[7]', 'x[4]'], 'r[13]': ['x[6]', 'x[3]', 'x[1]', 'x[2]'], 'r[14]': ['x[5]', 'x[7]'], 'r[15]': ['x[2]', 'x[5]', 'x[7]', 'x[4]'], 'r[16]': ['x[7]', 'x[2]'], 'r[17]': ['x[6]', 'x[5]', 'x[3]', 'x[7]', 'x[1]', 'x[4]'], 'r[18]': ['g[1]', 'g[0]', 'g[4]', 'g[3]', 'x[7]'], 'r[19]': ['g[4]', 'g[3]', 'g[7]', 'g[6]', 'x[3]', 'x[2]', 'x[7]', 'x[1]'], 'r[20]': ['g[1]', 'g[7]', 'g[2]', 'g[8]', 'x[3]', 'x[2]', 'x[0]'], 'r[21]': ['g[9]', 'g[5]', 'g[8]', 'g[4]', 'g[7]', 'x[3]', 'x[2]'], 'r[22]': ['g[9]', 'g[2]', 'g[0]', 'g[8]', 'x[0]', 'g[4]', 'g[3]', 'g[7]', 'x[3]', 'x[2]', 'x[7]'], 'r[23]': ['g[4]', 'g[7]', 'g[5]', 'g[8]', 'x[3]', 'x[2]'], 'r[24]': ['g[5]', 'g[3]', 'g[8]', 'g[6]', 'x[7]', 'x[1]'], 'r[25]': ['g[11]', 'g[2]', 'g[0]', 'g[6]', 'x[1]', 'g[4]', 'g[7]', 'g[5]', 'x[3]', 'x[2]', 'x[0]'], 'r[26]': ['g[10]', 'g[2]', 'g[0]', 'g[8]', 'g[6]', 'x[1]', 'x[0]'], 'r[27]': ['g[12]', 'g[9]', 'g[11]', 'g[2]', 'g[0]', 'g[5]', 'x[0]', 'g[3]', 'x[7]'], 'r[28]': ['g[12]', 'g[8]', 'g[11]', 'g[2]', 'g[0]', 'g[6]', 'x[0]', 'x[3]', 'x[7]', 'x[4]'], 'r[29]': ['x[3]', 'x[7]', 'x[1]', 'x[4]'], 'r[30]': ['g[12]', 'g[9]'], 'r[31]': ['x[0]', 'x[3]', 'x[7]', 'x[1]', 'x[4]'], 'r[32]': ['g[11]', 'g[9]', 'g[2]', 'g[0]', 'g[8]', 'x[0]', 'g[6]', 'x[1]'], 'r[33]': ['x[0]'], 'r[34]': ['g[10]', 'g[13]', 'g[1]', 'g[7]', 'g[0]', 'g[6]', 'x[3]', 'x[1]', 'x[2]'], 'r[35]': ['x[5]', 'x[3]', 'x[1]', 'x[2]'], 'r[36]': ['g[13]', 'g[1]', 'g[7]', 'g[2]', 'g[8]', 'x[3]', 'x[2]', 'x[0]'], 'r[37]': ['x[0]', 'x[6]', 'x[5]'], 'r[38]': ['g[10]', 'g[2]', 'g[0]', 'g[8]', 'g[6]', 'x[6]', 'x[3]', 'x[2]'], 'r[39]': ['x[0]', 'x[6]', 'x[3]', 'x[1]', 'x[2]'], 'r[40]': ['g[10]', 'g[11]', 'g[9]'], 'r[41]': ['x[6]', 'x[3]', 'x[1]', 'x[2]'], 'r[42]': ['g[10]', 'g[13]', 'g[12]', 'g[1]', 'g[8]', 'g[11]', 'g[2]', 'g[7]', 'x[3]', 'x[0]', 'x[5]', 'x[7]', 'x[4]'], 'r[43]': ['x[2]', 'x[5]', 'x[7]', 'x[4]'], 'r[44]': ['g[13]', 'g[12]', 'g[1]', 'g[9]', 'g[8]', 'g[2]', 'x[0]', 'g[7]', 'x[3]', 'x[2]'], 'r[45]': ['x[6]', 'x[5]', 'x[3]', 'x[7]', 'x[1]', 'x[4]'], 'r[46]': ['g[12]', 'g[8]', 'g[11]', 'g[2]', 'g[0]', 'g[6]', 'x[1]', 'x[0]'], 'r[47]': ['x[7]', 'x[4]', 'x[2]', 'g[12]', 'g[8]', 'g[11]', 'g[2]', 'g[0]', 'g[6]', 'x[0]'], 'r[48]': ['g[12]', 'g[9]', 'x[1]', 'x[7]', 'x[2]', 'x[0]', 'x[6]', 'x[5]'], 'r[49]': ['x[1]', 'x[7]', 'x[2]', 'x[0]', 'x[6]', 'x[5]'], 'r[50]': ['g[11]', 'g[9]', 'g[2]', 'g[0]', 'g[8]', 'g[6]', 'x[1]', 'x[4]', 'x[6]', 'x[5]'], 'r[51]': ['x[4]', 'x[0]', 'x[6]', 'x[5]'], 'r[52]': ['g[10]', 'g[13]', 'g[1]', 'g[7]', 'g[0]', 'g[6]', 'x[3]', 'x[2]', 'x[7]'], 'r[53]': ['x[7]', 'x[1]'], 'r[54]': ['g[13]', 'g[1]', 'g[7]', 'g[2]', 'g[8]', 'x[3]', 'x[2]', 'x[0]'], 'r[55]': ['x[1]', 'x[0]', 'x[6]', 'x[5]'], 'r[56]': ['g[10]', 'g[2]', 'g[0]', 'g[8]', 'g[6]', 'x[1]', 'x[0]'], 'r[57]': ['x[7]', 'x[6]', 'x[5]', 'g[10]', 'g[2]', 'g[0]', 'g[8]', 'g[6]', 'x[1]'], 'r[58]': ['g[10]', 'g[11]', 'g[9]', 'x[7]', 'x[4]'], 'r[59]': ['x[7]', 'x[4]'], 'r[60]': ['g[10]', 'g[13]', 'g[12]', 'g[1]', 'g[8]', 'g[11]', 'g[2]', 'g[7]', 'x[3]', 'x[2]', 'x[0]'], 'r[61]': ['x[4]', 'x[2]'], 'r[62]': ['g[13]', 'g[12]', 'g[1]', 'g[9]', 'g[8]', 'g[2]', 'x[0]', 'g[7]', 'x[3]', 'x[2]'], 'r[63]': ['x[7]', 'x[2]'], 'y[7]': ['g[17]', 'g[20]', 'g[21]', 'g[23]', 'g[24]', 'g[18]', 'g[29]', 'g[30]', 'g[0]', 'g[6]', 'g[10]', 'g[8]', 'g[2]', 'x[3]', 'x[2]'], 'y[1]': ['g[26]', 'g[19]', 'g[27]', 'g[21]', 'g[22]', 'g[18]', 'g[29]', 'g[30]', 'g[9]', 'g[12]', 'x[5]', 'x[6]', 'x[2]'], 'y[0]': ['g[19]', 'g[27]', 'g[29]', 'g[30]', 'g[16]', 'g[26]', 'g[14]', 'g[17]', 'g[9]', 'g[10]', 'g[11]', 'x[5]', 'x[0]', 'x[7]', 'x[4]'], 'y[4]': ['g[14]', 'g[17]', 'g[15]', 'g[23]', 'g[24]', 'g[18]', 'g[29]', 'g[30]', 'g[9]', 'g[10]', 'g[13]', 'g[1]', 'g[8]', 'g[11]', 'g[2]', 'x[6]', 'x[5]', 'g[7]', 'x[1]'], 'y[3]': ['g[16]', 'g[19]', 'g[15]', 'g[23]', 'g[24]', 'g[18]', 'g[29]', 'g[30]', 'g[10]', 'g[13]', 'g[12]', 'g[1]', 'g[8]', 'g[11]', 'g[2]', 'g[7]', 'x[5]', 'x[1]', 'x[2]', 'x[7]', 'x[4]'], 'y[2]': ['g[24]', 'g[25]', 'g[28]', 'g[21]', 'g[22]', 'g[18]', 'g[16]', 'g[26]', 'g[14]', 'g[17]', 'g[29]', 'g[30]', 'g[9]', 'g[0]', 'g[10]', 'g[13]', 'g[12]', 'g[1]', 'g[7]', 'g[6]', 'x[3]', 'x[5]', 'x[1]', 'x[7]'], 'y[6]': ['g[14]', 'g[15]', 'g[20]', 'g[21]', 'g[23]', 'g[24]', 'g[29]', 'g[30]', 'x[0]', 'g[10]', 'g[12]', 'g[11]', 'x[2]', 'x[7]', 'x[4]'], 'y[5]': ['g[31]', 'g[28]', 'g[20]', 'g[22]', 'g[16]', 'g[26]', 'g[14]', 'g[29]', 'g[11]', 'g[13]', 'g[1]', 'g[9]', 'g[0]', 'x[6]', 'g[7]', 'g[6]', 'x[1]', 'x[7]', 'x[4]']}
HY : [12, 1, 11, 11, 13, 13, 1, 10, 9, 9, 14, 14, 1, 12, 1, 11, 1, 8, 14, 14, 18, 18, 16, 16, 18, 18, 20, 20, 21, 21, 23, 11, 20, 0, 22, 22, 22, 9, 22, 22, 23, 12, 22, 11, 22, 8, 21, 21, 20, 20, 18, 13, 22, 1, 22, 9, 20, 20, 20, 1, 22, 1, 22, 1, 26, 26, 26, 26, 26, 26, 26, 26]
sbp_pool_size : 2

Dist : [3, 1, 4, 4, 3, 2, 1, 3, 3, 2, 3, 4, 1, 3, 1, 3, 1, 5, 999, 999, 999, 999, 999, 999, 999, 999, 999, 999, 999, 3, 999, 4, 999, 0, 999, 3, 999, 2, 999, 4, 999, 3, 999, 3, 999, 5, 999, 999, 999, 5, 999, 3, 999, 1, 999, 3, 999, 999, 999, 1, 999, 1, 999, 1, 999, 999, 999, 999, 999, 999, 999, 999]
time : 0.03 (+0.03)

9th Add (Sname, S, D) : t[0], 12, 1
Dist : [3, 0, 3, 4, 3, 2, 1, 2, 3, 2, 3, 3, 1, 2, 1, 3, 1, 5, 999, 999, 999, 999, 999, 999, 999, 999, 999, 999, 999, 3, 999, 4, 999, 0, 999, 2, 999, 2, 999, 3, 999, 2, 999, 3, 999, 5, 999, 999, 999, 5, 999, 3, 999, 1, 999, 3, 999, 999, 999, 1, 999, 1, 999, 1, 999, 999, 999, 999, 999, 999, 999, 999]
time : 0.03 (+0.03 = 0.00 + 0.00)

10th Add (Sname, S, D) : t[1], 130, 1
Dist : [2, 0, 3, 3, 3, 2, 0, 2, 3, 2, 3, 2, 1, 2, 1, 3, 1, 4, 999, 999, 999, 999, 999, 999, 999, 999, 999, 999, 999, 2, 999, 3, 999, 0, 999, 2, 999, 2, 999, 3, 999, 2, 999, 3, 999, 4, 999, 999, 999, 4, 999, 3, 999, 0, 999, 3, 999, 999, 999, 1, 999, 1, 999, 1, 999, 999, 999, 999, 999, 999, 999, 999]
time : 0.03 (+0.00 = 0.00 + 0.00)

11th Add (Sname, S, D) : t[2], 144, 1
Dist : [2, 0, 3, 3, 3, 2, 0, 2, 3, 2, 3, 2, 0, 2, 1, 2, 1, 4, 999, 999, 999, 999, 999, 999, 999, 999, 999, 999, 999, 2, 999, 3, 999, 0, 999, 2, 999, 2, 999, 3, 999, 2, 999, 2, 999, 4, 999, 999, 999, 4, 999, 3, 999, 0, 999, 3, 999, 999, 999, 0, 999, 1, 999, 1, 999, 999, 999, 999, 999, 999, 999, 999]
time : 0.03 (+0.00 = 0.00 + 0.00)

12th Add (Sname, S, D) : t[3], 160, 1
Dist : [2, 0, 3, 3, 3, 2, 0, 1, 3, 2, 2, 2, 0, 2, 0, 2, 1, 4, 999, 999, 999, 999, 999, 999, 999, 999, 999, 999, 999, 2, 999, 3, 999, 0, 999, 2, 999, 2, 999, 3, 999, 2, 999, 2, 999, 4, 999, 999, 999, 4, 999, 3, 999, 0, 999, 3, 999, 999, 999, 0, 999, 1, 999, 1, 999, 999, 999, 999, 999, 999, 999, 999]
time : 0.03 (+0.00 = 0.00 + 0.00)

13th Add (Sname, S, D) : t[4], 172, 2
Dist : [2, 0, 2, 3, 3, 2, 0, 0, 3, 2, 2, 1, 0, 2, 0, 2, 1, 4, 999, 999, 999, 999, 999, 999, 999, 999, 999, 999, 999, 2, 999, 3, 999, 0, 999, 1, 999, 2, 999, 3, 999, 2, 999, 2, 999, 4, 999, 999, 999, 4, 999, 3, 999, 0, 999, 3, 999, 999, 999, 0, 999, 1, 999, 1, 999, 999, 999, 999, 999, 999, 999, 999]
time : 0.03 (+0.00 = 0.00 + 0.00)

14th Add (Sname, S, D) : g[3], 2048, 3
Dist : [2, 0, 2, 3, 3, 2, 0, 0, 3, 2, 2, 1, 0, 2, 0, 2, 1, 4, 999, 999, 999, 999, 999, 999, 999, 999, 999, 999, 999, 2, 999, 3, 999, 0, 999, 1, 999, 2, 999, 3, 999, 2, 999, 2, 999, 4, 999, 999, 999, 4, 999, 3, 999, 0, 999, 3, 999, 999, 999, 0, 999, 1, 999, 1, 999, 999, 999, 999, 999, 999, 999, 999]
time : 0.03 (+0.00 = 0.00 + 0.00)

15th Add (Sname, S, D) : t[5], 174, 3
Dist : [2, 0, 2, 3, 3, 2, 0, 0, 3, 2, 2, 0, 0, 2, 0, 2, 1, 3, 999, 999, 999, 999, 999, 999, 999, 999, 999, 999, 999, 2, 999, 3, 999, 0, 999, 1, 999, 2, 999, 3, 999, 2, 999, 2, 999, 3, 999, 999, 999, 3, 999, 3, 999, 0, 999, 3, 999, 999, 999, 0, 999, 1, 999, 1, 999, 999, 999, 999, 999, 999, 999, 999]
time : 0.03 (+0.00 = 0.00 + 0.00)

16th Add (Sname, S, D) : t[6], 132, 1
Dist : [2, 0, 2, 3, 3, 2, 0, 0, 3, 2, 2, 0, 0, 2, 0, 2, 0, 3, 999, 999, 999, 999, 999, 999, 999, 999, 999, 999, 999, 2, 999, 3, 999, 0, 999, 1, 999, 2, 999, 3, 999, 2, 999, 2, 999, 3, 999, 999, 999, 3, 999, 3, 999, 0, 999, 3, 999, 999, 999, 0, 999, 1, 999, 0, 999, 999, 999, 999, 999, 999, 999, 999]
time : 0.03 (+0.00 = 0.00 + 0.00)

17th Add (Sname, S, D) : t[7], 46, 3
Dist : [2, 0, 2, 3, 3, 2, 0, 0, 3, 2, 2, 0, 0, 2, 0, 2, 0, 3, 999, 999, 999, 999, 999, 999, 999, 999, 999, 999, 999, 2, 999, 3, 999, 0, 999, 0, 999, 2, 999, 3, 999, 2, 999, 2, 999, 3, 999, 999, 999, 3, 999, 3, 999, 0, 999, 3, 999, 999, 999, 0, 999, 1, 999, 0, 999, 999, 999, 999, 999, 999, 999, 999]
time : 0.03 (+0.00 = 0.00 + 0.00)

18th Add (Sname, S, D) : t[8], 20, 1
Dist : [1, 0, 2, 3, 3, 2, 0, 0, 3, 2, 2, 0, 0, 2, 0, 1, 0, 2, 999, 999, 999, 999, 999, 999, 999, 999, 999, 999, 999, 2, 999, 3, 999, 0, 999, 0, 999, 2, 999, 3, 999, 2, 999, 1, 999, 2, 999, 999, 999, 3, 999, 3, 999, 0, 999, 3, 999, 999, 999, 0, 999, 0, 999, 0, 999, 999, 999, 999, 999, 999, 999, 999]
time : 0.03 (+0.00 = 0.00 + 0.00)

19th Add (Sname, S, D) : t[9], 150, 2
Dist : [0, 0, 2, 2, 3, 2, 0, 0, 3, 2, 2, 0, 0, 2, 0, 1, 0, 2, 999, 999, 999, 999, 999, 999, 999, 999, 999, 999, 999, 1, 999, 2, 999, 0, 999, 0, 999, 2, 999, 3, 999, 2, 999, 1, 999, 2, 999, 999, 999, 3, 999, 3, 999, 0, 999, 3, 999, 999, 999, 0, 999, 0, 999, 0, 999, 999, 999, 999, 999, 999, 999, 999]
time : 0.03 (+0.00 = 0.00 + 0.00)

20th Add (Sname, S, D) : g[0], 256, 3
Dist : [0, 0, 2, 2, 3, 2, 0, 0, 3, 2, 2, 0, 0, 2, 0, 1, 0, 2, 999, 999, 999, 999, 999, 999, 999, 999, 999, 999, 999, 1, 999, 2, 999, 0, 999, 0, 999, 2, 999, 3, 999, 2, 999, 1, 999, 2, 999, 999, 999, 3, 999, 3, 999, 0, 999, 3, 999, 999, 999, 0, 999, 0, 999, 0, 999, 999, 999, 999, 999, 999, 999, 999]
time : 0.03 (+0.00 = 0.00 + 0.00)

21th Add (Sname, S, D) : t[10], 180, 2
Dist : [0, 0, 2, 2, 3, 2, 0, 0, 3, 2, 2, 0, 0, 2, 0, 0, 0, 2, 999, 999, 999, 999, 999, 999, 999, 999, 999, 999, 999, 1, 999, 2, 999, 0, 999, 0, 999, 2, 999, 3, 999, 2, 999, 0, 999, 2, 999, 999, 999, 3, 999, 3, 999, 0, 999, 3, 999, 999, 999, 0, 999, 0, 999, 0, 999, 999, 999, 999, 999, 999, 999, 999]
time : 0.03 (+0.00 = 0.00 + 0.00)

22th Add (Sname, S, D) : g[7], 32768, 3
Dist : [0, 0, 2, 2, 3, 2, 0, 0, 3, 2, 2, 0, 0, 2, 0, 0, 0, 2, 999, 999, 999, 999, 999, 999, 999, 999, 999, 999, 999, 1, 999, 2, 999, 0, 999, 0, 999, 2, 999, 3, 999, 2, 999, 0, 999, 2, 999, 999, 999, 3, 999, 3, 999, 0, 999, 3, 999, 999, 999, 0, 999, 0, 999, 0, 999, 999, 999, 999, 999, 999, 999, 999]
time : 0.04 (+0.00 = 0.00 + 0.00)

23th Add (Sname, S, D) : t[11], 154, 3
Dist : [0, 0, 2, 1, 3, 2, 0, 0, 3, 2, 2, 0, 0, 2, 0, 0, 0, 2, 999, 999, 999, 999, 999, 999, 999, 999, 999, 999, 999, 0, 999, 1, 999, 0, 999, 0, 999, 2, 999, 3, 999, 2, 999, 0, 999, 2, 999, 999, 999, 3, 999, 3, 999, 0, 999, 3, 999, 999, 999, 0, 999, 0, 999, 0, 999, 999, 999, 999, 999, 999, 999, 999]
time : 0.04 (+0.00 = 0.00 + 0.00)

24th Add (Sname, S, D) : t[12], 155, 4
Dist : [0, 0, 2, 0, 3, 2, 0, 0, 3, 2, 2, 0, 0, 2, 0, 0, 0, 2, 999, 999, 999, 999, 999, 999, 999, 999, 999, 999, 999, 0, 999, 0, 999, 0, 999, 0, 999, 2, 999, 3, 999, 2, 999, 0, 999, 2, 999, 999, 999, 3, 999, 3, 999, 0, 999, 3, 999, 999, 999, 0, 999, 0, 999, 0, 999, 999, 999, 999, 999, 999, 999, 999]
time : 0.04 (+0.00 = 0.00 + 0.00)

25th Add (Sname, S, D) : t[13], 96, 1
Dist : [0, 0, 2, 0, 2, 1, 0, 0, 2, 1, 2, 0, 0, 1, 0, 0, 0, 1, 999, 999, 999, 999, 999, 999, 999, 999, 999, 999, 999, 0, 999, 0, 999, 0, 999, 0, 999, 1, 999, 2, 999, 1, 999, 0, 999, 1, 999, 999, 999, 3, 999, 2, 999, 0, 999, 2, 999, 999, 999, 0, 999, 0, 999, 0, 999, 999, 999, 999, 999, 999, 999, 999]
time : 0.07 (+0.04 = 0.00 + 0.03 + 0.00 + 0.00 + 0.00)

26th Add (Sname, S, D) : t[14], 112, 2
Dist : [0, 0, 1, 0, 1, 0, 0, 0, 2, 1, 2, 0, 0, 1, 0, 0, 0, 1, 999, 999, 999, 999, 999, 999, 999, 999, 999, 999, 999, 0, 999, 0, 999, 0, 999, 0, 999, 1, 999, 2, 999, 1, 999, 0, 999, 1, 999, 999, 999, 2, 999, 1, 999, 0, 999, 2, 999, 999, 999, 0, 999, 0, 999, 0, 999, 999, 999, 999, 999, 999, 999, 999]
time : 0.07 (+0.00 = 0.00 + 0.00)

27th Add (Sname, S, D) : t[15], 124, 3
Dist : [0, 0, 0, 0, 1, 0, 0, 0, 2, 1, 2, 0, 0, 1, 0, 0, 0, 1, 999, 999, 999, 999, 999, 999, 999, 999, 999, 999, 999, 0, 999, 0, 999, 0, 999, 0, 999, 1, 999, 2, 999, 1, 999, 0, 999, 1, 999, 999, 999, 1, 999, 1, 999, 0, 999, 2, 999, 999, 999, 0, 999, 0, 999, 0, 999, 999, 999, 999, 999, 999, 999, 999]
time : 0.07 (+0.00 = 0.00 + 0.00)

28th Add (Sname, S, D) : g[1], 512, 5
Dist : [0, 0, 0, 0, 1, 0, 0, 0, 2, 1, 2, 0, 0, 1, 0, 0, 0, 1, 999, 999, 999, 999, 999, 999, 999, 999, 999, 999, 999, 0, 999, 0, 999, 0, 999, 0, 999, 1, 999, 2, 999, 1, 999, 0, 999, 1, 999, 999, 999, 1, 999, 1, 999, 0, 999, 2, 999, 999, 999, 0, 999, 0, 999, 0, 999, 999, 999, 999, 999, 999, 999, 999]
time : 0.07 (+0.00 = 0.00 + 0.00)

29th Add (Sname, S, D) : t[16], 113, 3
Dist : [0, 0, 0, 0, 0, 0, 0, 0, 2, 1, 1, 0, 0, 1, 0, 0, 0, 1, 999, 999, 999, 999, 999, 999, 999, 999, 999, 999, 999, 0, 999, 0, 999, 0, 999, 0, 999, 1, 999, 2, 999, 1, 999, 0, 999, 1, 999, 999, 999, 1, 999, 0, 999, 0, 999, 2, 999, 999, 999, 0, 999, 0, 999, 0, 999, 999, 999, 999, 999, 999, 999, 999]
time : 0.07 (+0.00 = 0.00 + 0.00)

30th Add (Sname, S, D) : g[2], 1024, 4
Dist : [0, 0, 0, 0, 0, 0, 0, 0, 2, 1, 1, 0, 0, 1, 0, 0, 0, 1, 999, 999, 999, 999, 999, 999, 999, 999, 999, 999, 999, 0, 999, 0, 999, 0, 999, 0, 999, 1, 999, 2, 999, 1, 999, 0, 999, 1, 999, 999, 999, 1, 999, 0, 999, 0, 999, 2, 999, 999, 999, 0, 999, 0, 999, 0, 999, 999, 999, 999, 999, 999, 999, 999]
time : 0.07 (+0.00 = 0.00 + 0.00)

31th Add (Sname, S, D) : t[17], 97, 2
Dist : [0, 0, 0, 0, 0, 0, 0, 0, 1, 0, 1, 0, 0, 1, 0, 0, 0, 1, 999, 999, 999, 999, 999, 999, 999, 999, 999, 999, 999, 0, 999, 0, 999, 0, 999, 0, 999, 0, 999, 1, 999, 1, 999, 0, 999, 1, 999, 999, 999, 1, 999, 0, 999, 0, 999, 1, 999, 999, 999, 0, 999, 0, 999, 0, 999, 999, 999, 999, 999, 999, 999, 999]
time : 0.08 (+0.00 = 0.00 + 0.00)

32th Add (Sname, S, D) : t[18], 99, 3
Dist : [0, 0, 0, 0, 0, 0, 0, 0, 0, 0, 1, 0, 0, 1, 0, 0, 0, 1, 999, 999, 999, 999, 999, 999, 999, 999, 999, 999, 999, 0, 999, 0, 999, 0, 999, 0, 999, 0, 999, 1, 999, 1, 999, 0, 999, 1, 999, 999, 999, 1, 999, 0, 999, 0, 999, 0, 999, 999, 999, 0, 999, 0, 999, 0, 999, 999, 999, 999, 999, 999, 999, 999]
time : 0.08 (+0.00 = 0.00 + 0.00)

33th Add (Sname, S, D) : g[4], 4096, 4
Dist : [0, 0, 0, 0, 0, 0, 0, 0, 0, 0, 1, 0, 0, 1, 0, 0, 0, 1, 4, 999, 999, 999, 999, 999, 999, 999, 999, 999, 999, 0, 999, 0, 999, 0, 999, 0, 999, 0, 999, 1, 999, 1, 999, 0, 999, 1, 999, 999, 999, 1, 999, 0, 999, 0, 999, 0, 999, 999, 999, 0, 999, 0, 999, 0, 999, 999, 999, 999, 999, 999, 999, 999]
time : 0.08 (+0.00 = 0.00 + 0.00)

34th Add (Sname, S, D) : t[19], 225, 3
Dist : [0, 0, 0, 0, 0, 0, 0, 0, 0, 0, 0, 0, 0, 1, 0, 0, 0, 1, 4, 999, 999, 999, 999, 999, 999, 999, 999, 999, 999, 0, 999, 0, 999, 0, 999, 0, 999, 0, 999, 1, 999, 1, 999, 0, 999, 1, 999, 999, 999, 1, 999, 0, 999, 0, 999, 0, 999, 999, 999, 0, 999, 0, 999, 0, 999, 999, 999, 999, 999, 999, 999, 999]
time : 0.08 (+0.00 = 0.00 + 0.00)

35th Add (Sname, S, D) : g[5], 8192, 4
Dist : [0, 0, 0, 0, 0, 0, 0, 0, 0, 0, 0, 0, 0, 1, 0, 0, 0, 1, 4, 999, 999, 999, 999, 999, 999, 999, 999, 999, 999, 0, 999, 0, 999, 0, 999, 0, 999, 0, 999, 1, 999, 1, 999, 0, 999, 1, 999, 999, 999, 1, 999, 0, 999, 0, 999, 0, 999, 999, 999, 0, 999, 0, 999, 0, 999, 999, 999, 999, 999, 999, 999, 999]
time : 0.08 (+0.00 = 0.00 + 0.00)

36th Add (Sname, S, D) : t[20], 78, 4
Dist : [0, 0, 0, 0, 0, 0, 0, 0, 0, 0, 0, 0, 0, 0, 0, 0, 0, 1, 4, 999, 999, 999, 999, 999, 999, 999, 999, 999, 999, 0, 999, 0, 999, 0, 999, 0, 999, 0, 999, 1, 999, 0, 999, 0, 999, 1, 999, 999, 999, 1, 999, 0, 999, 0, 999, 0, 999, 999, 999, 0, 999, 0, 999, 0, 999, 999, 999, 999, 999, 999, 999, 999]
time : 0.08 (+0.00 = 0.00 + 0.00)

37th Add (Sname, S, D) : g[6], 16384, 5
Dist : [0, 0, 0, 0, 0, 0, 0, 0, 0, 0, 0, 0, 0, 0, 0, 0, 0, 1, 4, 5, 999, 999, 999, 999, 999, 999, 999, 999, 999, 0, 999, 0, 999, 0, 999, 0, 999, 0, 999, 1, 999, 0, 999, 0, 999, 1, 999, 999, 999, 1, 999, 0, 999, 0, 999, 0, 999, 999, 999, 0, 999, 0, 999, 0, 999, 999, 999, 999, 999, 999, 999, 999]
time : 0.08 (+0.00 = 0.00 + 0.00)

38th Add (Sname, S, D) : t[21], 250, 4
Dist : [0, 0, 0, 0, 0, 0, 0, 0, 0, 0, 0, 0, 0, 0, 0, 0, 0, 0, 4, 5, 999, 999, 999, 999, 999, 999, 999, 999, 999, 0, 999, 0, 999, 0, 999, 0, 999, 0, 999, 1, 999, 0, 999, 0, 999, 0, 999, 999, 999, 1, 999, 0, 999, 0, 999, 0, 999, 999, 999, 0, 999, 0, 999, 0, 999, 999, 999, 999, 999, 999, 999, 999]
time : 0.08 (+0.00 = 0.00 + 0.00)

39th Add (Sname, S, D) : g[8], 65536, 5
Dist : [0, 0, 0, 0, 0, 0, 0, 0, 0, 0, 0, 0, 0, 0, 0, 0, 0, 0, 4, 5, 5, 999, 999, 4, 4, 999, 999, 999, 999, 0, 999, 0, 999, 0, 999, 0, 999, 0, 999, 1, 999, 0, 999, 0, 999, 0, 999, 999, 999, 1, 999, 0, 999, 0, 999, 0, 999, 999, 999, 0, 999, 0, 999, 0, 999, 999, 999, 999, 999, 999, 999, 999]
time : 0.09 (+0.00 = 0.00 + 0.00)

40th Add (Sname, S, D) : t[22], 79, 4
Dist : [0, 0, 0, 0, 0, 0, 0, 0, 0, 0, 0, 0, 0, 0, 0, 0, 0, 0, 4, 5, 5, 999, 999, 4, 4, 999, 999, 999, 999, 0, 999, 0, 999, 0, 999, 0, 999, 0, 999, 0, 999, 0, 999, 0, 999, 0, 999, 999, 999, 1, 999, 0, 999, 0, 999, 0, 999, 999, 999, 0, 999, 0, 999, 0, 999, 999, 999, 999, 999, 999, 999, 999]
time : 0.09 (+0.00 = 0.00 + 0.00)

41th Add (Sname, S, D) : t[23], 231, 4
Dist : [0, 0, 0, 0, 0, 0, 0, 0, 0, 0, 0, 0, 0, 0, 0, 0, 0, 0, 4, 5, 5, 999, 999, 4, 4, 999, 999, 999, 999, 0, 999, 0, 999, 0, 999, 0, 999, 0, 999, 0, 999, 0, 999, 0, 999, 0, 999, 999, 999, 0, 999, 0, 999, 0, 999, 0, 999, 999, 999, 0, 999, 0, 999, 0, 999, 999, 999, 999, 999, 999, 999, 999]
time : 0.09 (+0.00 = 0.00 + 0.00)

42th Add (Sname, S, D) : t[24], 32780, 4
Dist : [0, 0, 0, 0, 0, 0, 0, 0, 0, 0, 0, 0, 0, 0, 0, 0, 0, 0, 4, 4, 4, 999, 999, 3, 4, 999, 999, 999, 999, 0, 999, 0, 999, 0, 999, 0, 999, 0, 999, 0, 999, 0, 999, 0, 999, 0, 999, 999, 999, 0, 999, 0, 999, 0, 999, 0, 999, 999, 999, 0, 999, 0, 999, 0, 999, 999, 999, 999, 999, 999, 999, 999]
time : 0.47 (+0.38 = 0.00 + 0.38 + 0.00 + 0.00 + 0.00)

43th Add (Sname, S, D) : t[25], 98316, 6
Dist : [0, 0, 0, 0, 0, 0, 0, 0, 0, 0, 0, 0, 0, 0, 0, 0, 0, 0, 4, 4, 3, 999, 999, 2, 4, 999, 999, 999, 999, 0, 999, 0, 999, 0, 999, 0, 999, 0, 999, 0, 999, 0, 999, 0, 999, 0, 999, 999, 999, 0, 999, 0, 999, 0, 999, 0, 999, 999, 999, 0, 999, 0, 999, 0, 999, 999, 999, 999, 999, 999, 999, 999]
time : 0.90 (+0.42 = 0.00 + 0.42 + 0.00 + 0.00 + 0.00)

44th Add (Sname, S, D) : t[26], 6144, 5
Dist : [0, 0, 0, 0, 0, 0, 0, 0, 0, 0, 0, 0, 0, 0, 0, 0, 0, 0, 3, 3, 3, 999, 999, 2, 4, 999, 999, 999, 999, 0, 999, 0, 999, 0, 999, 0, 999, 0, 999, 0, 999, 0, 999, 0, 999, 0, 999, 999, 999, 0, 999, 0, 999, 0, 999, 0, 999, 999, 999, 0, 999, 0, 999, 0, 999, 999, 999, 999, 999, 999, 999, 999]
time : 1.39 (+0.49 = 0.00 + 0.49 + 0.00 + 0.00 + 0.00)

45th Add (Sname, S, D) : t[27], 16514, 6
Dist : [0, 0, 0, 0, 0, 0, 0, 0, 0, 0, 0, 0, 0, 0, 0, 0, 0, 0, 3, 2, 3, 999, 999, 2, 3, 999, 999, 999, 999, 0, 999, 0, 999, 0, 999, 0, 999, 0, 999, 0, 999, 0, 999, 0, 999, 0, 999, 999, 999, 0, 999, 0, 999, 0, 999, 0, 999, 999, 999, 0, 999, 0, 999, 0, 999, 999, 999, 999, 999, 999, 999, 999]
time : 1.98 (+0.59 = 0.00 + 0.59 + 0.00 + 0.00 + 0.00)

46th Add (Sname, S, D) : t[28], 22658, 7
Dist : [0, 0, 0, 0, 0, 0, 0, 0, 0, 0, 0, 0, 0, 0, 0, 0, 0, 0, 3, 1, 3, 999, 999, 2, 3, 999, 999, 999, 999, 0, 999, 0, 999, 0, 999, 0, 999, 0, 999, 0, 999, 0, 999, 0, 999, 0, 999, 999, 999, 0, 999, 0, 999, 0, 999, 0, 999, 999, 999, 0, 999, 0, 999, 0, 999, 999, 999, 999, 999, 999, 999, 999]
time : 2.64 (+0.66 = 0.00 + 0.65 + 0.00 + 0.00 + 0.00)

47th Add (Sname, S, D) : t[29], 55438, 8
Dist : [0, 0, 0, 0, 0, 0, 0, 0, 0, 0, 0, 0, 0, 0, 0, 0, 0, 0, 3, 0, 3, 999, 999, 2, 3, 999, 999, 999, 999, 0, 999, 0, 999, 0, 999, 0, 999, 0, 999, 0, 999, 0, 999, 0, 999, 0, 999, 999, 999, 0, 999, 0, 999, 0, 999, 0, 999, 999, 999, 0, 999, 0, 999, 0, 999, 999, 999, 999, 999, 999, 999, 999]
time : 2.64 (+0.00 = 0.00 + 0.00)

48th Add (Sname, S, D) : t[30], 106508, 7
Dist : [0, 0, 0, 0, 0, 0, 0, 0, 0, 0, 0, 0, 0, 0, 0, 0, 0, 0, 3, 0, 3, 999, 999, 1, 2, 999, 999, 999, 999, 0, 999, 0, 999, 0, 999, 0, 999, 0, 999, 0, 999, 0, 999, 0, 999, 0, 999, 999, 999, 0, 999, 0, 999, 0, 999, 0, 999, 999, 999, 0, 999, 0, 999, 0, 999, 999, 999, 999, 999, 999, 999, 999]
time : 3.53 (+0.88 = 0.00 + 0.88 + 0.00 + 0.00 + 0.00)

49th Add (Sname, S, D) : t[31], 110604, 8
Dist : [0, 0, 0, 0, 0, 0, 0, 0, 0, 0, 0, 0, 0, 0, 0, 0, 0, 0, 3, 0, 3, 999, 999, 0, 1, 999, 999, 999, 999, 0, 999, 0, 999, 0, 999, 0, 999, 0, 999, 0, 999, 0, 999, 0, 999, 0, 999, 999, 999, 0, 999, 0, 999, 0, 999, 0, 999, 999, 999, 0, 999, 0, 999, 0, 999, 999, 999, 999, 999, 999, 999, 999]
time : 3.53 (+0.00 = 0.00 + 0.00)

50th Add (Sname, S, D) : t[32], 92290, 9
Dist : [0, 0, 0, 0, 0, 0, 0, 0, 0, 0, 0, 0, 0, 0, 0, 0, 0, 0, 3, 0, 3, 999, 999, 0, 0, 999, 999, 999, 999, 0, 999, 0, 999, 0, 999, 0, 999, 0, 999, 0, 999, 0, 999, 0, 999, 0, 999, 999, 999, 0, 999, 0, 999, 0, 999, 0, 999, 999, 999, 0, 999, 0, 999, 0, 999, 999, 999, 999, 999, 999, 999, 999]
time : 3.53 (+0.00 = 0.00 + 0.00)

51th Add (Sname, S, D) : t[33], 6656, 6
Dist : [0, 0, 0, 0, 0, 0, 0, 0, 0, 0, 0, 0, 0, 0, 0, 0, 0, 0, 2, 0, 3, 999, 999, 0, 0, 999, 999, 999, 999, 0, 999, 0, 999, 0, 999, 0, 999, 0, 999, 0, 999, 0, 999, 0, 999, 0, 999, 999, 999, 0, 999, 0, 999, 0, 999, 0, 999, 999, 999, 0, 999, 0, 999, 0, 999, 999, 999, 999, 999, 999, 999, 999]
time : 4.88 (+1.35 = 0.00 + 1.34 + 0.00 + 0.00 + 0.00)

52th Add (Sname, S, D) : t[34], 6912, 7
Dist : [0, 0, 0, 0, 0, 0, 0, 0, 0, 0, 0, 0, 0, 0, 0, 0, 0, 0, 1, 0, 3, 999, 999, 0, 0, 999, 999, 999, 999, 0, 999, 0, 999, 0, 999, 0, 999, 0, 999, 0, 999, 0, 999, 0, 999, 0, 999, 999, 999, 0, 999, 0, 999, 0, 999, 0, 999, 999, 999, 0, 999, 0, 999, 0, 999, 999, 999, 999, 999, 999, 999, 999]
time : 6.42 (+1.53 = 0.00 + 1.53 + 0.00 + 0.00 + 0.00)

53th Add (Sname, S, D) : t[35], 7040, 8
Dist : [0, 0, 0, 0, 0, 0, 0, 0, 0, 0, 0, 0, 0, 0, 0, 0, 0, 0, 0, 0, 3, 999, 999, 0, 0, 999, 999, 999, 999, 0, 999, 0, 999, 0, 999, 0, 999, 0, 999, 0, 999, 0, 999, 0, 999, 0, 999, 999, 999, 0, 999, 0, 999, 0, 999, 0, 999, 999, 999, 0, 999, 0, 999, 0, 999, 999, 999, 999, 999, 999, 999, 999]
time : 6.42 (+0.01 = 0.00 + 0.01)

54th Add (Sname, S, D) : g[9], 131072, 9
Dist : [0, 0, 0, 0, 0, 0, 0, 0, 0, 0, 0, 0, 0, 0, 0, 0, 0, 0, 0, 0, 3, 1, 5, 0, 0, 999, 999, 999, 999, 0, 999, 0, 999, 0, 999, 0, 999, 0, 999, 0, 999, 0, 999, 0, 999, 0, 999, 999, 999, 0, 999, 0, 999, 0, 999, 0, 999, 999, 999, 0, 999, 0, 999, 0, 999, 999, 999, 999, 999, 999, 999, 999]
time : 6.43 (+0.01 = 0.00 + 0.01)

55th Add (Sname, S, D) : t[36], 241676, 10
Dist : [0, 0, 0, 0, 0, 0, 0, 0, 0, 0, 0, 0, 0, 0, 0, 0, 0, 0, 0, 0, 3, 0, 5, 0, 0, 999, 999, 999, 999, 0, 999, 0, 999, 0, 999, 0, 999, 0, 999, 0, 999, 0, 999, 0, 999, 0, 999, 999, 999, 0, 999, 0, 999, 0, 999, 0, 999, 999, 999, 0, 999, 0, 999, 0, 999, 999, 999, 999, 999, 999, 999, 999]
time : 6.44 (+0.01 = 0.00 + 0.01)

56th Add (Sname, S, D) : t[37], 98828, 7
Dist : [0, 0, 0, 0, 0, 0, 0, 0, 0, 0, 0, 0, 0, 0, 0, 0, 0, 0, 0, 0, 2, 0, 4, 0, 0, 999, 999, 999, 999, 0, 999, 0, 999, 0, 999, 0, 999, 0, 999, 0, 999, 0, 999, 0, 999, 0, 999, 999, 999, 0, 999, 0, 999, 0, 999, 0, 999, 999, 999, 0, 999, 0, 999, 0, 999, 999, 999, 999, 999, 999, 999, 999]
time : 9.13 (+2.69 = 0.00 + 2.68 + 0.00 + 0.00 + 0.01)

57th Add (Sname, S, D) : t[38], 99852, 8
Dist : [0, 0, 0, 0, 0, 0, 0, 0, 0, 0, 0, 0, 0, 0, 0, 0, 0, 0, 0, 0, 1, 0, 3, 0, 0, 999, 999, 999, 999, 0, 999, 0, 999, 0, 999, 0, 999, 0, 999, 0, 999, 0, 999, 0, 999, 0, 999, 999, 999, 0, 999, 0, 999, 0, 999, 0, 999, 999, 999, 0, 999, 0, 999, 0, 999, 999, 999, 999, 999, 999, 999, 999]
time : 12.27 (+3.14 = 0.00 + 3.13 + 0.00 + 0.00 + 0.01)

58th Add (Sname, S, D) : t[39], 99853, 9
Dist : [0, 0, 0, 0, 0, 0, 0, 0, 0, 0, 0, 0, 0, 0, 0, 0, 0, 0, 0, 0, 0, 0, 2, 0, 0, 999, 999, 999, 999, 0, 999, 0, 999, 0, 999, 0, 999, 0, 999, 0, 999, 0, 999, 0, 999, 0, 999, 999, 999, 0, 999, 0, 999, 0, 999, 0, 999, 999, 999, 0, 999, 0, 999, 0, 999, 999, 999, 999, 999, 999, 999, 999]
time : 12.28 (+0.01 = 0.00 + 0.01)

59th Add (Sname, S, D) : g[10], 262144, 11
Dist : [0, 0, 0, 0, 0, 0, 0, 0, 0, 0, 0, 0, 0, 0, 0, 0, 0, 0, 0, 0, 0, 0, 2, 0, 0, 999, 3, 999, 999, 0, 999, 0, 999, 0, 999, 0, 999, 0, 4, 0, 999, 0, 999, 0, 999, 0, 999, 999, 999, 0, 999, 0, 999, 0, 999, 0, 3, 4, 999, 0, 999, 0, 999, 0, 999, 999, 999, 999, 999, 999, 999, 999]
time : 12.28 (+0.01 = 0.00 + 0.01)

60th Add (Sname, S, D) : t[40], 105869, 10
Dist : [0, 0, 0, 0, 0, 0, 0, 0, 0, 0, 0, 0, 0, 0, 0, 0, 0, 0, 0, 0, 0, 0, 1, 0, 0, 999, 2, 999, 999, 0, 999, 0, 999, 0, 999, 0, 999, 0, 3, 0, 999, 0, 999, 0, 999, 0, 999, 999, 999, 0, 999, 0, 999, 0, 999, 0, 2, 3, 999, 0, 999, 0, 999, 0, 999, 999, 999, 999, 999, 999, 999, 999]
time : 16.95 (+4.67 = 0.00 + 4.65 + 0.00 + 0.00 + 0.01)

61th Add (Sname, S, D) : t[41], 236941, 11
Dist : [0, 0, 0, 0, 0, 0, 0, 0, 0, 0, 0, 0, 0, 0, 0, 0, 0, 0, 0, 0, 0, 0, 0, 0, 0, 999, 2, 999, 999, 0, 999, 0, 999, 0, 999, 0, 999, 0, 3, 0, 999, 0, 999, 0, 999, 0, 999, 999, 999, 0, 999, 0, 999, 0, 999, 0, 2, 3, 999, 0, 999, 0, 999, 0, 999, 999, 999, 999, 999, 999, 999, 999]
time : 16.96 (+0.01 = 0.00 + 0.01)

62th Add (Sname, S, D) : g[11], 524288, 12
Dist : [0, 0, 0, 0, 0, 0, 0, 0, 0, 0, 0, 0, 0, 0, 0, 0, 0, 0, 0, 0, 0, 0, 0, 0, 0, 2, 2, 999, 999, 0, 999, 0, 2, 0, 999, 0, 999, 0, 3, 0, 2, 0, 999, 0, 999, 0, 999, 999, 999, 0, 3, 0, 999, 0, 999, 0, 2, 3, 3, 0, 999, 0, 999, 0, 999, 999, 999, 999, 999, 999, 999, 999]
time : 16.97 (+0.01 = 0.00 + 0.01)

63th Add (Sname, S, D) : t[42], 83203, 11
Dist : [0, 0, 0, 0, 0, 0, 0, 0, 0, 0, 0, 0, 0, 0, 0, 0, 0, 0, 0, 0, 0, 0, 0, 0, 0, 2, 1, 999, 999, 0, 999, 0, 2, 0, 999, 0, 999, 0, 2, 0, 2, 0, 999, 0, 999, 0, 999, 999, 999, 0, 3, 0, 999, 0, 999, 0, 1, 2, 3, 0, 999, 0, 999, 0, 999, 999, 999, 999, 999, 999, 999, 999]
time : 23.68 (+6.71 = 0.00 + 6.69 + 0.00 + 0.00 + 0.01)

64th Add (Sname, S, D) : t[43], 345347, 12
Dist : [0, 0, 0, 0, 0, 0, 0, 0, 0, 0, 0, 0, 0, 0, 0, 0, 0, 0, 0, 0, 0, 0, 0, 0, 0, 2, 0, 999, 999, 0, 999, 0, 2, 0, 999, 0, 999, 0, 1, 0, 2, 0, 999, 0, 999, 0, 999, 999, 999, 0, 3, 0, 999, 0, 999, 0, 0, 1, 3, 0, 999, 0, 999, 0, 999, 999, 999, 999, 999, 999, 999, 999]
time : 23.69 (+0.01 = 0.00 + 0.01)

65th Add (Sname, S, D) : t[44], 345420, 13
Dist : [0, 0, 0, 0, 0, 0, 0, 0, 0, 0, 0, 0, 0, 0, 0, 0, 0, 0, 0, 0, 0, 0, 0, 0, 0, 2, 0, 999, 999, 0, 999, 0, 2, 0, 999, 0, 999, 0, 0, 0, 2, 0, 999, 0, 999, 0, 999, 999, 999, 0, 3, 0, 999, 0, 999, 0, 0, 1, 3, 0, 999, 0, 999, 0, 999, 999, 999, 999, 999, 999, 999, 999]
time : 23.71 (+0.02 = 0.00 + 0.02)

66th Add (Sname, S, D) : g[19], 134217728, 14
Dist : [0, 0, 0, 0, 0, 0, 0, 0, 0, 0, 0, 0, 0, 0, 0, 0, 0, 0, 0, 0, 0, 0, 0, 0, 0, 2, 0, 999, 999, 0, 999, 0, 2, 0, 999, 0, 999, 0, 0, 0, 2, 0, 999, 0, 999, 0, 999, 999, 999, 0, 3, 0, 999, 0, 999, 0, 0, 1, 3, 0, 999, 0, 999, 0, 999, 999, 999, 999, 999, 999, 999, 999]
time : 23.72 (+0.01 = 0.00 + 0.01)

67th Add (Sname, S, D) : t[45], 345570, 13
Dist : [0, 0, 0, 0, 0, 0, 0, 0, 0, 0, 0, 0, 0, 0, 0, 0, 0, 0, 0, 0, 0, 0, 0, 0, 0, 2, 0, 999, 999, 0, 999, 0, 2, 0, 999, 0, 999, 0, 0, 0, 2, 0, 999, 0, 999, 0, 999, 999, 999, 0, 3, 0, 999, 0, 999, 0, 0, 0, 3, 0, 999, 0, 999, 0, 999, 999, 999, 999, 999, 999, 999, 999]
time : 23.74 (+0.02 = 0.00 + 0.02)

68th Add (Sname, S, D) : g[28], 68719476736, 14
Dist : [0, 0, 0, 0, 0, 0, 0, 0, 0, 0, 0, 0, 0, 0, 0, 0, 0, 0, 0, 0, 0, 0, 0, 0, 0, 2, 0, 999, 999, 0, 999, 0, 2, 0, 999, 0, 999, 0, 0, 0, 2, 0, 999, 0, 999, 0, 999, 999, 999, 0, 3, 0, 999, 0, 999, 0, 0, 0, 3, 0, 999, 0, 999, 0, 999, 999, 999, 999, 999, 999, 999, 999]
time : 23.76 (+0.02 = 0.00 + 0.02)

69th Add (Sname, S, D) : t[46], 655360, 13
Dist : [0, 0, 0, 0, 0, 0, 0, 0, 0, 0, 0, 0, 0, 0, 0, 0, 0, 0, 0, 0, 0, 0, 0, 0, 0, 2, 0, 999, 999, 0, 999, 0, 1, 0, 999, 0, 999, 0, 0, 0, 1, 0, 999, 0, 999, 0, 999, 999, 999, 0, 2, 0, 999, 0, 999, 0, 0, 0, 2, 0, 999, 0, 999, 0, 999, 999, 999, 999, 999, 999, 999, 999]
time : 36.72 (+12.95 = 0.00 + 12.93 + 0.00 + 0.00 + 0.02)

70th Add (Sname, S, D) : t[47], 738563, 14
Dist : [0, 0, 0, 0, 0, 0, 0, 0, 0, 0, 0, 0, 0, 0, 0, 0, 0, 0, 0, 0, 0, 0, 0, 0, 0, 1, 0, 999, 999, 0, 999, 0, 0, 0, 999, 0, 999, 0, 0, 0, 1, 0, 999, 0, 999, 0, 999, 999, 999, 0, 1, 0, 999, 0, 999, 0, 0, 0, 2, 0, 999, 0, 999, 0, 999, 999, 999, 999, 999, 999, 999, 999]
time : 36.74 (+0.02 = 0.00 + 0.02)

71th Add (Sname, S, D) : g[16], 16777216, 15
Dist : [0, 0, 0, 0, 0, 0, 0, 0, 0, 0, 0, 0, 0, 0, 0, 0, 0, 0, 0, 0, 0, 0, 0, 0, 0, 1, 0, 999, 999, 0, 999, 0, 0, 0, 999, 0, 999, 0, 0, 0, 1, 0, 999, 0, 999, 0, 999, 999, 999, 0, 1, 0, 999, 0, 999, 0, 0, 0, 2, 0, 999, 0, 999, 0, 999, 999, 999, 999, 999, 999, 999, 999]
time : 36.75 (+0.02 = 0.00 + 0.02)

72th Add (Sname, S, D) : t[48], 587023, 15
Dist : [0, 0, 0, 0, 0, 0, 0, 0, 0, 0, 0, 0, 0, 0, 0, 0, 0, 0, 0, 0, 0, 0, 0, 0, 0, 0, 0, 999, 999, 0, 999, 0, 0, 0, 999, 0, 999, 0, 0, 0, 1, 0, 999, 0, 999, 0, 999, 999, 999, 0, 1, 0, 999, 0, 999, 0, 0, 0, 2, 0, 999, 0, 999, 0, 999, 999, 999, 999, 999, 999, 999, 999]
time : 36.78 (+0.02 = 0.00 + 0.02)

73th Add (Sname, S, D) : g[12], 1048576, 16
Dist : [0, 0, 0, 0, 0, 0, 0, 0, 0, 0, 0, 0, 0, 0, 0, 0, 0, 0, 0, 0, 0, 0, 0, 0, 0, 0, 0, 2, 3, 0, 1, 0, 0, 0, 999, 0, 999, 0, 0, 0, 1, 0, 999, 0, 999, 0, 2, 3, 2, 0, 1, 0, 999, 0, 999, 0, 0, 0, 2, 0, 999, 0, 999, 0, 999, 999, 999, 999, 999, 999, 999, 999]
time : 36.79 (+0.02 = 0.00 + 0.02)

74th Add (Sname, S, D) : t[49], 1179648, 17
Dist : [0, 0, 0, 0, 0, 0, 0, 0, 0, 0, 0, 0, 0, 0, 0, 0, 0, 0, 0, 0, 0, 0, 0, 0, 0, 0, 0, 2, 2, 0, 0, 0, 0, 0, 999, 0, 999, 0, 0, 0, 1, 0, 999, 0, 999, 0, 1, 2, 1, 0, 1, 0, 999, 0, 999, 0, 0, 0, 2, 0, 999, 0, 999, 0, 999, 999, 999, 999, 999, 999, 999, 999]
time : 36.82 (+0.02 = 0.00 + 0.02)

75th Add (Sname, S, D) : g[15], 8388608, 18
Dist : [0, 0, 0, 0, 0, 0, 0, 0, 0, 0, 0, 0, 0, 0, 0, 0, 0, 0, 0, 0, 0, 0, 0, 0, 0, 0, 0, 2, 2, 0, 0, 0, 0, 0, 999, 0, 999, 0, 0, 0, 1, 0, 999, 0, 999, 0, 1, 2, 1, 0, 1, 0, 999, 0, 999, 0, 0, 0, 2, 0, 999, 0, 999, 0, 999, 999, 999, 999, 999, 999, 999, 999]
time : 36.84 (+0.02 = 0.00 + 0.02)

76th Add (Sname, S, D) : t[50], 917504, 14
Dist : [0, 0, 0, 0, 0, 0, 0, 0, 0, 0, 0, 0, 0, 0, 0, 0, 0, 0, 0, 0, 0, 0, 0, 0, 0, 0, 0, 2, 2, 0, 0, 0, 0, 0, 999, 0, 999, 0, 0, 0, 0, 0, 999, 0, 999, 0, 1, 2, 1, 0, 1, 0, 999, 0, 999, 0, 0, 0, 1, 0, 999, 0, 999, 0, 999, 999, 999, 999, 999, 999, 999, 999]
time : 36.88 (+0.04 = 0.00 + 0.04)

77th Add (Sname, S, D) : g[20], 268435456, 15
Dist : [0, 0, 0, 0, 0, 0, 0, 0, 0, 0, 0, 0, 0, 0, 0, 0, 0, 0, 0, 0, 0, 0, 0, 0, 0, 0, 0, 2, 2, 0, 0, 0, 0, 0, 999, 0, 999, 0, 0, 0, 0, 0, 999, 0, 999, 0, 1, 2, 1, 0, 1, 0, 999, 0, 999, 0, 0, 0, 1, 0, 999, 0, 999, 0, 999, 999, 999, 999, 999, 999, 999, 999]
time : 36.91 (+0.03 = 0.00 + 0.03)

78th Add (Sname, S, D) : t[51], 1656067, 18
Dist : [0, 0, 0, 0, 0, 0, 0, 0, 0, 0, 0, 0, 0, 0, 0, 0, 0, 0, 0, 0, 0, 0, 0, 0, 0, 0, 0, 2, 1, 0, 0, 0, 0, 0, 999, 0, 999, 0, 0, 0, 0, 0, 999, 0, 999, 0, 0, 1, 1, 0, 1, 0, 999, 0, 999, 0, 0, 0, 1, 0, 999, 0, 999, 0, 999, 999, 999, 999, 999, 999, 999, 999]
time : 36.94 (+0.03 = 0.00 + 0.03)

79th Add (Sname, S, D) : t[52], 1656217, 19
Dist : [0, 0, 0, 0, 0, 0, 0, 0, 0, 0, 0, 0, 0, 0, 0, 0, 0, 0, 0, 0, 0, 0, 0, 0, 0, 0, 0, 2, 0, 0, 0, 0, 0, 0, 999, 0, 999, 0, 0, 0, 0, 0, 999, 0, 999, 0, 0, 1, 1, 0, 1, 0, 999, 0, 999, 0, 0, 0, 1, 0, 999, 0, 999, 0, 999, 999, 999, 999, 999, 999, 999, 999]
time : 36.97 (+0.03 = 0.00 + 0.03)

80th Add (Sname, S, D) : g[14], 4194304, 20
Dist : [0, 0, 0, 0, 0, 0, 0, 0, 0, 0, 0, 0, 0, 0, 0, 0, 0, 0, 0, 0, 0, 0, 0, 0, 0, 0, 0, 2, 0, 0, 0, 0, 0, 0, 999, 0, 999, 0, 0, 0, 0, 0, 999, 0, 999, 0, 0, 1, 1, 0, 1, 0, 999, 0, 999, 0, 0, 0, 1, 0, 999, 0, 999, 0, 999, 999, 999, 999, 999, 999, 999, 999]
time : 37.00 (+0.03 = 0.00 + 0.03)

81th Add (Sname, S, D) : t[53], 1656213, 19
Dist : [0, 0, 0, 0, 0, 0, 0, 0, 0, 0, 0, 0, 0, 0, 0, 0, 0, 0, 0, 0, 0, 0, 0, 0, 0, 0, 0, 2, 0, 0, 0, 0, 0, 0, 999, 0, 999, 0, 0, 0, 0, 0, 999, 0, 999, 0, 0, 0, 1, 0, 1, 0, 999, 0, 999, 0, 0, 0, 1, 0, 999, 0, 999, 0, 999, 999, 999, 999, 999, 999, 999, 999]
time : 37.04 (+0.04 = 0.00 + 0.04)

82th Add (Sname, S, D) : g[23], 2147483648, 20
Dist : [0, 0, 0, 0, 0, 0, 0, 0, 0, 0, 0, 0, 0, 0, 0, 0, 0, 0, 0, 0, 0, 0, 0, 0, 0, 0, 0, 2, 0, 0, 0, 0, 0, 0, 999, 0, 999, 0, 0, 0, 0, 0, 999, 0, 999, 0, 0, 0, 1, 0, 1, 0, 999, 0, 999, 0, 0, 0, 1, 0, 999, 0, 999, 0, 999, 999, 999, 999, 999, 999, 999, 999]
time : 37.07 (+0.04 = 0.00 + 0.04)

83th Add (Sname, S, D) : t[54], 1179879, 18
Dist : [0, 0, 0, 0, 0, 0, 0, 0, 0, 0, 0, 0, 0, 0, 0, 0, 0, 0, 0, 0, 0, 0, 0, 0, 0, 0, 0, 2, 0, 0, 0, 0, 0, 0, 999, 0, 999, 0, 0, 0, 0, 0, 999, 0, 999, 0, 0, 0, 0, 0, 1, 0, 999, 0, 999, 0, 0, 0, 1, 0, 999, 0, 999, 0, 999, 999, 999, 999, 999, 999, 999, 999]
time : 37.12 (+0.04 = 0.00 + 0.04)

84th Add (Sname, S, D) : g[24], 4294967296, 19
Dist : [0, 0, 0, 0, 0, 0, 0, 0, 0, 0, 0, 0, 0, 0, 0, 0, 0, 0, 0, 0, 0, 0, 0, 0, 0, 0, 0, 2, 0, 0, 0, 0, 0, 0, 999, 0, 999, 0, 0, 0, 0, 0, 999, 0, 999, 0, 0, 0, 0, 0, 1, 0, 999, 0, 999, 0, 0, 0, 1, 0, 999, 0, 999, 0, 999, 999, 999, 999, 999, 999, 999, 999]
time : 37.16 (+0.04 = 0.00 + 0.04)

85th Add (Sname, S, D) : t[55], 738674, 15
Dist : [0, 0, 0, 0, 0, 0, 0, 0, 0, 0, 0, 0, 0, 0, 0, 0, 0, 0, 0, 0, 0, 0, 0, 0, 0, 0, 0, 2, 0, 0, 0, 0, 0, 0, 999, 0, 999, 0, 0, 0, 0, 0, 999, 0, 999, 0, 0, 0, 0, 0, 0, 0, 999, 0, 999, 0, 0, 0, 1, 0, 999, 0, 999, 0, 999, 999, 999, 999, 999, 999, 999, 999]
time : 37.21 (+0.05 = 0.00 + 0.05)

86th Add (Sname, S, D) : g[25], 8589934592, 16
Dist : [0, 0, 0, 0, 0, 0, 0, 0, 0, 0, 0, 0, 0, 0, 0, 0, 0, 0, 0, 0, 0, 0, 0, 0, 0, 0, 0, 2, 0, 0, 0, 0, 0, 0, 999, 0, 999, 0, 0, 0, 0, 0, 999, 0, 999, 0, 0, 0, 0, 0, 0, 0, 999, 0, 999, 0, 0, 0, 1, 0, 999, 0, 999, 0, 999, 999, 999, 999, 999, 999, 999, 999]
time : 37.29 (+0.08 = 0.00 + 0.08)

87th Add (Sname, S, D) : t[56], 917648, 15
Dist : [0, 0, 0, 0, 0, 0, 0, 0, 0, 0, 0, 0, 0, 0, 0, 0, 0, 0, 0, 0, 0, 0, 0, 0, 0, 0, 0, 2, 0, 0, 0, 0, 0, 0, 999, 0, 999, 0, 0, 0, 0, 0, 999, 0, 999, 0, 0, 0, 0, 0, 0, 0, 999, 0, 999, 0, 0, 0, 0, 0, 999, 0, 999, 0, 999, 999, 999, 999, 999, 999, 999, 999]
time : 37.34 (+0.05 = 0.00 + 0.05)

88th Add (Sname, S, D) : g[29], 137438953472, 16
Dist : [0, 0, 0, 0, 0, 0, 0, 0, 0, 0, 0, 0, 0, 0, 0, 0, 0, 0, 0, 0, 0, 0, 0, 0, 0, 0, 0, 2, 0, 0, 0, 0, 0, 0, 999, 0, 999, 0, 0, 0, 0, 0, 999, 0, 999, 0, 0, 0, 0, 0, 0, 0, 999, 0, 999, 0, 0, 0, 0, 0, 999, 0, 999, 0, 999, 999, 999, 999, 999, 999, 999, 999]
time : 37.39 (+0.05 = 0.00 + 0.05)

89th Add (Sname, S, D) : t[57], 1766671, 18
Dist : [0, 0, 0, 0, 0, 0, 0, 0, 0, 0, 0, 0, 0, 0, 0, 0, 0, 0, 0, 0, 0, 0, 0, 0, 0, 0, 0, 1, 0, 0, 0, 0, 0, 0, 999, 0, 999, 0, 0, 0, 0, 0, 999, 0, 999, 0, 0, 0, 0, 0, 0, 0, 999, 0, 999, 0, 0, 0, 0, 0, 999, 0, 999, 0, 999, 999, 999, 999, 999, 999, 999, 999]
time : 107.31 (+69.92 = 0.01 + 69.86 + 0.00 + 0.00 + 0.05)

90th Add (Sname, S, D) : t[58], 1715585, 19
Dist : [0, 0, 0, 0, 0, 0, 0, 0, 0, 0, 0, 0, 0, 0, 0, 0, 0, 0, 0, 0, 0, 0, 0, 0, 0, 0, 0, 0, 0, 0, 0, 0, 0, 0, 999, 0, 999, 0, 0, 0, 0, 0, 999, 0, 999, 0, 0, 0, 0, 0, 0, 0, 999, 0, 999, 0, 0, 0, 0, 0, 999, 0, 999, 0, 999, 999, 999, 999, 999, 999, 999, 999]
time : 107.37 (+0.06 = 0.00 + 0.06)

91th Add (Sname, S, D) : g[13], 2097152, 20
Dist : [0, 0, 0, 0, 0, 0, 0, 0, 0, 0, 0, 0, 0, 0, 0, 0, 0, 0, 0, 0, 0, 0, 0, 0, 0, 0, 0, 0, 0, 0, 0, 0, 0, 0, 2, 0, 1, 0, 0, 0, 0, 0, 4, 0, 2, 0, 0, 0, 0, 0, 0, 0, 3, 0, 1, 0, 0, 0, 0, 0, 3, 0, 2, 0, 999, 999, 999, 999, 999, 999, 999, 999]
time : 107.42 (+0.05 = 0.00 + 0.05)

92th Add (Sname, S, D) : t[59], 2197005, 21
Dist : [0, 0, 0, 0, 0, 0, 0, 0, 0, 0, 0, 0, 0, 0, 0, 0, 0, 0, 0, 0, 0, 0, 0, 0, 0, 0, 0, 0, 0, 0, 0, 0, 0, 0, 1, 0, 0, 0, 0, 0, 0, 0, 3, 0, 1, 0, 0, 0, 0, 0, 0, 0, 2, 0, 0, 0, 0, 0, 0, 0, 2, 0, 1, 0, 999, 999, 999, 999, 999, 999, 999, 999]
time : 107.48 (+0.06 = 0.00 + 0.06)

93th Add (Sname, S, D) : g[18], 67108864, 22
Dist : [0, 0, 0, 0, 0, 0, 0, 0, 0, 0, 0, 0, 0, 0, 0, 0, 0, 0, 0, 0, 0, 0, 0, 0, 0, 0, 0, 0, 0, 0, 0, 0, 0, 0, 1, 0, 0, 0, 0, 0, 0, 0, 3, 0, 1, 0, 0, 0, 0, 0, 0, 0, 2, 0, 0, 0, 0, 0, 0, 0, 2, 0, 1, 0, 999, 999, 999, 999, 999, 999, 999, 999]
time : 107.53 (+0.06 = 0.00 + 0.06)

94th Add (Sname, S, D) : g[27], 34359738368, 22
Dist : [0, 0, 0, 0, 0, 0, 0, 0, 0, 0, 0, 0, 0, 0, 0, 0, 0, 0, 0, 0, 0, 0, 0, 0, 0, 0, 0, 0, 0, 0, 0, 0, 0, 0, 1, 0, 0, 0, 0, 0, 0, 0, 3, 0, 1, 0, 0, 0, 0, 0, 0, 0, 2, 0, 0, 0, 0, 0, 0, 0, 2, 0, 1, 0, 999, 999, 999, 999, 999, 999, 999, 999]
time : 107.60 (+0.06 = 0.00 + 0.06)

95th Add (Sname, S, D) : t[60], 2409230, 22
Dist : [0, 0, 0, 0, 0, 0, 0, 0, 0, 0, 0, 0, 0, 0, 0, 0, 0, 0, 0, 0, 0, 0, 0, 0, 0, 0, 0, 0, 0, 0, 0, 0, 0, 0, 0, 0, 0, 0, 0, 0, 0, 0, 3, 0, 1, 0, 0, 0, 0, 0, 0, 0, 2, 0, 0, 0, 0, 0, 0, 0, 2, 0, 1, 0, 999, 999, 999, 999, 999, 999, 999, 999]
time : 107.67 (+0.07 = 0.00 + 0.07)

96th Add (Sname, S, D) : g[17], 33554432, 23
Dist : [0, 0, 0, 0, 0, 0, 0, 0, 0, 0, 0, 0, 0, 0, 0, 0, 0, 0, 0, 0, 0, 0, 0, 0, 0, 0, 0, 0, 0, 0, 0, 0, 0, 0, 0, 0, 0, 0, 0, 0, 0, 0, 3, 0, 1, 0, 0, 0, 0, 0, 0, 0, 2, 0, 0, 0, 0, 0, 0, 0, 2, 0, 1, 0, 999, 999, 999, 999, 999, 999, 999, 999]
time : 107.74 (+0.07 = 0.00 + 0.07)

97th Add (Sname, S, D) : t[61], 3376653, 22
Dist : [0, 0, 0, 0, 0, 0, 0, 0, 0, 0, 0, 0, 0, 0, 0, 0, 0, 0, 0, 0, 0, 0, 0, 0, 0, 0, 0, 0, 0, 0, 0, 0, 0, 0, 0, 0, 0, 0, 0, 0, 0, 0, 3, 0, 0, 0, 0, 0, 0, 0, 0, 0, 2, 0, 0, 0, 0, 0, 0, 0, 2, 0, 0, 0, 999, 999, 999, 999, 999, 999, 999, 999]
time : 107.83 (+0.08 = 0.00 + 0.08)

98th Add (Sname, S, D) : g[22], 1073741824, 23
Dist : [0, 0, 0, 0, 0, 0, 0, 0, 0, 0, 0, 0, 0, 0, 0, 0, 0, 0, 0, 0, 0, 0, 0, 0, 0, 0, 0, 0, 0, 0, 0, 0, 0, 0, 0, 0, 0, 0, 0, 0, 0, 0, 3, 0, 0, 0, 0, 0, 0, 0, 0, 0, 2, 0, 0, 0, 0, 0, 0, 0, 2, 0, 0, 0, 999, 999, 999, 999, 999, 999, 999, 999]
time : 107.90 (+0.08 = 0.00 + 0.08)

99th Add (Sname, S, D) : g[31], 549755813888, 23
Dist : [0, 0, 0, 0, 0, 0, 0, 0, 0, 0, 0, 0, 0, 0, 0, 0, 0, 0, 0, 0, 0, 0, 0, 0, 0, 0, 0, 0, 0, 0, 0, 0, 0, 0, 0, 0, 0, 0, 0, 0, 0, 0, 3, 0, 0, 0, 0, 0, 0, 0, 0, 0, 2, 0, 0, 0, 0, 0, 0, 0, 2, 0, 0, 0, 999, 999, 999, 999, 999, 999, 999, 999]
time : 108.06 (+0.16 = 0.00 + 0.16)

100th Add (Sname, S, D) : t[62], 1835008, 18
Dist : [0, 0, 0, 0, 0, 0, 0, 0, 0, 0, 0, 0, 0, 0, 0, 0, 0, 0, 0, 0, 0, 0, 0, 0, 0, 0, 0, 0, 0, 0, 0, 0, 0, 0, 0, 0, 0, 0, 0, 0, 0, 0, 2, 0, 0, 0, 0, 0, 0, 0, 0, 0, 2, 0, 0, 0, 0, 0, 0, 0, 1, 0, 0, 0, 999, 999, 999, 999, 999, 999, 999, 999]
time : 264.51 (+156.44 = 0.01 + 156.33 + 0.00 + 0.00 + 0.10)

101th Add (Sname, S, D) : t[63], 4032013, 22
Dist : [0, 0, 0, 0, 0, 0, 0, 0, 0, 0, 0, 0, 0, 0, 0, 0, 0, 0, 0, 0, 0, 0, 0, 0, 0, 0, 0, 0, 0, 0, 0, 0, 0, 0, 0, 0, 0, 0, 0, 0, 0, 0, 2, 0, 0, 0, 0, 0, 0, 0, 0, 0, 2, 0, 0, 0, 0, 0, 0, 0, 0, 0, 0, 0, 999, 999, 999, 999, 999, 999, 999, 999]
time : 264.61 (+0.10 = 0.00 + 0.10)

102th Add (Sname, S, D) : g[30], 274877906944, 23
Dist : [0, 0, 0, 0, 0, 0, 0, 0, 0, 0, 0, 0, 0, 0, 0, 0, 0, 0, 0, 0, 0, 0, 0, 0, 0, 0, 0, 0, 0, 0, 0, 0, 0, 0, 0, 0, 0, 0, 0, 0, 0, 0, 2, 0, 0, 0, 0, 0, 0, 0, 0, 0, 2, 0, 0, 0, 0, 0, 0, 0, 0, 0, 0, 0, 999, 999, 999, 999, 999, 999, 999, 999]
time : 269.02 (+4.42 = 0.00 + 4.42)

103th Add (Sname, S, D) : t[64], 1835188, 19
Dist : [0, 0, 0, 0, 0, 0, 0, 0, 0, 0, 0, 0, 0, 0, 0, 0, 0, 0, 0, 0, 0, 0, 0, 0, 0, 0, 0, 0, 0, 0, 0, 0, 0, 0, 0, 0, 0, 0, 0, 0, 0, 0, 1, 0, 0, 0, 0, 0, 0, 0, 0, 0, 2, 0, 0, 0, 0, 0, 0, 0, 0, 0, 0, 0, 999, 999, 999, 999, 999, 999, 999, 999]
time : 481.39 (+212.37 = 0.01 + 207.78 + 0.00 + 0.00 + 4.58)

104th Add (Sname, S, D) : t[65], 4032185, 22
Dist : [0, 0, 0, 0, 0, 0, 0, 0, 0, 0, 0, 0, 0, 0, 0, 0, 0, 0, 0, 0, 0, 0, 0, 0, 0, 0, 0, 0, 0, 0, 0, 0, 0, 0, 0, 0, 0, 0, 0, 0, 0, 0, 0, 0, 0, 0, 0, 0, 0, 0, 0, 0, 2, 0, 0, 0, 0, 0, 0, 0, 0, 0, 0, 0, 999, 999, 999, 999, 999, 999, 999, 999]
time : 486.20 (+4.81 = 0.00 + 4.81)

105th Add (Sname, S, D) : g[21], 536870912, 23
Dist : [0, 0, 0, 0, 0, 0, 0, 0, 0, 0, 0, 0, 0, 0, 0, 0, 0, 0, 0, 0, 0, 0, 0, 0, 0, 0, 0, 0, 0, 0, 0, 0, 0, 0, 0, 0, 0, 0, 0, 0, 0, 0, 0, 0, 0, 0, 0, 0, 0, 0, 0, 0, 2, 0, 0, 0, 0, 0, 0, 0, 0, 0, 0, 0, 999, 999, 999, 999, 999, 999, 999, 999]
time : 496.28 (+10.08 = 0.00 + 10.08)

106th Add (Sname, S, D) : t[66], 345473, 13
Dist : [0, 0, 0, 0, 0, 0, 0, 0, 0, 0, 0, 0, 0, 0, 0, 0, 0, 0, 0, 0, 0, 0, 0, 0, 0, 0, 0, 0, 0, 0, 0, 0, 0, 0, 0, 0, 0, 0, 0, 0, 0, 0, 0, 0, 0, 0, 0, 0, 0, 0, 0, 0, 1, 0, 0, 0, 0, 0, 0, 0, 0, 0, 0, 0, 999, 999, 999, 999, 999, 999, 999, 999]
time : 753.32 (+257.04 = 0.01 + 246.78 + 0.00 + 0.00 + 10.25)

107th Add (Sname, S, D) : t[67], 2409356, 22
Dist : [0, 0, 0, 0, 0, 0, 0, 0, 0, 0, 0, 0, 0, 0, 0, 0, 0, 0, 0, 0, 0, 0, 0, 0, 0, 0, 0, 0, 0, 0, 0, 0, 0, 0, 0, 0, 0, 0, 0, 0, 0, 0, 0, 0, 0, 0, 0, 0, 0, 0, 0, 0, 0, 0, 0, 0, 0, 0, 0, 0, 0, 0, 0, 0, 999, 999, 999, 999, 999, 999, 999, 999]
time : 764.05 (+10.73 = 0.00 + 10.73)

108th Add (Sname, S, D) : g[26], 17179869184, 23
Dist : [0, 0, 0, 0, 0, 0, 0, 0, 0, 0, 0, 0, 0, 0, 0, 0, 0, 0, 0, 0, 0, 0, 0, 0, 0, 0, 0, 0, 0, 0, 0, 0, 0, 0, 0, 0, 0, 0, 0, 0, 0, 0, 0, 0, 0, 0, 0, 0, 0, 0, 0, 0, 0, 0, 0, 0, 0, 0, 0, 0, 0, 0, 0, 0, 999, 999, 999, 999, 999, 999, 999, 999]
time : 786.55 (+22.51 = 0.00 + 22.50)

109th Add (Sname, S, D) : t[68], 17, 1
Dist : [0, 0, 0, 0, 0, 0, 0, 0, 0, 0, 0, 0, 0, 0, 0, 0, 0, 0, 0, 0, 0, 0, 0, 0, 0, 0, 0, 0, 0, 0, 0, 0, 0, 0, 0, 0, 0, 0, 0, 0, 0, 0, 0, 0, 0, 0, 0, 0, 0, 0, 0, 0, 0, 0, 0, 0, 0, 0, 0, 0, 0, 0, 0, 0, 999, 999, 999, 999, 999, 999, 999, 999]
time : 809.71 (+23.15 = 0.00 + 23.15)

110th Add (Sname, S, D) : t[69], 177, 2
Dist : [0, 0, 0, 0, 0, 0, 0, 0, 0, 0, 0, 0, 0, 0, 0, 0, 0, 0, 0, 0, 0, 0, 0, 0, 0, 0, 0, 0, 0, 0, 0, 0, 0, 0, 0, 0, 0, 0, 0, 0, 0, 0, 0, 0, 0, 0, 0, 0, 0, 0, 0, 0, 0, 0, 0, 0, 0, 0, 0, 0, 0, 0, 0, 0, 999, 999, 999, 999, 999, 999, 999, 999]
time : 833.88 (+24.17 = 0.00 + 24.17)

111th Add (Sname, S, D) : t[70], 131249, 10
Dist : [0, 0, 0, 0, 0, 0, 0, 0, 0, 0, 0, 0, 0, 0, 0, 0, 0, 0, 0, 0, 0, 0, 0, 0, 0, 0, 0, 0, 0, 0, 0, 0, 0, 0, 0, 0, 0, 0, 0, 0, 0, 0, 0, 0, 0, 0, 0, 0, 0, 0, 0, 0, 0, 0, 0, 0, 0, 0, 0, 0, 0, 0, 0, 0, 999, 999, 999, 999, 999, 999, 999, 999]
time : 859.43 (+25.55 = 0.00 + 25.55)

112th Add (Sname, S, D) : t[71], 393393, 12
Dist : [0, 0, 0, 0, 0, 0, 0, 0, 0, 0, 0, 0, 0, 0, 0, 0, 0, 0, 0, 0, 0, 0, 0, 0, 0, 0, 0, 0, 0, 0, 0, 0, 0, 0, 0, 0, 0, 0, 0, 0, 0, 0, 0, 0, 0, 0, 0, 0, 0, 0, 0, 0, 0, 0, 0, 0, 0, 0, 0, 0, 0, 0, 0, 0, 999, 999, 999, 999, 999, 999, 999, 999]
time : 886.48 (+27.05 = 0.00 + 27.05)

113th Add (Sname, S, D) : t[72], 917681, 13
Dist : [0, 0, 0, 0, 0, 0, 0, 0, 0, 0, 0, 0, 0, 0, 0, 0, 0, 0, 0, 0, 0, 0, 0, 0, 0, 0, 0, 0, 0, 0, 0, 0, 0, 0, 0, 0, 0, 0, 0, 0, 0, 0, 0, 0, 0, 0, 0, 0, 0, 0, 0, 0, 0, 0, 0, 0, 0, 0, 0, 0, 0, 0, 0, 0, 999, 999, 999, 999, 999, 999, 999, 999]
time : 914.60 (+28.12 = 0.00 + 28.12)

114th Add (Sname, S, D) : t[73], 135135409, 15
Dist : [0, 0, 0, 0, 0, 0, 0, 0, 0, 0, 0, 0, 0, 0, 0, 0, 0, 0, 0, 0, 0, 0, 0, 0, 0, 0, 0, 0, 0, 0, 0, 0, 0, 0, 0, 0, 0, 0, 0, 0, 0, 0, 0, 0, 0, 0, 0, 0, 0, 0, 0, 0, 0, 0, 0, 0, 0, 0, 0, 0, 0, 0, 0, 0, 7, 999, 999, 999, 999, 999, 999, 999]
time : 944.33 (+29.74 = 0.00 + 29.74)

115th Add (Sname, S, D) : t[74], 17315004593, 24
Dist : [0, 0, 0, 0, 0, 0, 0, 0, 0, 0, 0, 0, 0, 0, 0, 0, 0, 0, 0, 0, 0, 0, 0, 0, 0, 0, 0, 0, 0, 0, 0, 0, 0, 0, 0, 0, 0, 0, 0, 0, 0, 0, 0, 0, 0, 0, 0, 0, 0, 0, 0, 0, 0, 0, 0, 0, 0, 0, 0, 0, 0, 0, 0, 0, 6, 999, 999, 999, 999, 999, 999, 999]
time : 2029.57 (+1085.23 = 0.01 + 1058.27 + 0.00 + 0.00 + 26.95)

116th Add (Sname, S, D) : t[75], 17348559025, 25
Dist : [0, 0, 0, 0, 0, 0, 0, 0, 0, 0, 0, 0, 0, 0, 0, 0, 0, 0, 0, 0, 0, 0, 0, 0, 0, 0, 0, 0, 0, 0, 0, 0, 0, 0, 0, 0, 0, 0, 0, 0, 0, 0, 0, 0, 0, 0, 0, 0, 0, 0, 0, 0, 0, 0, 0, 0, 0, 0, 0, 0, 0, 0, 0, 0, 5, 999, 999, 999, 999, 999, 999, 999]
time : 2518.28 (+488.71 = 0.01 + 460.29 + 0.00 + 0.00 + 28.41)

117th Add (Sname, S, D) : t[76], 412316860416, 24
Dist : [0, 0, 0, 0, 0, 0, 0, 0, 0, 0, 0, 0, 0, 0, 0, 0, 0, 0, 0, 0, 0, 0, 0, 0, 0, 0, 0, 0, 0, 0, 0, 0, 0, 0, 0, 0, 0, 0, 0, 0, 0, 0, 0, 0, 0, 0, 0, 0, 0, 0, 0, 0, 0, 0, 0, 0, 0, 0, 0, 0, 0, 0, 0, 0, 4, 7, 999, 999, 999, 999, 999, 999]
time : 2986.02 (+467.74 = 0.01 + 444.18 + 0.00 + 0.00 + 23.54)

118th Add (Sname, S, D) : t[77], 34363932672, 23
Dist : [0, 0, 0, 0, 0, 0, 0, 0, 0, 0, 0, 0, 0, 0, 0, 0, 0, 0, 0, 0, 0, 0, 0, 0, 0, 0, 0, 0, 0, 0, 0, 0, 0, 0, 0, 0, 0, 0, 0, 0, 0, 0, 0, 0, 0, 0, 0, 0, 0, 0, 0, 0, 0, 0, 0, 0, 0, 0, 0, 0, 0, 0, 0, 0, 3, 7, 999, 999, 999, 999, 999, 999]
time : 4181.55 (+1195.53 = 0.01 + 1173.98 + 0.00 + 0.00 + 21.54)

119th Add (Sname, S, D) : t[78], 34380709888, 24
Dist : [0, 0, 0, 0, 0, 0, 0, 0, 0, 0, 0, 0, 0, 0, 0, 0, 0, 0, 0, 0, 0, 0, 0, 0, 0, 0, 0, 0, 0, 0, 0, 0, 0, 0, 0, 0, 0, 0, 0, 0, 0, 0, 0, 0, 0, 0, 0, 0, 0, 0, 0, 0, 0, 0, 0, 0, 0, 0, 0, 0, 0, 0, 0, 0, 2, 7, 999, 999, 999, 999, 999, 999]
time : 5439.73 (+1258.19 = 0.01 + 1235.56 + 0.00 + 0.00 + 22.61)

120th Add (Sname, S, D) : t[79], 446697570304, 25
Dist : [0, 0, 0, 0, 0, 0, 0, 0, 0, 0, 0, 0, 0, 0, 0, 0, 0, 0, 0, 0, 0, 0, 0, 0, 0, 0, 0, 0, 0, 0, 0, 0, 0, 0, 0, 0, 0, 0, 0, 0, 0, 0, 0, 0, 0, 0, 0, 0, 0, 0, 0, 0, 0, 0, 0, 0, 0, 0, 0, 0, 0, 0, 0, 0, 1, 7, 999, 999, 999, 999, 999, 999]
time : 6752.86 (+1313.13 = 0.01 + 1289.04 + 0.00 + 0.00 + 24.07)

121th Add (Sname, S, D) : t[80], 464046129329, 26
Dist : [0, 0, 0, 0, 0, 0, 0, 0, 0, 0, 0, 0, 0, 0, 0, 0, 0, 0, 0, 0, 0, 0, 0, 0, 0, 0, 0, 0, 0, 0, 0, 0, 0, 0, 0, 0, 0, 0, 0, 0, 0, 0, 0, 0, 0, 0, 0, 0, 0, 0, 0, 0, 0, 0, 0, 0, 0, 0, 0, 0, 0, 0, 0, 0, 0, 7, 999, 999, 999, 999, 999, 999]
time : 6777.68 (+24.81 = 0.00 + 24.81)

122th Add (Sname, S, D) : t[81], 1610612736, 24
Dist : [0, 0, 0, 0, 0, 0, 0, 0, 0, 0, 0, 0, 0, 0, 0, 0, 0, 0, 0, 0, 0, 0, 0, 0, 0, 0, 0, 0, 0, 0, 0, 0, 0, 0, 0, 0, 0, 0, 0, 0, 0, 0, 0, 0, 0, 0, 0, 0, 0, 0, 0, 0, 0, 0, 0, 0, 0, 0, 0, 0, 0, 0, 0, 0, 0, 6, 999, 999, 999, 999, 999, 999]
time : 8111.52 (+1333.85 = 0.01 + 1308.85 + 0.00 + 0.00 + 24.99)

123th Add (Sname, S, D) : t[82], 413927473152, 25
Dist : [0, 0, 0, 0, 0, 0, 0, 0, 0, 0, 0, 0, 0, 0, 0, 0, 0, 0, 0, 0, 0, 0, 0, 0, 0, 0, 0, 0, 0, 0, 0, 0, 0, 0, 0, 0, 0, 0, 0, 0, 0, 0, 0, 0, 0, 0, 0, 0, 0, 0, 0, 0, 0, 0, 0, 0, 0, 0, 0, 0, 0, 0, 0, 0, 0, 5, 999, 999, 999, 999, 999, 999]
time : 8713.37 (+601.84 = 0.01 + 575.74 + 0.00 + 0.00 + 26.09)

124th Add (Sname, S, D) : t[83], 68944052, 23
Dist : [0, 0, 0, 0, 0, 0, 0, 0, 0, 0, 0, 0, 0, 0, 0, 0, 0, 0, 0, 0, 0, 0, 0, 0, 0, 0, 0, 0, 0, 0, 0, 0, 0, 0, 0, 0, 0, 0, 0, 0, 0, 0, 0, 0, 0, 0, 0, 0, 0, 0, 0, 0, 0, 0, 0, 0, 0, 0, 0, 0, 0, 0, 0, 0, 0, 4, 999, 999, 999, 999, 999, 999]
time : 9313.72 (+600.35 = 0.01 + 573.36 + 0.00 + 0.00 + 26.98)

125th Add (Sname, S, D) : t[84], 34359738465, 23
Dist : [0, 0, 0, 0, 0, 0, 0, 0, 0, 0, 0, 0, 0, 0, 0, 0, 0, 0, 0, 0, 0, 0, 0, 0, 0, 0, 0, 0, 0, 0, 0, 0, 0, 0, 0, 0, 0, 0, 0, 0, 0, 0, 0, 0, 0, 0, 0, 0, 0, 0, 0, 0, 0, 0, 0, 0, 0, 0, 0, 0, 0, 0, 0, 0, 0, 3, 999, 999, 999, 999, 999, 999]
time : 9959.17 (+645.45 = 0.01 + 617.94 + 0.00 + 0.00 + 27.50)

126th Add (Sname, S, D) : t[85], 34428682453, 24
Dist : [0, 0, 0, 0, 0, 0, 0, 0, 0, 0, 0, 0, 0, 0, 0, 0, 0, 0, 0, 0, 0, 0, 0, 0, 0, 0, 0, 0, 0, 0, 0, 0, 0, 0, 0, 0, 0, 0, 0, 0, 0, 0, 0, 0, 0, 0, 0, 0, 0, 0, 0, 0, 0, 0, 0, 0, 0, 0, 0, 0, 0, 0, 0, 0, 0, 2, 999, 999, 999, 999, 999, 999]
time : 10621.23 (+662.05 = 0.01 + 633.00 + 0.00 + 0.00 + 29.04)

127th Add (Sname, S, D) : t[86], 51742113892, 25
Dist : [0, 0, 0, 0, 0, 0, 0, 0, 0, 0, 0, 0, 0, 0, 0, 0, 0, 0, 0, 0, 0, 0, 0, 0, 0, 0, 0, 0, 0, 0, 0, 0, 0, 0, 0, 0, 0, 0, 0, 0, 0, 0, 0, 0, 0, 0, 0, 0, 0, 0, 0, 0, 0, 0, 0, 0, 0, 0, 0, 0, 0, 0, 0, 0, 0, 1, 999, 999, 999, 999, 999, 999]
time : 11337.30 (+716.07 = 0.01 + 685.55 + 0.00 + 0.00 + 30.51)

128th Add (Sname, S, D) : t[87], 465669587044, 26
Dist : [0, 0, 0, 0, 0, 0, 0, 0, 0, 0, 0, 0, 0, 0, 0, 0, 0, 0, 0, 0, 0, 0, 0, 0, 0, 0, 0, 0, 0, 0, 0, 0, 0, 0, 0, 0, 0, 0, 0, 0, 0, 0, 0, 0, 0, 0, 0, 0, 0, 0, 0, 0, 0, 0, 0, 0, 0, 0, 0, 0, 0, 0, 0, 0, 0, 0, 999, 999, 999, 999, 999, 999]
time : 11368.83 (+31.53 = 0.00 + 31.53)

129th Add (Sname, S, D) : t[88], 10, 1
Dist : [0, 0, 0, 0, 0, 0, 0, 0, 0, 0, 0, 0, 0, 0, 0, 0, 0, 0, 0, 0, 0, 0, 0, 0, 0, 0, 0, 0, 0, 0, 0, 0, 0, 0, 0, 0, 0, 0, 0, 0, 0, 0, 0, 0, 0, 0, 0, 0, 0, 0, 0, 0, 0, 0, 0, 0, 0, 0, 0, 0, 0, 0, 0, 0, 0, 0, 999, 999, 999, 999, 999, 999]
time : 11422.10 (+53.28 = 0.00 + 53.27)

130th Add (Sname, S, D) : t[89], 170, 2
Dist : [0, 0, 0, 0, 0, 0, 0, 0, 0, 0, 0, 0, 0, 0, 0, 0, 0, 0, 0, 0, 0, 0, 0, 0, 0, 0, 0, 0, 0, 0, 0, 0, 0, 0, 0, 0, 0, 0, 0, 0, 0, 0, 0, 0, 0, 0, 0, 0, 0, 0, 0, 0, 0, 0, 0, 0, 0, 0, 0, 0, 0, 0, 0, 0, 0, 0, 999, 999, 999, 999, 999, 999]
time : 11477.35 (+55.25 = 0.00 + 55.25)

131th Add (Sname, S, D) : t[90], 426, 4
Dist : [0, 0, 0, 0, 0, 0, 0, 0, 0, 0, 0, 0, 0, 0, 0, 0, 0, 0, 0, 0, 0, 0, 0, 0, 0, 0, 0, 0, 0, 0, 0, 0, 0, 0, 0, 0, 0, 0, 0, 0, 0, 0, 0, 0, 0, 0, 0, 0, 0, 0, 0, 0, 0, 0, 0, 0, 0, 0, 0, 0, 0, 0, 0, 0, 0, 0, 999, 999, 999, 999, 999, 999]
time : 11534.86 (+57.51 = 0.00 + 57.51)

132th Add (Sname, S, D) : t[91], 33194, 5
Dist : [0, 0, 0, 0, 0, 0, 0, 0, 0, 0, 0, 0, 0, 0, 0, 0, 0, 0, 0, 0, 0, 0, 0, 0, 0, 0, 0, 0, 0, 0, 0, 0, 0, 0, 0, 0, 0, 0, 0, 0, 0, 0, 0, 0, 0, 0, 0, 0, 0, 0, 0, 0, 0, 0, 0, 0, 0, 0, 0, 0, 0, 0, 0, 0, 0, 0, 999, 999, 999, 999, 999, 999]
time : 11592.83 (+57.97 = 0.00 + 57.97)

133th Add (Sname, S, D) : t[92], 16896, 6
Dist : [0, 0, 0, 0, 0, 0, 0, 0, 0, 0, 0, 0, 0, 0, 0, 0, 0, 0, 0, 0, 0, 0, 0, 0, 0, 0, 0, 0, 0, 0, 0, 0, 0, 0, 0, 0, 0, 0, 0, 0, 0, 0, 0, 0, 0, 0, 0, 0, 0, 0, 0, 0, 0, 0, 0, 0, 0, 0, 0, 0, 0, 0, 0, 0, 0, 0, 999, 999, 999, 999, 999, 999]
time : 11652.99 (+60.16 = 0.00 + 60.16)

134th Add (Sname, S, D) : t[93], 50090, 7
Dist : [0, 0, 0, 0, 0, 0, 0, 0, 0, 0, 0, 0, 0, 0, 0, 0, 0, 0, 0, 0, 0, 0, 0, 0, 0, 0, 0, 0, 0, 0, 0, 0, 0, 0, 0, 0, 0, 0, 0, 0, 0, 0, 0, 0, 0, 0, 0, 0, 0, 0, 0, 0, 0, 0, 0, 0, 0, 0, 0, 0, 0, 0, 0, 0, 0, 0, 999, 999, 999, 999, 999, 999]
time : 11714.23 (+61.24 = 0.00 + 61.24)

135th Add (Sname, S, D) : t[94], 181162, 10
Dist : [0, 0, 0, 0, 0, 0, 0, 0, 0, 0, 0, 0, 0, 0, 0, 0, 0, 0, 0, 0, 0, 0, 0, 0, 0, 0, 0, 0, 0, 0, 0, 0, 0, 0, 0, 0, 0, 0, 0, 0, 0, 0, 0, 0, 0, 0, 0, 0, 0, 0, 0, 0, 0, 0, 0, 0, 0, 0, 0, 0, 0, 0, 0, 0, 0, 0, 999, 999, 999, 999, 999, 999]
time : 11777.62 (+63.39 = 0.00 + 63.39)

136th Add (Sname, S, D) : t[95], 443306, 12
Dist : [0, 0, 0, 0, 0, 0, 0, 0, 0, 0, 0, 0, 0, 0, 0, 0, 0, 0, 0, 0, 0, 0, 0, 0, 0, 0, 0, 0, 0, 0, 0, 0, 0, 0, 0, 0, 0, 0, 0, 0, 0, 0, 0, 0, 0, 0, 0, 0, 0, 0, 0, 0, 0, 0, 0, 0, 0, 0, 0, 0, 0, 0, 0, 0, 0, 0, 999, 999, 999, 999, 999, 999]
time : 11835.51 (+57.88 = 0.00 + 57.88)

137th Add (Sname, S, D) : t[96], 68719920042, 15
Dist : [0, 0, 0, 0, 0, 0, 0, 0, 0, 0, 0, 0, 0, 0, 0, 0, 0, 0, 0, 0, 0, 0, 0, 0, 0, 0, 0, 0, 0, 0, 0, 0, 0, 0, 0, 0, 0, 0, 0, 0, 0, 0, 0, 0, 0, 0, 0, 0, 0, 0, 0, 0, 0, 0, 0, 0, 0, 0, 0, 0, 0, 0, 0, 0, 0, 0, 999, 999, 999, 999, 999, 999]
time : 11893.21 (+57.70 = 0.00 + 57.70)

138th Add (Sname, S, D) : t[97], 68736697258, 16
Dist : [0, 0, 0, 0, 0, 0, 0, 0, 0, 0, 0, 0, 0, 0, 0, 0, 0, 0, 0, 0, 0, 0, 0, 0, 0, 0, 0, 0, 0, 0, 0, 0, 0, 0, 0, 0, 0, 0, 0, 0, 0, 0, 0, 0, 0, 0, 0, 0, 0, 0, 0, 0, 0, 0, 0, 0, 0, 0, 0, 0, 0, 0, 0, 0, 0, 0, 999, 999, 999, 999, 999, 999]
time : 11952.93 (+59.73 = 0.00 + 59.72)

139th Add (Sname, S, D) : t[98], 8590983168, 17
Dist : [0, 0, 0, 0, 0, 0, 0, 0, 0, 0, 0, 0, 0, 0, 0, 0, 0, 0, 0, 0, 0, 0, 0, 0, 0, 0, 0, 0, 0, 0, 0, 0, 0, 0, 0, 0, 0, 0, 0, 0, 0, 0, 0, 0, 0, 0, 0, 0, 0, 0, 0, 0, 0, 0, 0, 0, 0, 0, 0, 0, 0, 0, 0, 0, 0, 0, 999, 999, 999, 999, 999, 999]
time : 12013.33 (+60.39 = 0.00 + 60.39)

140th Add (Sname, S, D) : t[99], 206175650730, 17
Dist : [0, 0, 0, 0, 0, 0, 0, 0, 0, 0, 0, 0, 0, 0, 0, 0, 0, 0, 0, 0, 0, 0, 0, 0, 0, 0, 0, 0, 0, 0, 0, 0, 0, 0, 0, 0, 0, 0, 0, 0, 0, 0, 0, 0, 0, 0, 0, 0, 0, 0, 0, 0, 0, 0, 0, 0, 0, 0, 0, 0, 0, 0, 0, 0, 0, 0, 999, 999, 999, 999, 999, 999]
time : 12074.98 (+61.66 = 0.00 + 61.66)

141th Add (Sname, S, D) : t[100], 214766633898, 18
Dist : [0, 0, 0, 0, 0, 0, 0, 0, 0, 0, 0, 0, 0, 0, 0, 0, 0, 0, 0, 0, 0, 0, 0, 0, 0, 0, 0, 0, 0, 0, 0, 0, 0, 0, 0, 0, 0, 0, 0, 0, 0, 0, 0, 0, 0, 0, 0, 0, 0, 0, 0, 0, 0, 0, 0, 0, 0, 0, 0, 0, 0, 0, 0, 0, 0, 0, 999, 999, 999, 999, 999, 999]
time : 12137.36 (+62.37 = 0.00 + 62.37)

142th Add (Sname, S, D) : t[101], 219061601194, 20
Dist : [0, 0, 0, 0, 0, 0, 0, 0, 0, 0, 0, 0, 0, 0, 0, 0, 0, 0, 0, 0, 0, 0, 0, 0, 0, 0, 0, 0, 0, 0, 0, 0, 0, 0, 0, 0, 0, 0, 0, 0, 0, 0, 0, 0, 0, 0, 0, 0, 0, 0, 0, 0, 0, 0, 0, 0, 0, 0, 0, 0, 0, 0, 0, 0, 0, 0, 7, 999, 999, 999, 999, 999]
time : 12201.47 (+64.12 = 0.00 + 64.12)

143th Add (Sname, S, D) : t[102], 219195949851, 21
Dist : [0, 0, 0, 0, 0, 0, 0, 0, 0, 0, 0, 0, 0, 0, 0, 0, 0, 0, 0, 0, 0, 0, 0, 0, 0, 0, 0, 0, 0, 0, 0, 0, 0, 0, 0, 0, 0, 0, 0, 0, 0, 0, 0, 0, 0, 0, 0, 0, 0, 0, 0, 0, 0, 0, 0, 0, 0, 0, 0, 0, 0, 0, 0, 0, 0, 0, 6, 999, 999, 999, 999, 999]
time : 16080.53 (+3879.06 = 0.02 + 3823.25 + 0.00 + 0.00 + 55.79)

144th Add (Sname, S, D) : t[103], 6291456, 21
Dist : [0, 0, 0, 0, 0, 0, 0, 0, 0, 0, 0, 0, 0, 0, 0, 0, 0, 0, 0, 0, 0, 0, 0, 0, 0, 0, 0, 0, 0, 0, 0, 0, 0, 0, 0, 0, 0, 0, 0, 0, 0, 0, 0, 0, 0, 0, 0, 0, 0, 0, 0, 0, 0, 0, 0, 0, 0, 0, 0, 0, 0, 0, 0, 0, 0, 0, 5, 999, 999, 999, 999, 999]
time : 17709.51 (+1628.98 = 0.02 + 1572.40 + 0.00 + 0.00 + 56.56)

145th Add (Sname, S, D) : t[104], 219202241307, 22
Dist : [0, 0, 0, 0, 0, 0, 0, 0, 0, 0, 0, 0, 0, 0, 0, 0, 0, 0, 0, 0, 0, 0, 0, 0, 0, 0, 0, 0, 0, 0, 0, 0, 0, 0, 0, 0, 0, 0, 0, 0, 0, 0, 0, 0, 0, 0, 0, 0, 0, 0, 0, 0, 0, 0, 0, 0, 0, 0, 0, 0, 0, 0, 0, 0, 0, 0, 4, 999, 999, 999, 999, 999]
time : 19255.84 (+1546.33 = 0.02 + 1487.24 + 0.00 + 0.00 + 59.07)

146th Add (Sname, S, D) : t[105], 219269350171, 23
Dist : [0, 0, 0, 0, 0, 0, 0, 0, 0, 0, 0, 0, 0, 0, 0, 0, 0, 0, 0, 0, 0, 0, 0, 0, 0, 0, 0, 0, 0, 0, 0, 0, 0, 0, 0, 0, 0, 0, 0, 0, 0, 0, 0, 0, 0, 0, 0, 0, 0, 0, 0, 0, 0, 0, 0, 0, 0, 0, 0, 0, 0, 0, 0, 0, 0, 0, 3, 999, 999, 999, 999, 999]
time : 20908.72 (+1652.88 = 0.02 + 1590.82 + 0.00 + 0.00 + 62.04)

147th Add (Sname, S, D) : t[106], 494147257115, 24
Dist : [0, 0, 0, 0, 0, 0, 0, 0, 0, 0, 0, 0, 0, 0, 0, 0, 0, 0, 0, 0, 0, 0, 0, 0, 0, 0, 0, 0, 0, 0, 0, 0, 0, 0, 0, 0, 0, 0, 0, 0, 0, 0, 0, 0, 0, 0, 0, 0, 0, 0, 0, 0, 0, 0, 0, 0, 0, 0, 0, 0, 0, 0, 0, 0, 0, 0, 2, 7, 999, 999, 999, 999]
time : 22657.66 (+1748.94 = 0.02 + 1692.97 + 0.00 + 0.00 + 55.95)

148th Add (Sname, S, D) : t[107], 495757869851, 25
Dist : [0, 0, 0, 0, 0, 0, 0, 0, 0, 0, 0, 0, 0, 0, 0, 0, 0, 0, 0, 0, 0, 0, 0, 0, 0, 0, 0, 0, 0, 0, 0, 0, 0, 0, 0, 0, 0, 0, 0, 0, 0, 0, 0, 0, 0, 0, 0, 0, 0, 0, 0, 0, 0, 0, 0, 0, 0, 0, 0, 0, 0, 0, 0, 0, 0, 0, 1, 7, 999, 999, 999, 999]
time : 27259.68 (+4602.02 = 0.02 + 4547.91 + 0.00 + 0.00 + 54.09)

149th Add (Sname, S, D) : t[108], 512836944810, 26
Dist : [0, 0, 0, 0, 0, 0, 0, 0, 0, 0, 0, 0, 0, 0, 0, 0, 0, 0, 0, 0, 0, 0, 0, 0, 0, 0, 0, 0, 0, 0, 0, 0, 0, 0, 0, 0, 0, 0, 0, 0, 0, 0, 0, 0, 0, 0, 0, 0, 0, 0, 0, 0, 0, 0, 0, 0, 0, 0, 0, 0, 0, 0, 0, 0, 0, 0, 0, 7, 999, 999, 999, 999]
time : 27314.65 (+54.97 = 0.00 + 54.97)

150th Add (Sname, S, D) : t[109], 485556273947, 25
Dist : [0, 0, 0, 0, 0, 0, 0, 0, 0, 0, 0, 0, 0, 0, 0, 0, 0, 0, 0, 0, 0, 0, 0, 0, 0, 0, 0, 0, 0, 0, 0, 0, 0, 0, 0, 0, 0, 0, 0, 0, 0, 0, 0, 0, 0, 0, 0, 0, 0, 0, 0, 0, 0, 0, 0, 0, 0, 0, 0, 0, 0, 0, 0, 0, 0, 0, 0, 6, 999, 999, 999, 999]
time : 32198.43 (+4883.78 = 0.02 + 4828.75 + 0.00 + 0.00 + 55.01)

151th Add (Sname, S, D) : t[110], 6291466, 22
Dist : [0, 0, 0, 0, 0, 0, 0, 0, 0, 0, 0, 0, 0, 0, 0, 0, 0, 0, 0, 0, 0, 0, 0, 0, 0, 0, 0, 0, 0, 0, 0, 0, 0, 0, 0, 0, 0, 0, 0, 0, 0, 0, 0, 0, 0, 0, 0, 0, 0, 0, 0, 0, 0, 0, 0, 0, 0, 0, 0, 0, 0, 0, 0, 0, 0, 0, 0, 5, 999, 999, 999, 999]
time : 34350.23 (+2151.80 = 0.04 + 2093.52 + 0.00 + 0.00 + 58.24)

152th Add (Sname, S, D) : t[111], 68726211488, 23
Dist : [0, 0, 0, 0, 0, 0, 0, 0, 0, 0, 0, 0, 0, 0, 0, 0, 0, 0, 0, 0, 0, 0, 0, 0, 0, 0, 0, 0, 0, 0, 0, 0, 0, 0, 0, 0, 0, 0, 0, 0, 0, 0, 0, 0, 0, 0, 0, 0, 0, 0, 0, 0, 0, 0, 0, 0, 0, 0, 0, 0, 0, 0, 0, 0, 0, 0, 0, 4, 999, 999, 999, 999]
time : 36527.10 (+2176.87 = 0.02 + 2117.52 + 0.00 + 0.00 + 59.33)

153th Add (Sname, S, D) : t[112], 70873695136, 24
Dist : [0, 0, 0, 0, 0, 0, 0, 0, 0, 0, 0, 0, 0, 0, 0, 0, 0, 0, 0, 0, 0, 0, 0, 0, 0, 0, 0, 0, 0, 0, 0, 0, 0, 0, 0, 0, 0, 0, 0, 0, 0, 0, 0, 0, 0, 0, 0, 0, 0, 0, 0, 0, 0, 0, 0, 0, 0, 0, 0, 0, 0, 0, 0, 0, 0, 0, 0, 3, 999, 999, 999, 999]
time : 38764.95 (+2237.86 = 0.02 + 2177.02 + 0.00 + 0.00 + 60.82)

154th Add (Sname, S, D) : t[113], 11765261, 23
Dist : [0, 0, 0, 0, 0, 0, 0, 0, 0, 0, 0, 0, 0, 0, 0, 0, 0, 0, 0, 0, 0, 0, 0, 0, 0, 0, 0, 0, 0, 0, 0, 0, 0, 0, 0, 0, 0, 0, 0, 0, 0, 0, 0, 0, 0, 0, 0, 0, 0, 0, 0, 0, 0, 0, 0, 0, 0, 0, 0, 0, 0, 0, 0, 0, 0, 0, 0, 2, 999, 999, 999, 999]
time : 40919.19 (+2154.23 = 0.02 + 2077.56 + 0.00 + 0.00 + 76.64)

