n : 8
m : 8
H : 26
Y : [150, 154, 231, 155, 113, 1, 130, 46, 2, 97, 225, 79, 144, 78, 20, 180, 132, 250, 49920, 55408, 100000, 223344, 214432, 110592, 92272, 655360, 345504, 1271920, 1103984, 154, 1683456, 155, 616560, 1, 2409216, 46, 2197152, 97, 345504, 79, 798160, 78, 3414896, 180, 3684000, 250, 1103984, 150, 1683456, 231, 616560, 113, 2409216, 130, 2197152, 99, 345504, 225, 798160, 144, 3414896, 20, 3684000, 132, 464045211648, 465668407296, 512833355776, 418985803776, 418872557568, 774457262080, 419577200640, 419665281024]
XORs : {'r[0]': ['x[7]', 'x[1]', 'x[4]', 'x[2]'], 'r[1]': ['x[3]', 'x[7]', 'x[1]', 'x[4]'], 'r[2]': ['x[1]', 'x[7]', 'x[2]', 'x[0]', 'x[6]', 'x[5]'], 'r[3]': ['x[0]', 'x[3]', 'x[7]', 'x[1]', 'x[4]'], 'r[4]': ['x[4]', 'x[0]', 'x[6]', 'x[5]'], 'r[5]': ['x[0]'], 'r[6]': ['x[7]', 'x[1]'], 'r[7]': ['x[5]', 'x[3]', 'x[1]', 'x[2]'], 'r[8]': ['x[1]'], 'r[9]': ['x[0]', 'x[6]', 'x[5]'], 'r[10]': ['x[7]', 'x[0]', 'x[6]', 'x[5]'], 'r[11]': ['x[0]', 'x[6]', 'x[3]', 'x[1]', 'x[2]'], 'r[12]': ['x[7]', 'x[4]'], 'r[13]': ['x[6]', 'x[3]', 'x[1]', 'x[2]'], 'r[14]': ['x[4]', 'x[2]'], 'r[15]': ['x[2]', 'x[5]', 'x[7]', 'x[4]'], 'r[16]': ['x[7]', 'x[2]'], 'r[17]': ['x[6]', 'x[5]', 'x[3]', 'x[7]', 'x[1]', 'x[4]'], 'r[18]': ['g[1]', 'g[0]', 'g[7]', 'g[6]'], 'r[19]': ['g[4]', 'g[3]', 'g[7]', 'g[6]', 'x[4]', 'x[6]', 'x[5]'], 'r[20]': ['g[1]', 'g[7]', 'g[2]', 'g[8]', 'x[5]', 'x[7]'], 'r[21]': ['g[9]', 'g[5]', 'g[3]', 'g[8]', 'g[6]', 'x[5]', 'x[4]', 'x[6]'], 'r[22]': ['g[9]', 'g[2]', 'g[0]', 'g[8]', 'g[6]', 'x[5]', 'x[7]'], 'r[23]': ['g[4]', 'g[7]', 'g[5]', 'g[8]'], 'r[24]': ['g[5]', 'g[3]', 'g[8]', 'g[6]', 'x[5]', 'x[4]', 'x[6]'], 'r[25]': ['g[9]', 'g[11]'], 'r[26]': ['g[10]', 'g[2]', 'g[0]', 'g[8]', 'g[6]', 'x[5]', 'x[7]'], 'r[27]': ['g[12]', 'g[9]', 'g[5]', 'g[3]', 'g[8]', 'g[6]', 'x[5]', 'x[4]', 'x[6]'], 'r[28]': ['g[12]', 'g[4]', 'g[7]', 'g[3]', 'g[6]', 'x[4]', 'x[6]', 'x[5]'], 'r[29]': ['x[3]', 'x[7]', 'x[1]', 'x[4]'], 'r[30]': ['g[12]', 'g[11]', 'g[4]', 'g[7]', 'g[5]', 'g[8]'], 'r[31]': ['x[0]', 'x[3]', 'x[7]', 'x[1]', 'x[4]'], 'r[32]': ['g[11]', 'g[5]', 'g[3]', 'g[8]', 'g[6]', 'x[5]', 'x[4]', 'x[6]'], 'r[33]': ['x[0]'], 'r[34]': ['g[10]', 'g[13]', 'g[1]', 'g[7]', 'g[0]', 'g[6]'], 'r[35]': ['x[5]', 'x[3]', 'x[1]', 'x[2]'], 'r[36]': ['g[13]', 'g[1]', 'g[7]', 'g[2]', 'g[8]', 'x[5]', 'x[7]'], 'r[37]': ['x[0]', 'x[6]', 'x[5]'], 'r[38]': ['g[10]', 'g[2]', 'g[0]', 'g[8]', 'g[6]', 'x[5]', 'x[7]'], 'r[39]': ['x[0]', 'x[6]', 'x[3]', 'x[1]', 'x[2]'], 'r[40]': ['g[10]', 'g[11]', 'g[2]', 'g[0]', 'g[5]', 'g[3]', 'x[6]', 'x[7]', 'x[4]'], 'r[41]': ['x[6]', 'x[3]', 'x[1]', 'x[2]'], 'r[42]': ['g[10]', 'g[13]', 'g[12]', 'g[1]', 'g[0]', 'g[4]', 'g[3]', 'x[4]', 'x[6]', 'x[5]'], 'r[43]': ['x[2]', 'x[5]', 'x[7]', 'x[4]'], 'r[44]': ['g[13]', 'g[12]', 'g[11]', 'g[1]', 'g[2]', 'g[4]', 'g[5]', 'x[7]', 'x[5]'], 'r[45]': ['x[6]', 'x[5]', 'x[3]', 'x[7]', 'x[1]', 'x[4]'], 'r[46]': ['g[12]', 'g[4]', 'g[7]', 'g[3]', 'g[6]', 'x[4]', 'x[6]', 'x[5]'], 'r[47]': ['x[7]', 'x[1]', 'x[4]', 'x[2]'], 'r[48]': ['g[12]', 'g[11]', 'g[4]', 'g[7]', 'g[5]', 'g[8]'], 'r[49]': ['x[1]', 'x[7]', 'x[2]', 'x[0]', 'x[6]', 'x[5]'], 'r[50]': ['g[11]', 'g[5]', 'g[3]', 'g[8]', 'g[6]', 'x[5]', 'x[4]', 'x[6]'], 'r[51]': ['x[4]', 'x[0]', 'x[6]', 'x[5]'], 'r[52]': ['g[10]', 'g[13]', 'g[1]', 'g[7]', 'g[0]', 'g[6]'], 'r[53]': ['x[7]', 'x[1]'], 'r[54]': ['g[13]', 'g[1]', 'g[7]', 'g[2]', 'g[8]', 'x[5]', 'x[7]'], 'r[55]': ['x[1]', 'x[0]', 'x[6]', 'x[5]'], 'r[56]': ['g[10]', 'g[2]', 'g[0]', 'g[8]', 'g[6]', 'x[5]', 'x[7]'], 'r[57]': ['x[7]', 'x[0]', 'x[6]', 'x[5]'], 'r[58]': ['g[10]', 'g[11]', 'g[2]', 'g[0]', 'g[5]', 'g[3]', 'x[6]', 'x[7]', 'x[4]'], 'r[59]': ['x[7]', 'x[4]'], 'r[60]': ['g[10]', 'g[13]', 'g[12]', 'g[1]', 'g[0]', 'g[4]', 'g[3]', 'x[4]', 'x[6]', 'x[5]'], 'r[61]': ['x[4]', 'x[2]'], 'r[62]': ['g[13]', 'g[12]', 'g[11]', 'g[1]', 'g[2]', 'g[4]', 'g[5]', 'x[7]', 'x[5]'], 'r[63]': ['x[7]', 'x[2]'], 'y[7]': ['g[17]', 'g[20]', 'g[21]', 'g[23]', 'g[24]', 'g[18]', 'g[29]', 'g[30]'], 'y[1]': ['g[26]', 'g[19]', 'g[27]', 'g[21]', 'g[22]', 'g[18]', 'g[29]', 'g[30]'], 'y[0]': ['g[19]', 'g[27]', 'g[29]', 'g[30]', 'g[16]', 'g[26]', 'g[14]', 'g[17]'], 'y[4]': ['g[14]', 'g[17]', 'g[15]', 'g[23]', 'g[24]', 'g[18]', 'g[29]', 'g[30]'], 'y[3]': ['g[16]', 'g[19]', 'g[15]', 'g[23]', 'g[24]', 'g[18]', 'g[29]', 'g[30]'], 'y[2]': ['g[24]', 'g[25]', 'g[28]', 'g[21]', 'g[22]', 'g[18]', 'g[16]', 'g[26]', 'g[14]', 'g[17]', 'g[29]', 'g[30]'], 'y[6]': ['g[14]', 'g[15]', 'g[20]', 'g[21]', 'g[23]', 'g[24]', 'g[29]', 'g[30]'], 'y[5]': ['g[31]', 'g[28]', 'g[20]', 'g[22]', 'g[16]', 'g[26]', 'g[14]', 'g[29]']}
HY : [12, 12, 11, 11, 13, 0, 1, 12, 0, 11, 14, 14, 1, 10, 1, 9, 1, 11, 14, 14, 18, 18, 16, 16, 18, 18, 20, 20, 22, 12, 20, 11, 19, 0, 22, 12, 22, 11, 20, 14, 20, 10, 22, 9, 22, 11, 22, 12, 20, 11, 19, 13, 22, 1, 22, 23, 20, 14, 20, 1, 22, 1, 22, 1, 26, 26, 26, 26, 26, 26, 26, 26]
sbp_pool_size : 3

Dist : [3, 3, 5, 4, 3, 0, 1, 3, 0, 2, 3, 4, 1, 3, 1, 3, 1, 5, 999, 999, 999, 999, 999, 999, 999, 999, 999, 999, 999, 3, 999, 4, 999, 0, 999, 3, 999, 2, 999, 4, 999, 3, 999, 3, 999, 5, 999, 3, 999, 5, 999, 3, 999, 1, 999, 3, 999, 3, 999, 1, 999, 1, 999, 1, 999, 999, 999, 999, 999, 999, 999, 999]
time : 0.01 (+0.01)

9th Add (Sname, S, D) : t[0], 130, 1
Dist : [2, 2, 4, 3, 3, 0, 0, 3, 0, 2, 3, 4, 1, 3, 1, 3, 1, 4, 999, 999, 999, 999, 999, 999, 999, 999, 999, 999, 999, 2, 999, 3, 999, 0, 999, 3, 999, 2, 999, 4, 999, 3, 999, 3, 999, 4, 999, 2, 999, 4, 999, 3, 999, 0, 999, 3, 999, 3, 999, 1, 999, 1, 999, 1, 999, 999, 999, 999, 999, 999, 999, 999]
time : 0.01 (+0.01 = 0.00 + 0.00)

10th Add (Sname, S, D) : t[1], 144, 1
Dist : [2, 2, 4, 3, 3, 0, 0, 3, 0, 2, 3, 4, 0, 3, 1, 2, 1, 4, 999, 999, 999, 999, 999, 999, 999, 999, 999, 999, 999, 2, 999, 3, 999, 0, 999, 3, 999, 2, 999, 4, 999, 3, 999, 2, 999, 4, 999, 2, 999, 4, 999, 3, 999, 0, 999, 3, 999, 3, 999, 0, 999, 1, 999, 1, 999, 999, 999, 999, 999, 999, 999, 999]
time : 0.01 (+0.00 = 0.00 + 0.00)

11th Add (Sname, S, D) : t[2], 20, 1
Dist : [1, 2, 4, 3, 3, 0, 0, 3, 0, 2, 3, 4, 0, 3, 0, 2, 1, 4, 999, 999, 999, 999, 999, 999, 999, 999, 999, 999, 999, 2, 999, 3, 999, 0, 999, 3, 999, 2, 999, 4, 999, 3, 999, 2, 999, 4, 999, 1, 999, 4, 999, 3, 999, 0, 999, 3, 999, 3, 999, 0, 999, 0, 999, 1, 999, 999, 999, 999, 999, 999, 999, 999]
time : 0.01 (+0.00 = 0.00 + 0.00)

12th Add (Sname, S, D) : t[3], 150, 2
Dist : [0, 2, 4, 3, 3, 0, 0, 3, 0, 2, 3, 4, 0, 3, 0, 2, 1, 4, 999, 999, 999, 999, 999, 999, 999, 999, 999, 999, 999, 2, 999, 3, 999, 0, 999, 3, 999, 2, 999, 4, 999, 3, 999, 2, 999, 4, 999, 0, 999, 4, 999, 3, 999, 0, 999, 3, 999, 3, 999, 0, 999, 0, 999, 1, 999, 999, 999, 999, 999, 999, 999, 999]
time : 0.01 (+0.00 = 0.00 + 0.00)

13th Add (Sname, S, D) : t[4], 132, 1
Dist : [0, 2, 4, 3, 3, 0, 0, 3, 0, 2, 3, 4, 0, 3, 0, 2, 0, 4, 999, 999, 999, 999, 999, 999, 999, 999, 999, 999, 999, 2, 999, 3, 999, 0, 999, 3, 999, 2, 999, 4, 999, 3, 999, 2, 999, 4, 999, 0, 999, 4, 999, 3, 999, 0, 999, 3, 999, 3, 999, 0, 999, 0, 999, 0, 999, 999, 999, 999, 999, 999, 999, 999]
time : 0.01 (+0.00 = 0.00 + 0.00)

14th Add (Sname, S, D) : t[5], 152, 2
Dist : [0, 1, 4, 2, 3, 0, 0, 2, 0, 2, 3, 3, 0, 2, 0, 2, 0, 3, 999, 999, 999, 999, 999, 999, 999, 999, 999, 999, 999, 1, 999, 2, 999, 0, 999, 2, 999, 2, 999, 3, 999, 2, 999, 2, 999, 3, 999, 0, 999, 4, 999, 3, 999, 0, 999, 3, 999, 3, 999, 0, 999, 0, 999, 0, 999, 999, 999, 999, 999, 999, 999, 999]
time : 0.02 (+0.00 = 0.00 + 0.00 + 0.00 + 0.00 + 0.00)

15th Add (Sname, S, D) : t[6], 154, 3
Dist : [0, 0, 4, 1, 3, 0, 0, 2, 0, 2, 3, 3, 0, 2, 0, 2, 0, 2, 999, 999, 999, 999, 999, 999, 999, 999, 999, 999, 999, 0, 999, 1, 999, 0, 999, 2, 999, 2, 999, 3, 999, 2, 999, 2, 999, 2, 999, 0, 999, 4, 999, 3, 999, 0, 999, 3, 999, 3, 999, 0, 999, 0, 999, 0, 999, 999, 999, 999, 999, 999, 999, 999]
time : 0.02 (+0.00 = 0.00 + 0.00)

16th Add (Sname, S, D) : g[0], 256, 4
Dist : [0, 0, 4, 1, 3, 0, 0, 2, 0, 2, 3, 3, 0, 2, 0, 2, 0, 2, 999, 999, 999, 999, 999, 999, 999, 999, 999, 999, 999, 0, 999, 1, 999, 0, 999, 2, 999, 2, 999, 3, 999, 2, 999, 2, 999, 2, 999, 0, 999, 4, 999, 3, 999, 0, 999, 3, 999, 3, 999, 0, 999, 0, 999, 0, 999, 999, 999, 999, 999, 999, 999, 999]
time : 0.02 (+0.00 = 0.00 + 0.00)

17th Add (Sname, S, D) : t[7], 155, 4
Dist : [0, 0, 4, 0, 3, 0, 0, 2, 0, 2, 3, 3, 0, 2, 0, 2, 0, 2, 999, 999, 999, 999, 999, 999, 999, 999, 999, 999, 999, 0, 999, 0, 999, 0, 999, 2, 999, 2, 999, 3, 999, 2, 999, 2, 999, 2, 999, 0, 999, 4, 999, 3, 999, 0, 999, 3, 999, 3, 999, 0, 999, 0, 999, 0, 999, 999, 999, 999, 999, 999, 999, 999]
time : 0.02 (+0.00 = 0.00 + 0.00)

18th Add (Sname, S, D) : t[8], 96, 1
Dist : [0, 0, 3, 0, 2, 0, 0, 2, 0, 1, 2, 3, 0, 2, 0, 2, 0, 1, 999, 999, 999, 999, 999, 999, 999, 999, 999, 999, 999, 0, 999, 0, 999, 0, 999, 2, 999, 1, 999, 3, 999, 2, 999, 2, 999, 1, 999, 0, 999, 3, 999, 2, 999, 0, 999, 2, 999, 2, 999, 0, 999, 0, 999, 0, 999, 999, 999, 999, 999, 999, 999, 999]
time : 0.03 (+0.01 = 0.00 + 0.01 + 0.00 + 0.00 + 0.00)

19th Add (Sname, S, D) : t[9], 97, 2
Dist : [0, 0, 2, 0, 1, 0, 0, 2, 0, 0, 1, 3, 0, 2, 0, 2, 0, 1, 999, 999, 999, 999, 999, 999, 999, 999, 999, 999, 999, 0, 999, 0, 999, 0, 999, 2, 999, 0, 999, 3, 999, 2, 999, 2, 999, 1, 999, 0, 999, 2, 999, 1, 999, 0, 999, 1, 999, 1, 999, 0, 999, 0, 999, 0, 999, 999, 999, 999, 999, 999, 999, 999]
time : 0.03 (+0.00 = 0.00 + 0.00)

20th Add (Sname, S, D) : g[4], 4096, 3
Dist : [0, 0, 2, 0, 1, 0, 0, 2, 0, 0, 1, 3, 0, 2, 0, 2, 0, 1, 999, 999, 999, 999, 999, 999, 999, 999, 999, 999, 999, 0, 999, 0, 999, 0, 999, 2, 999, 0, 999, 3, 999, 2, 999, 2, 999, 1, 999, 0, 999, 2, 999, 1, 999, 0, 999, 1, 999, 1, 999, 0, 999, 0, 999, 0, 999, 999, 999, 999, 999, 999, 999, 999]
time : 0.03 (+0.00 = 0.00 + 0.00)

21th Add (Sname, S, D) : t[10], 113, 3
Dist : [0, 0, 1, 0, 0, 0, 0, 2, 0, 0, 1, 3, 0, 2, 0, 2, 0, 1, 999, 999, 999, 999, 999, 999, 999, 999, 999, 999, 999, 0, 999, 0, 999, 0, 999, 2, 999, 0, 999, 3, 999, 2, 999, 2, 999, 1, 999, 0, 999, 1, 999, 0, 999, 0, 999, 1, 999, 1, 999, 0, 999, 0, 999, 0, 999, 999, 999, 999, 999, 999, 999, 999]
time : 0.03 (+0.00 = 0.00 + 0.00)

22th Add (Sname, S, D) : g[2], 1024, 4
Dist : [0, 0, 1, 0, 0, 0, 0, 2, 0, 0, 1, 3, 0, 2, 0, 2, 0, 1, 999, 999, 999, 999, 999, 999, 999, 999, 999, 999, 999, 0, 999, 0, 999, 0, 999, 2, 999, 0, 999, 3, 999, 2, 999, 2, 999, 1, 999, 0, 999, 1, 999, 0, 999, 0, 999, 1, 999, 1, 999, 0, 999, 0, 999, 0, 999, 999, 999, 999, 999, 999, 999, 999]
time : 0.03 (+0.00 = 0.00 + 0.00)

23th Add (Sname, S, D) : t[11], 231, 4
Dist : [0, 0, 0, 0, 0, 0, 0, 2, 0, 0, 1, 3, 0, 2, 0, 2, 0, 1, 999, 999, 999, 999, 999, 999, 999, 999, 999, 999, 999, 0, 999, 0, 999, 0, 999, 2, 999, 0, 999, 3, 999, 2, 999, 2, 999, 1, 999, 0, 999, 0, 999, 0, 999, 0, 999, 1, 999, 1, 999, 0, 999, 0, 999, 0, 999, 999, 999, 999, 999, 999, 999, 999]
time : 0.03 (+0.00 = 0.00 + 0.00)

24th Add (Sname, S, D) : g[1], 512, 5
Dist : [0, 0, 0, 0, 0, 0, 0, 2, 0, 0, 1, 3, 0, 2, 0, 2, 0, 1, 999, 999, 999, 999, 999, 999, 999, 999, 999, 999, 999, 0, 999, 0, 999, 0, 999, 2, 999, 0, 999, 3, 999, 2, 999, 2, 999, 1, 999, 0, 999, 0, 999, 0, 999, 0, 999, 1, 999, 1, 999, 0, 999, 0, 999, 0, 999, 999, 999, 999, 999, 999, 999, 999]
time : 0.03 (+0.00 = 0.00 + 0.00)

25th Add (Sname, S, D) : t[12], 225, 3
Dist : [0, 0, 0, 0, 0, 0, 0, 2, 0, 0, 0, 3, 0, 2, 0, 2, 0, 1, 999, 999, 999, 999, 999, 999, 999, 999, 999, 999, 999, 0, 999, 0, 999, 0, 999, 2, 999, 0, 999, 3, 999, 2, 999, 2, 999, 1, 999, 0, 999, 0, 999, 0, 999, 0, 999, 1, 999, 0, 999, 0, 999, 0, 999, 0, 999, 999, 999, 999, 999, 999, 999, 999]
time : 0.03 (+0.00 = 0.00 + 0.00)

26th Add (Sname, S, D) : t[13], 250, 4
Dist : [0, 0, 0, 0, 0, 0, 0, 2, 0, 0, 0, 3, 0, 2, 0, 2, 0, 0, 999, 999, 999, 999, 999, 999, 999, 999, 999, 999, 999, 0, 999, 0, 999, 0, 999, 2, 999, 0, 999, 3, 999, 2, 999, 2, 999, 0, 999, 0, 999, 0, 999, 0, 999, 0, 999, 1, 999, 0, 999, 0, 999, 0, 999, 0, 999, 999, 999, 999, 999, 999, 999, 999]
time : 0.03 (+0.00 = 0.00 + 0.00)

27th Add (Sname, S, D) : g[8], 65536, 5
Dist : [0, 0, 0, 0, 0, 0, 0, 2, 0, 0, 0, 3, 0, 2, 0, 2, 0, 0, 999, 999, 999, 999, 999, 999, 999, 999, 999, 999, 999, 0, 999, 0, 999, 0, 999, 2, 999, 0, 999, 3, 999, 2, 999, 2, 999, 0, 999, 0, 999, 0, 999, 0, 999, 0, 999, 1, 999, 0, 999, 0, 999, 0, 999, 0, 999, 999, 999, 999, 999, 999, 999, 999]
time : 0.03 (+0.00 = 0.00 + 0.00)

28th Add (Sname, S, D) : t[14], 99, 3
Dist : [0, 0, 0, 0, 0, 0, 0, 2, 0, 0, 0, 3, 0, 2, 0, 2, 0, 0, 999, 999, 999, 999, 999, 999, 999, 999, 999, 999, 999, 0, 999, 0, 999, 0, 999, 2, 999, 0, 999, 3, 999, 2, 999, 2, 999, 0, 999, 0, 999, 0, 999, 0, 999, 0, 999, 0, 999, 0, 999, 0, 999, 0, 999, 0, 999, 999, 999, 999, 999, 999, 999, 999]
time : 0.03 (+0.00 = 0.00 + 0.00)

29th Add (Sname, S, D) : t[15], 182, 3
Dist : [0, 0, 0, 0, 0, 0, 0, 1, 0, 0, 0, 2, 0, 2, 0, 1, 0, 0, 999, 999, 999, 999, 999, 999, 999, 999, 999, 999, 999, 0, 999, 0, 999, 0, 999, 1, 999, 0, 999, 2, 999, 2, 999, 1, 999, 0, 999, 0, 999, 0, 999, 0, 999, 0, 999, 0, 999, 0, 999, 0, 999, 0, 999, 0, 999, 999, 999, 999, 999, 999, 999, 999]
time : 0.09 (+0.06 = 0.00 + 0.06 + 0.00 + 0.00 + 0.00)

30th Add (Sname, S, D) : t[16], 46, 4
Dist : [0, 0, 0, 0, 0, 0, 0, 0, 0, 0, 0, 1, 0, 1, 0, 1, 0, 0, 999, 999, 999, 999, 999, 999, 999, 999, 999, 999, 999, 0, 999, 0, 999, 0, 999, 0, 999, 0, 999, 1, 999, 1, 999, 1, 999, 0, 999, 0, 999, 0, 999, 0, 999, 0, 999, 0, 999, 0, 999, 0, 999, 0, 999, 0, 999, 999, 999, 999, 999, 999, 999, 999]
time : 0.09 (+0.00 = 0.00 + 0.00)

31th Add (Sname, S, D) : g[3], 2048, 5
Dist : [0, 0, 0, 0, 0, 0, 0, 0, 0, 0, 0, 1, 0, 1, 0, 1, 0, 0, 999, 999, 999, 999, 999, 999, 999, 999, 999, 999, 999, 0, 999, 0, 999, 0, 999, 0, 999, 0, 999, 1, 999, 1, 999, 1, 999, 0, 999, 0, 999, 0, 999, 0, 999, 0, 999, 0, 999, 0, 999, 0, 999, 0, 999, 0, 999, 999, 999, 999, 999, 999, 999, 999]
time : 0.09 (+0.00 = 0.00 + 0.00)

32th Add (Sname, S, D) : t[17], 79, 5
Dist : [0, 0, 0, 0, 0, 0, 0, 0, 0, 0, 0, 0, 0, 1, 0, 1, 0, 0, 999, 999, 999, 999, 999, 999, 999, 999, 999, 999, 999, 0, 999, 0, 999, 0, 999, 0, 999, 0, 999, 0, 999, 1, 999, 1, 999, 0, 999, 0, 999, 0, 999, 0, 999, 0, 999, 0, 999, 0, 999, 0, 999, 0, 999, 0, 999, 999, 999, 999, 999, 999, 999, 999]
time : 0.09 (+0.00 = 0.00 + 0.00)

33th Add (Sname, S, D) : g[5], 8192, 6
Dist : [0, 0, 0, 0, 0, 0, 0, 0, 0, 0, 0, 0, 0, 1, 0, 1, 0, 0, 999, 999, 999, 999, 999, 999, 999, 999, 999, 999, 999, 0, 999, 0, 999, 0, 999, 0, 999, 0, 999, 0, 999, 1, 999, 1, 999, 0, 999, 0, 999, 0, 999, 0, 999, 0, 999, 0, 999, 0, 999, 0, 999, 0, 999, 0, 999, 999, 999, 999, 999, 999, 999, 999]
time : 0.09 (+0.00 = 0.00 + 0.00)

34th Add (Sname, S, D) : t[18], 78, 5
Dist : [0, 0, 0, 0, 0, 0, 0, 0, 0, 0, 0, 0, 0, 0, 0, 1, 0, 0, 999, 999, 999, 999, 999, 999, 999, 999, 999, 999, 999, 0, 999, 0, 999, 0, 999, 0, 999, 0, 999, 0, 999, 0, 999, 1, 999, 0, 999, 0, 999, 0, 999, 0, 999, 0, 999, 0, 999, 0, 999, 0, 999, 0, 999, 0, 999, 999, 999, 999, 999, 999, 999, 999]
time : 0.10 (+0.00 = 0.00 + 0.00)

35th Add (Sname, S, D) : g[6], 16384, 6
Dist : [0, 0, 0, 0, 0, 0, 0, 0, 0, 0, 0, 0, 0, 0, 0, 1, 0, 0, 999, 999, 999, 999, 999, 999, 5, 999, 999, 999, 999, 0, 999, 0, 999, 0, 999, 0, 999, 0, 999, 0, 999, 0, 999, 1, 999, 0, 999, 0, 999, 0, 999, 0, 999, 0, 999, 0, 999, 0, 999, 0, 999, 0, 999, 0, 999, 999, 999, 999, 999, 999, 999, 999]
time : 0.10 (+0.00 = 0.00 + 0.00)

36th Add (Sname, S, D) : t[19], 180, 4
Dist : [0, 0, 0, 0, 0, 0, 0, 0, 0, 0, 0, 0, 0, 0, 0, 0, 0, 0, 999, 999, 999, 999, 999, 999, 5, 999, 999, 999, 999, 0, 999, 0, 999, 0, 999, 0, 999, 0, 999, 0, 999, 0, 999, 0, 999, 0, 999, 0, 999, 0, 999, 0, 999, 0, 999, 0, 999, 0, 999, 0, 999, 0, 999, 0, 999, 999, 999, 999, 999, 999, 999, 999]
time : 0.10 (+0.00 = 0.00 + 0.00)

37th Add (Sname, S, D) : g[7], 32768, 5
Dist : [0, 0, 0, 0, 0, 0, 0, 0, 0, 0, 0, 0, 0, 0, 0, 0, 0, 0, 3, 5, 5, 999, 999, 3, 5, 999, 999, 999, 999, 0, 999, 0, 999, 0, 999, 0, 999, 0, 999, 0, 999, 0, 999, 0, 999, 0, 999, 0, 999, 0, 999, 0, 999, 0, 999, 0, 999, 0, 999, 0, 999, 0, 999, 0, 999, 999, 999, 999, 999, 999, 999, 999]
time : 0.10 (+0.00 = 0.00 + 0.00)

38th Add (Sname, S, D) : t[20], 49152, 7
Dist : [0, 0, 0, 0, 0, 0, 0, 0, 0, 0, 0, 0, 0, 0, 0, 0, 0, 0, 2, 4, 5, 999, 999, 3, 5, 999, 999, 999, 999, 0, 999, 0, 999, 0, 999, 0, 999, 0, 999, 0, 999, 0, 999, 0, 999, 0, 999, 0, 999, 0, 999, 0, 999, 0, 999, 0, 999, 0, 999, 0, 999, 0, 999, 0, 999, 999, 999, 999, 999, 999, 999, 999]
time : 0.35 (+0.25 = 0.00 + 0.25 + 0.00 + 0.00 + 0.00)

39th Add (Sname, S, D) : t[21], 73728, 7
Dist : [0, 0, 0, 0, 0, 0, 0, 0, 0, 0, 0, 0, 0, 0, 0, 0, 0, 0, 2, 4, 5, 999, 999, 2, 4, 999, 999, 999, 999, 0, 999, 0, 999, 0, 999, 0, 999, 0, 999, 0, 999, 0, 999, 0, 999, 0, 999, 0, 999, 0, 999, 0, 999, 0, 999, 0, 999, 0, 999, 0, 999, 0, 999, 0, 999, 999, 999, 999, 999, 999, 999, 999]
time : 0.67 (+0.32 = 0.00 + 0.32 + 0.00 + 0.00 + 0.00)

40th Add (Sname, S, D) : t[22], 2161, 6
Dist : [0, 0, 0, 0, 0, 0, 0, 0, 0, 0, 0, 0, 0, 0, 0, 0, 0, 0, 2, 3, 5, 999, 999, 2, 3, 999, 999, 999, 999, 0, 999, 0, 999, 0, 999, 0, 999, 0, 999, 0, 999, 0, 999, 0, 999, 0, 999, 0, 999, 0, 999, 0, 999, 0, 999, 0, 999, 0, 999, 0, 999, 0, 999, 0, 999, 999, 999, 999, 999, 999, 999, 999]
time : 1.08 (+0.41 = 0.00 + 0.41 + 0.00 + 0.00 + 0.00)

41th Add (Sname, S, D) : t[23], 2160, 7
Dist : [0, 0, 0, 0, 0, 0, 0, 0, 0, 0, 0, 0, 0, 0, 0, 0, 0, 0, 2, 2, 5, 999, 999, 2, 2, 999, 999, 999, 999, 0, 999, 0, 999, 0, 999, 0, 999, 0, 999, 0, 999, 0, 999, 0, 999, 0, 999, 0, 999, 0, 999, 0, 999, 0, 999, 0, 999, 0, 999, 0, 999, 0, 999, 0, 999, 999, 999, 999, 999, 999, 999, 999]
time : 1.61 (+0.52 = 0.00 + 0.52 + 0.00 + 0.00 + 0.00)

42th Add (Sname, S, D) : t[24], 75888, 8
Dist : [0, 0, 0, 0, 0, 0, 0, 0, 0, 0, 0, 0, 0, 0, 0, 0, 0, 0, 2, 2, 5, 999, 999, 2, 1, 999, 999, 999, 999, 0, 999, 0, 999, 0, 999, 0, 999, 0, 999, 0, 999, 0, 999, 0, 999, 0, 999, 0, 999, 0, 999, 0, 999, 0, 999, 0, 999, 0, 999, 0, 999, 0, 999, 0, 999, 999, 999, 999, 999, 999, 999, 999]
time : 2.18 (+0.57 = 0.00 + 0.57 + 0.00 + 0.00 + 0.00)

43th Add (Sname, S, D) : t[25], 92272, 9
Dist : [0, 0, 0, 0, 0, 0, 0, 0, 0, 0, 0, 0, 0, 0, 0, 0, 0, 0, 2, 2, 5, 999, 999, 2, 0, 999, 999, 999, 999, 0, 999, 0, 999, 0, 999, 0, 999, 0, 999, 0, 999, 0, 999, 0, 999, 0, 999, 0, 999, 0, 999, 0, 999, 0, 999, 0, 999, 0, 999, 0, 999, 0, 999, 0, 999, 999, 999, 999, 999, 999, 999, 999]
time : 2.18 (+0.00 = 0.00 + 0.00)

44th Add (Sname, S, D) : t[26], 106496, 8
Dist : [0, 0, 0, 0, 0, 0, 0, 0, 0, 0, 0, 0, 0, 0, 0, 0, 0, 0, 2, 2, 5, 999, 999, 1, 0, 999, 999, 999, 999, 0, 999, 0, 999, 0, 999, 0, 999, 0, 999, 0, 999, 0, 999, 0, 999, 0, 999, 0, 999, 0, 999, 0, 999, 0, 999, 0, 999, 0, 999, 0, 999, 0, 999, 0, 999, 999, 999, 999, 999, 999, 999, 999]
time : 2.94 (+0.76 = 0.00 + 0.75 + 0.00 + 0.00 + 0.00)

45th Add (Sname, S, D) : t[27], 110592, 9
Dist : [0, 0, 0, 0, 0, 0, 0, 0, 0, 0, 0, 0, 0, 0, 0, 0, 0, 0, 2, 1, 5, 999, 999, 0, 0, 999, 999, 999, 999, 0, 999, 0, 999, 0, 999, 0, 999, 0, 999, 0, 999, 0, 999, 0, 999, 0, 999, 0, 999, 0, 999, 0, 999, 0, 999, 0, 999, 0, 999, 0, 999, 0, 999, 0, 999, 999, 999, 999, 999, 999, 999, 999]
time : 2.94 (+0.00 = 0.00 + 0.00)

46th Add (Sname, S, D) : t[28], 55408, 10
Dist : [0, 0, 0, 0, 0, 0, 0, 0, 0, 0, 0, 0, 0, 0, 0, 0, 0, 0, 2, 0, 5, 999, 999, 0, 0, 999, 999, 999, 999, 0, 999, 0, 999, 0, 999, 0, 999, 0, 999, 0, 999, 0, 999, 0, 999, 0, 999, 0, 999, 0, 999, 0, 999, 0, 999, 0, 999, 0, 999, 0, 999, 0, 999, 0, 999, 999, 999, 999, 999, 999, 999, 999]
time : 2.95 (+0.00 = 0.00 + 0.00)

47th Add (Sname, S, D) : t[29], 49408, 8
Dist : [0, 0, 0, 0, 0, 0, 0, 0, 0, 0, 0, 0, 0, 0, 0, 0, 0, 0, 1, 0, 5, 999, 999, 0, 0, 999, 999, 999, 999, 0, 999, 0, 999, 0, 999, 0, 999, 0, 999, 0, 999, 0, 999, 0, 999, 0, 999, 0, 999, 0, 999, 0, 999, 0, 999, 0, 999, 0, 999, 0, 999, 0, 999, 0, 999, 999, 999, 999, 999, 999, 999, 999]
time : 4.10 (+1.15 = 0.00 + 1.14 + 0.00 + 0.00 + 0.00)

48th Add (Sname, S, D) : t[30], 49920, 9
Dist : [0, 0, 0, 0, 0, 0, 0, 0, 0, 0, 0, 0, 0, 0, 0, 0, 0, 0, 0, 0, 5, 999, 999, 0, 0, 999, 999, 999, 999, 0, 999, 0, 999, 0, 999, 0, 999, 0, 999, 0, 999, 0, 999, 0, 999, 0, 999, 0, 999, 0, 999, 0, 999, 0, 999, 0, 999, 0, 999, 0, 999, 0, 999, 0, 999, 999, 999, 999, 999, 999, 999, 999]
time : 4.10 (+0.00 = 0.00 + 0.00)

49th Add (Sname, S, D) : g[9], 131072, 11
Dist : [0, 0, 0, 0, 0, 0, 0, 0, 0, 0, 0, 0, 0, 0, 0, 0, 0, 0, 0, 0, 5, 1, 6, 0, 0, 999, 999, 999, 999, 0, 999, 0, 999, 0, 999, 0, 999, 0, 999, 0, 999, 0, 999, 0, 999, 0, 999, 0, 999, 0, 999, 0, 999, 0, 999, 0, 999, 0, 999, 0, 999, 0, 999, 0, 999, 999, 999, 999, 999, 999, 999, 999]
time : 4.11 (+0.01 = 0.00 + 0.01)

50th Add (Sname, S, D) : t[31], 223344, 12
Dist : [0, 0, 0, 0, 0, 0, 0, 0, 0, 0, 0, 0, 0, 0, 0, 0, 0, 0, 0, 0, 5, 0, 6, 0, 0, 999, 999, 999, 999, 0, 999, 0, 999, 0, 999, 0, 999, 0, 999, 0, 999, 0, 999, 0, 999, 0, 999, 0, 999, 0, 999, 0, 999, 0, 999, 0, 999, 0, 999, 0, 999, 0, 999, 0, 999, 999, 999, 999, 999, 999, 999, 999]
time : 4.11 (+0.01 = 0.00 + 0.01)

51th Add (Sname, S, D) : t[32], 8372, 7
Dist : [0, 0, 0, 0, 0, 0, 0, 0, 0, 0, 0, 0, 0, 0, 0, 0, 0, 0, 0, 0, 4, 0, 5, 0, 0, 999, 999, 999, 999, 0, 999, 0, 999, 0, 999, 0, 999, 0, 999, 0, 999, 0, 999, 0, 999, 0, 999, 0, 999, 0, 999, 0, 999, 0, 999, 0, 999, 0, 999, 0, 999, 0, 999, 0, 999, 999, 999, 999, 999, 999, 999, 999]
time : 6.29 (+2.18 = 0.00 + 2.17 + 0.00 + 0.00 + 0.01)

52th Add (Sname, S, D) : t[33], 107520, 9
Dist : [0, 0, 0, 0, 0, 0, 0, 0, 0, 0, 0, 0, 0, 0, 0, 0, 0, 0, 0, 0, 3, 0, 4, 0, 0, 999, 999, 999, 999, 0, 999, 0, 999, 0, 999, 0, 999, 0, 999, 0, 999, 0, 999, 0, 999, 0, 999, 0, 999, 0, 999, 0, 999, 0, 999, 0, 999, 0, 999, 0, 999, 0, 999, 0, 999, 999, 999, 999, 999, 999, 999, 999]
time : 8.50 (+2.20 = 0.00 + 2.19 + 0.00 + 0.00 + 0.01)

53th Add (Sname, S, D) : t[34], 8352, 8
Dist : [0, 0, 0, 0, 0, 0, 0, 0, 0, 0, 0, 0, 0, 0, 0, 0, 0, 0, 0, 0, 2, 0, 3, 0, 0, 999, 999, 999, 999, 0, 999, 0, 999, 0, 999, 0, 999, 0, 999, 0, 999, 0, 999, 0, 999, 0, 999, 0, 999, 0, 999, 0, 999, 0, 999, 0, 999, 0, 999, 0, 999, 0, 999, 0, 999, 999, 999, 999, 999, 999, 999, 999]
time : 11.19 (+2.69 = 0.00 + 2.69 + 0.00 + 0.00 + 0.01)

54th Add (Sname, S, D) : t[35], 99488, 10
Dist : [0, 0, 0, 0, 0, 0, 0, 0, 0, 0, 0, 0, 0, 0, 0, 0, 0, 0, 0, 0, 1, 0, 2, 0, 0, 999, 999, 999, 999, 0, 999, 0, 999, 0, 999, 0, 999, 0, 999, 0, 999, 0, 999, 0, 999, 0, 999, 0, 999, 0, 999, 0, 999, 0, 999, 0, 999, 0, 999, 0, 999, 0, 999, 0, 999, 999, 999, 999, 999, 999, 999, 999]
time : 13.94 (+2.74 = 0.00 + 2.73 + 0.00 + 0.00 + 0.01)

55th Add (Sname, S, D) : t[36], 100000, 11
Dist : [0, 0, 0, 0, 0, 0, 0, 0, 0, 0, 0, 0, 0, 0, 0, 0, 0, 0, 0, 0, 0, 0, 2, 0, 0, 999, 999, 999, 999, 0, 999, 0, 999, 0, 999, 0, 999, 0, 999, 0, 999, 0, 999, 0, 999, 0, 999, 0, 999, 0, 999, 0, 999, 0, 999, 0, 999, 0, 999, 0, 999, 0, 999, 0, 999, 999, 999, 999, 999, 999, 999, 999]
time : 13.94 (+0.01 = 0.00 + 0.01)

56th Add (Sname, S, D) : g[10], 262144, 13
Dist : [0, 0, 0, 0, 0, 0, 0, 0, 0, 0, 0, 0, 0, 0, 0, 0, 0, 0, 0, 0, 0, 0, 2, 0, 0, 999, 2, 999, 999, 0, 999, 0, 999, 0, 999, 0, 999, 0, 2, 0, 999, 0, 999, 0, 999, 0, 999, 0, 999, 0, 999, 0, 999, 0, 999, 0, 2, 0, 999, 0, 999, 0, 999, 0, 999, 999, 999, 999, 999, 999, 999, 999]
time : 13.95 (+0.01 = 0.00 + 0.01)

57th Add (Sname, S, D) : t[37], 83360, 11
Dist : [0, 0, 0, 0, 0, 0, 0, 0, 0, 0, 0, 0, 0, 0, 0, 0, 0, 0, 0, 0, 0, 0, 1, 0, 0, 999, 1, 999, 999, 0, 999, 0, 999, 0, 999, 0, 999, 0, 1, 0, 999, 0, 999, 0, 999, 0, 999, 0, 999, 0, 999, 0, 999, 0, 999, 0, 1, 0, 999, 0, 999, 0, 999, 0, 999, 999, 999, 999, 999, 999, 999, 999]
time : 18.36 (+4.41 = 0.00 + 4.40 + 0.00 + 0.00 + 0.01)

58th Add (Sname, S, D) : t[38], 214432, 12
Dist : [0, 0, 0, 0, 0, 0, 0, 0, 0, 0, 0, 0, 0, 0, 0, 0, 0, 0, 0, 0, 0, 0, 0, 0, 0, 999, 1, 999, 999, 0, 999, 0, 999, 0, 999, 0, 999, 0, 1, 0, 999, 0, 999, 0, 999, 0, 999, 0, 999, 0, 999, 0, 999, 0, 999, 0, 1, 0, 999, 0, 999, 0, 999, 0, 999, 999, 999, 999, 999, 999, 999, 999]
time : 18.37 (+0.01 = 0.00 + 0.01)

59th Add (Sname, S, D) : g[11], 524288, 13
Dist : [0, 0, 0, 0, 0, 0, 0, 0, 0, 0, 0, 0, 0, 0, 0, 0, 0, 0, 0, 0, 0, 0, 0, 0, 0, 1, 1, 999, 999, 0, 999, 0, 1, 0, 999, 0, 999, 0, 1, 0, 3, 0, 999, 0, 999, 0, 999, 0, 999, 0, 1, 0, 999, 0, 999, 0, 1, 0, 3, 0, 999, 0, 999, 0, 999, 999, 999, 999, 999, 999, 999, 999]
time : 18.38 (+0.01 = 0.00 + 0.01)

60th Add (Sname, S, D) : t[39], 655360, 14
Dist : [0, 0, 0, 0, 0, 0, 0, 0, 0, 0, 0, 0, 0, 0, 0, 0, 0, 0, 0, 0, 0, 0, 0, 0, 0, 0, 1, 999, 999, 0, 999, 0, 1, 0, 999, 0, 999, 0, 1, 0, 3, 0, 999, 0, 999, 0, 999, 0, 999, 0, 1, 0, 999, 0, 999, 0, 1, 0, 3, 0, 999, 0, 999, 0, 999, 999, 999, 999, 999, 999, 999, 999]
time : 18.39 (+0.01 = 0.00 + 0.01)

61th Add (Sname, S, D) : g[12], 1048576, 15
Dist : [0, 0, 0, 0, 0, 0, 0, 0, 0, 0, 0, 0, 0, 0, 0, 0, 0, 0, 0, 0, 0, 0, 0, 0, 0, 0, 1, 1, 1, 0, 2, 0, 1, 0, 999, 0, 999, 0, 1, 0, 3, 0, 999, 0, 999, 0, 1, 0, 2, 0, 1, 0, 999, 0, 999, 0, 1, 0, 3, 0, 999, 0, 999, 0, 999, 999, 999, 999, 999, 999, 999, 999]
time : 18.40 (+0.01 = 0.00 + 0.01)

62th Add (Sname, S, D) : t[40], 345504, 14
Dist : [0, 0, 0, 0, 0, 0, 0, 0, 0, 0, 0, 0, 0, 0, 0, 0, 0, 0, 0, 0, 0, 0, 0, 0, 0, 0, 0, 1, 1, 0, 2, 0, 1, 0, 999, 0, 999, 0, 0, 0, 2, 0, 999, 0, 999, 0, 1, 0, 2, 0, 1, 0, 999, 0, 999, 0, 0, 0, 2, 0, 999, 0, 999, 0, 999, 999, 999, 999, 999, 999, 999, 999]
time : 18.42 (+0.01 = 0.00 + 0.01)

63th Add (Sname, S, D) : g[19], 134217728, 15
Dist : [0, 0, 0, 0, 0, 0, 0, 0, 0, 0, 0, 0, 0, 0, 0, 0, 0, 0, 0, 0, 0, 0, 0, 0, 0, 0, 0, 1, 1, 0, 2, 0, 1, 0, 999, 0, 999, 0, 0, 0, 2, 0, 999, 0, 999, 0, 1, 0, 2, 0, 1, 0, 999, 0, 999, 0, 0, 0, 2, 0, 999, 0, 999, 0, 999, 999, 999, 999, 999, 999, 999, 999]
time : 18.43 (+0.01 = 0.00 + 0.01)

64th Add (Sname, S, D) : g[28], 68719476736, 15
Dist : [0, 0, 0, 0, 0, 0, 0, 0, 0, 0, 0, 0, 0, 0, 0, 0, 0, 0, 0, 0, 0, 0, 0, 0, 0, 0, 0, 1, 1, 0, 2, 0, 1, 0, 999, 0, 999, 0, 0, 0, 2, 0, 999, 0, 999, 0, 1, 0, 2, 0, 1, 0, 999, 0, 999, 0, 0, 0, 2, 0, 999, 0, 999, 0, 999, 999, 999, 999, 999, 999, 999, 999]
time : 18.45 (+0.02 = 0.00 + 0.02)

65th Add (Sname, S, D) : t[41], 1271920, 16
Dist : [0, 0, 0, 0, 0, 0, 0, 0, 0, 0, 0, 0, 0, 0, 0, 0, 0, 0, 0, 0, 0, 0, 0, 0, 0, 0, 0, 0, 1, 0, 2, 0, 1, 0, 999, 0, 999, 0, 0, 0, 2, 0, 999, 0, 999, 0, 1, 0, 2, 0, 1, 0, 999, 0, 999, 0, 0, 0, 2, 0, 999, 0, 999, 0, 999, 999, 999, 999, 999, 999, 999, 999]
time : 18.46 (+0.02 = 0.00 + 0.01)

66th Add (Sname, S, D) : g[13], 2097152, 17
Dist : [0, 0, 0, 0, 0, 0, 0, 0, 0, 0, 0, 0, 0, 0, 0, 0, 0, 0, 0, 0, 0, 0, 0, 0, 0, 0, 0, 0, 1, 0, 2, 0, 1, 0, 2, 0, 1, 0, 0, 0, 2, 0, 4, 0, 4, 0, 1, 0, 2, 0, 1, 0, 2, 0, 1, 0, 0, 0, 2, 0, 4, 0, 4, 0, 999, 999, 999, 999, 999, 999, 999, 999]
time : 18.47 (+0.01 = 0.00 + 0.01)

67th Add (Sname, S, D) : t[42], 1103984, 16
Dist : [0, 0, 0, 0, 0, 0, 0, 0, 0, 0, 0, 0, 0, 0, 0, 0, 0, 0, 0, 0, 0, 0, 0, 0, 0, 0, 0, 0, 0, 0, 2, 0, 1, 0, 2, 0, 1, 0, 0, 0, 2, 0, 3, 0, 4, 0, 0, 0, 2, 0, 1, 0, 2, 0, 1, 0, 0, 0, 2, 0, 3, 0, 4, 0, 999, 999, 999, 999, 999, 999, 999, 999]
time : 18.49 (+0.02 = 0.00 + 0.02)

68th Add (Sname, S, D) : g[14], 4194304, 17
Dist : [0, 0, 0, 0, 0, 0, 0, 0, 0, 0, 0, 0, 0, 0, 0, 0, 0, 0, 0, 0, 0, 0, 0, 0, 0, 0, 0, 0, 0, 0, 2, 0, 1, 0, 2, 0, 1, 0, 0, 0, 2, 0, 3, 0, 4, 0, 0, 0, 2, 0, 1, 0, 2, 0, 1, 0, 0, 0, 2, 0, 3, 0, 4, 0, 999, 999, 999, 999, 999, 999, 999, 999]
time : 18.51 (+0.01 = 0.00 + 0.01)

69th Add (Sname, S, D) : g[23], 2147483648, 17
Dist : [0, 0, 0, 0, 0, 0, 0, 0, 0, 0, 0, 0, 0, 0, 0, 0, 0, 0, 0, 0, 0, 0, 0, 0, 0, 0, 0, 0, 0, 0, 2, 0, 1, 0, 2, 0, 1, 0, 0, 0, 2, 0, 3, 0, 4, 0, 0, 0, 2, 0, 1, 0, 2, 0, 1, 0, 0, 0, 2, 0, 3, 0, 4, 0, 999, 999, 999, 999, 999, 999, 999, 999]
time : 18.53 (+0.02 = 0.00 + 0.02)

70th Add (Sname, S, D) : t[43], 616560, 14
Dist : [0, 0, 0, 0, 0, 0, 0, 0, 0, 0, 0, 0, 0, 0, 0, 0, 0, 0, 0, 0, 0, 0, 0, 0, 0, 0, 0, 0, 0, 0, 1, 0, 0, 0, 2, 0, 1, 0, 0, 0, 1, 0, 3, 0, 3, 0, 0, 0, 1, 0, 0, 0, 2, 0, 1, 0, 0, 0, 1, 0, 3, 0, 3, 0, 999, 999, 999, 999, 999, 999, 999, 999]
time : 18.55 (+0.02 = 0.00 + 0.02)

71th Add (Sname, S, D) : g[16], 16777216, 15
Dist : [0, 0, 0, 0, 0, 0, 0, 0, 0, 0, 0, 0, 0, 0, 0, 0, 0, 0, 0, 0, 0, 0, 0, 0, 0, 0, 0, 0, 0, 0, 1, 0, 0, 0, 2, 0, 1, 0, 0, 0, 1, 0, 3, 0, 3, 0, 0, 0, 1, 0, 0, 0, 2, 0, 1, 0, 0, 0, 1, 0, 3, 0, 3, 0, 999, 999, 999, 999, 999, 999, 999, 999]
time : 18.57 (+0.02 = 0.00 + 0.02)

72th Add (Sname, S, D) : g[25], 8589934592, 15
Dist : [0, 0, 0, 0, 0, 0, 0, 0, 0, 0, 0, 0, 0, 0, 0, 0, 0, 0, 0, 0, 0, 0, 0, 0, 0, 0, 0, 0, 0, 0, 1, 0, 0, 0, 2, 0, 1, 0, 0, 0, 1, 0, 3, 0, 3, 0, 0, 0, 1, 0, 0, 0, 2, 0, 1, 0, 0, 0, 1, 0, 3, 0, 3, 0, 999, 999, 999, 999, 999, 999, 999, 999]
time : 18.60 (+0.04 = 0.00 + 0.04)

73th Add (Sname, S, D) : t[44], 1683456, 17
Dist : [0, 0, 0, 0, 0, 0, 0, 0, 0, 0, 0, 0, 0, 0, 0, 0, 0, 0, 0, 0, 0, 0, 0, 0, 0, 0, 0, 0, 0, 0, 0, 0, 0, 0, 2, 0, 1, 0, 0, 0, 1, 0, 3, 0, 2, 0, 0, 0, 0, 0, 0, 0, 2, 0, 1, 0, 0, 0, 1, 0, 3, 0, 2, 0, 999, 999, 999, 999, 999, 999, 999, 999]
time : 18.63 (+0.02 = 0.00 + 0.02)

74th Add (Sname, S, D) : g[15], 8388608, 18
Dist : [0, 0, 0, 0, 0, 0, 0, 0, 0, 0, 0, 0, 0, 0, 0, 0, 0, 0, 0, 0, 0, 0, 0, 0, 0, 0, 0, 0, 0, 0, 0, 0, 0, 0, 2, 0, 1, 0, 0, 0, 1, 0, 3, 0, 2, 0, 0, 0, 0, 0, 0, 0, 2, 0, 1, 0, 0, 0, 1, 0, 3, 0, 2, 0, 999, 999, 999, 999, 999, 999, 999, 999]
time : 18.65 (+0.02 = 0.00 + 0.02)

75th Add (Sname, S, D) : g[24], 4294967296, 18
Dist : [0, 0, 0, 0, 0, 0, 0, 0, 0, 0, 0, 0, 0, 0, 0, 0, 0, 0, 0, 0, 0, 0, 0, 0, 0, 0, 0, 0, 0, 0, 0, 0, 0, 0, 2, 0, 1, 0, 0, 0, 1, 0, 3, 0, 2, 0, 0, 0, 0, 0, 0, 0, 2, 0, 1, 0, 0, 0, 1, 0, 3, 0, 2, 0, 999, 999, 999, 999, 999, 999, 999, 999]
time : 18.68 (+0.03 = 0.00 + 0.03)

76th Add (Sname, S, D) : t[45], 2197152, 18
Dist : [0, 0, 0, 0, 0, 0, 0, 0, 0, 0, 0, 0, 0, 0, 0, 0, 0, 0, 0, 0, 0, 0, 0, 0, 0, 0, 0, 0, 0, 0, 0, 0, 0, 0, 1, 0, 0, 0, 0, 0, 1, 0, 2, 0, 1, 0, 0, 0, 0, 0, 0, 0, 1, 0, 0, 0, 0, 0, 1, 0, 2, 0, 1, 0, 999, 999, 999, 999, 999, 999, 999, 999]
time : 18.71 (+0.03 = 0.00 + 0.03)

77th Add (Sname, S, D) : g[18], 67108864, 19
Dist : [0, 0, 0, 0, 0, 0, 0, 0, 0, 0, 0, 0, 0, 0, 0, 0, 0, 0, 0, 0, 0, 0, 0, 0, 0, 0, 0, 0, 0, 0, 0, 0, 0, 0, 1, 0, 0, 0, 0, 0, 1, 0, 2, 0, 1, 0, 0, 0, 0, 0, 0, 0, 1, 0, 0, 0, 0, 0, 1, 0, 2, 0, 1, 0, 999, 999, 999, 999, 999, 999, 999, 999]
time : 18.73 (+0.03 = 0.00 + 0.03)

78th Add (Sname, S, D) : g[27], 34359738368, 19
Dist : [0, 0, 0, 0, 0, 0, 0, 0, 0, 0, 0, 0, 0, 0, 0, 0, 0, 0, 0, 0, 0, 0, 0, 0, 0, 0, 0, 0, 0, 0, 0, 0, 0, 0, 1, 0, 0, 0, 0, 0, 1, 0, 2, 0, 1, 0, 0, 0, 0, 0, 0, 0, 1, 0, 0, 0, 0, 0, 1, 0, 2, 0, 1, 0, 999, 999, 999, 999, 999, 999, 999, 999]
time : 18.77 (+0.04 = 0.00 + 0.04)

79th Add (Sname, S, D) : t[46], 2409216, 19
Dist : [0, 0, 0, 0, 0, 0, 0, 0, 0, 0, 0, 0, 0, 0, 0, 0, 0, 0, 0, 0, 0, 0, 0, 0, 0, 0, 0, 0, 0, 0, 0, 0, 0, 0, 0, 0, 0, 0, 0, 0, 1, 0, 1, 0, 1, 0, 0, 0, 0, 0, 0, 0, 0, 0, 0, 0, 0, 0, 1, 0, 1, 0, 1, 0, 999, 999, 999, 999, 999, 999, 999, 999]
time : 18.80 (+0.03 = 0.00 + 0.03)

80th Add (Sname, S, D) : g[17], 33554432, 20
Dist : [0, 0, 0, 0, 0, 0, 0, 0, 0, 0, 0, 0, 0, 0, 0, 0, 0, 0, 0, 0, 0, 0, 0, 0, 0, 0, 0, 0, 0, 0, 0, 0, 0, 0, 0, 0, 0, 0, 0, 0, 1, 0, 1, 0, 1, 0, 0, 0, 0, 0, 0, 0, 0, 0, 0, 0, 0, 0, 1, 0, 1, 0, 1, 0, 999, 999, 999, 999, 999, 999, 999, 999]
time : 18.84 (+0.03 = 0.00 + 0.03)

81th Add (Sname, S, D) : g[26], 17179869184, 20
Dist : [0, 0, 0, 0, 0, 0, 0, 0, 0, 0, 0, 0, 0, 0, 0, 0, 0, 0, 0, 0, 0, 0, 0, 0, 0, 0, 0, 0, 0, 0, 0, 0, 0, 0, 0, 0, 0, 0, 0, 0, 1, 0, 1, 0, 1, 0, 0, 0, 0, 0, 0, 0, 0, 0, 0, 0, 0, 0, 1, 0, 1, 0, 1, 0, 999, 999, 999, 999, 999, 999, 999, 999]
time : 18.90 (+0.06 = 0.00 + 0.06)

82th Add (Sname, S, D) : t[47], 798160, 15
Dist : [0, 0, 0, 0, 0, 0, 0, 0, 0, 0, 0, 0, 0, 0, 0, 0, 0, 0, 0, 0, 0, 0, 0, 0, 0, 0, 0, 0, 0, 0, 0, 0, 0, 0, 0, 0, 0, 0, 0, 0, 0, 0, 1, 0, 1, 0, 0, 0, 0, 0, 0, 0, 0, 0, 0, 0, 0, 0, 0, 0, 1, 0, 1, 0, 999, 999, 999, 999, 999, 999, 999, 999]
time : 18.94 (+0.04 = 0.00 + 0.04)

83th Add (Sname, S, D) : g[20], 268435456, 16
Dist : [0, 0, 0, 0, 0, 0, 0, 0, 0, 0, 0, 0, 0, 0, 0, 0, 0, 0, 0, 0, 0, 0, 0, 0, 0, 0, 0, 0, 0, 0, 0, 0, 0, 0, 0, 0, 0, 0, 0, 0, 0, 0, 1, 0, 1, 0, 0, 0, 0, 0, 0, 0, 0, 0, 0, 0, 0, 0, 0, 0, 1, 0, 1, 0, 999, 999, 999, 999, 999, 999, 999, 999]
time : 18.98 (+0.04 = 0.00 + 0.04)

84th Add (Sname, S, D) : g[29], 137438953472, 16
Dist : [0, 0, 0, 0, 0, 0, 0, 0, 0, 0, 0, 0, 0, 0, 0, 0, 0, 0, 0, 0, 0, 0, 0, 0, 0, 0, 0, 0, 0, 0, 0, 0, 0, 0, 0, 0, 0, 0, 0, 0, 0, 0, 1, 0, 1, 0, 0, 0, 0, 0, 0, 0, 0, 0, 0, 0, 0, 0, 0, 0, 1, 0, 1, 0, 999, 999, 999, 999, 999, 999, 999, 999]
time : 19.02 (+0.04 = 0.00 + 0.04)

85th Add (Sname, S, D) : t[48], 3414896, 20
Dist : [0, 0, 0, 0, 0, 0, 0, 0, 0, 0, 0, 0, 0, 0, 0, 0, 0, 0, 0, 0, 0, 0, 0, 0, 0, 0, 0, 0, 0, 0, 0, 0, 0, 0, 0, 0, 0, 0, 0, 0, 0, 0, 0, 0, 1, 0, 0, 0, 0, 0, 0, 0, 0, 0, 0, 0, 0, 0, 0, 0, 0, 0, 1, 0, 999, 999, 999, 999, 999, 999, 999, 999]
time : 19.07 (+0.04 = 0.00 + 0.04)

86th Add (Sname, S, D) : g[21], 536870912, 21
Dist : [0, 0, 0, 0, 0, 0, 0, 0, 0, 0, 0, 0, 0, 0, 0, 0, 0, 0, 0, 0, 0, 0, 0, 0, 0, 0, 0, 0, 0, 0, 0, 0, 0, 0, 0, 0, 0, 0, 0, 0, 0, 0, 0, 0, 1, 0, 0, 0, 0, 0, 0, 0, 0, 0, 0, 0, 0, 0, 0, 0, 0, 0, 1, 0, 999, 999, 999, 999, 999, 999, 999, 999]
time : 19.11 (+0.04 = 0.00 + 0.04)

87th Add (Sname, S, D) : g[30], 274877906944, 21
Dist : [0, 0, 0, 0, 0, 0, 0, 0, 0, 0, 0, 0, 0, 0, 0, 0, 0, 0, 0, 0, 0, 0, 0, 0, 0, 0, 0, 0, 0, 0, 0, 0, 0, 0, 0, 0, 0, 0, 0, 0, 0, 0, 0, 0, 1, 0, 0, 0, 0, 0, 0, 0, 0, 0, 0, 0, 0, 0, 0, 0, 0, 0, 1, 0, 7, 999, 999, 7, 7, 999, 7, 7]
time : 25.15 (+6.04 = 0.00 + 6.04)

88th Add (Sname, S, D) : t[49], 3684000, 19
Dist : [0, 0, 0, 0, 0, 0, 0, 0, 0, 0, 0, 0, 0, 0, 0, 0, 0, 0, 0, 0, 0, 0, 0, 0, 0, 0, 0, 0, 0, 0, 0, 0, 0, 0, 0, 0, 0, 0, 0, 0, 0, 0, 0, 0, 0, 0, 0, 0, 0, 0, 0, 0, 0, 0, 0, 0, 0, 0, 0, 0, 0, 0, 0, 0, 7, 999, 999, 7, 7, 999, 7, 7]
time : 25.57 (+0.42 = 0.00 + 0.42)

89th Add (Sname, S, D) : g[22], 1073741824, 20
Dist : [0, 0, 0, 0, 0, 0, 0, 0, 0, 0, 0, 0, 0, 0, 0, 0, 0, 0, 0, 0, 0, 0, 0, 0, 0, 0, 0, 0, 0, 0, 0, 0, 0, 0, 0, 0, 0, 0, 0, 0, 0, 0, 0, 0, 0, 0, 0, 0, 0, 0, 0, 0, 0, 0, 0, 0, 0, 0, 0, 0, 0, 0, 0, 0, 7, 7, 999, 7, 7, 999, 7, 7]
time : 28.65 (+3.08 = 0.00 + 3.08)

90th Add (Sname, S, D) : g[31], 549755813888, 20
Dist : [0, 0, 0, 0, 0, 0, 0, 0, 0, 0, 0, 0, 0, 0, 0, 0, 0, 0, 0, 0, 0, 0, 0, 0, 0, 0, 0, 0, 0, 0, 0, 0, 0, 0, 0, 0, 0, 0, 0, 0, 0, 0, 0, 0, 0, 0, 0, 0, 0, 0, 0, 0, 0, 0, 0, 0, 0, 0, 0, 0, 0, 0, 0, 0, 7, 7, 999, 7, 7, 7, 7, 7]
time : 31.84 (+3.19 = 0.00 + 3.19)

91th Add (Sname, S, D) : t[50], 412316860416, 22
Dist : [0, 0, 0, 0, 0, 0, 0, 0, 0, 0, 0, 0, 0, 0, 0, 0, 0, 0, 0, 0, 0, 0, 0, 0, 0, 0, 0, 0, 0, 0, 0, 0, 0, 0, 0, 0, 0, 0, 0, 0, 0, 0, 0, 0, 0, 0, 0, 0, 0, 0, 0, 0, 0, 0, 0, 0, 0, 0, 0, 0, 0, 0, 0, 0, 6, 6, 999, 6, 6, 7, 6, 6]
time : 1534.15 (+1502.31 = 0.01 + 1500.31 + 0.00 + 0.00 + 1.99)

92th Add (Sname, S, D) : t[51], 414464344064, 23
Dist : [0, 0, 0, 0, 0, 0, 0, 0, 0, 0, 0, 0, 0, 0, 0, 0, 0, 0, 0, 0, 0, 0, 0, 0, 0, 0, 0, 0, 0, 0, 0, 0, 0, 0, 0, 0, 0, 0, 0, 0, 0, 0, 0, 0, 0, 0, 0, 0, 0, 0, 0, 0, 0, 0, 0, 0, 0, 0, 0, 0, 0, 0, 0, 0, 6, 6, 999, 5, 5, 7, 5, 5]
time : 1893.99 (+359.84 = 0.01 + 358.27 + 0.00 + 0.00 + 1.57)

93th Add (Sname, S, D) : t[52], 418759311360, 24
Dist : [0, 0, 0, 0, 0, 0, 0, 0, 0, 0, 0, 0, 0, 0, 0, 0, 0, 0, 0, 0, 0, 0, 0, 0, 0, 0, 0, 0, 0, 0, 0, 0, 0, 0, 0, 0, 0, 0, 0, 0, 0, 0, 0, 0, 0, 0, 0, 0, 0, 0, 0, 0, 0, 0, 0, 0, 0, 0, 0, 0, 0, 0, 0, 0, 6, 6, 999, 4, 4, 7, 4, 4]
time : 2246.80 (+352.81 = 0.01 + 351.25 + 0.00 + 0.00 + 1.55)

94th Add (Sname, S, D) : t[53], 418767699968, 25
Dist : [0, 0, 0, 0, 0, 0, 0, 0, 0, 0, 0, 0, 0, 0, 0, 0, 0, 0, 0, 0, 0, 0, 0, 0, 0, 0, 0, 0, 0, 0, 0, 0, 0, 0, 0, 0, 0, 0, 0, 0, 0, 0, 0, 0, 0, 0, 0, 0, 0, 0, 0, 0, 0, 0, 0, 0, 0, 0, 0, 0, 0, 0, 0, 0, 6, 6, 999, 3, 3, 7, 3, 4]
time : 2626.70 (+379.90 = 0.01 + 378.27 + 0.00 + 0.00 + 1.63)

95th Add (Sname, S, D) : t[54], 805306368, 22
Dist : [0, 0, 0, 0, 0, 0, 0, 0, 0, 0, 0, 0, 0, 0, 0, 0, 0, 0, 0, 0, 0, 0, 0, 0, 0, 0, 0, 0, 0, 0, 0, 0, 0, 0, 0, 0, 0, 0, 0, 0, 0, 0, 0, 0, 0, 0, 0, 0, 0, 0, 0, 0, 0, 0, 0, 0, 0, 0, 0, 0, 0, 0, 0, 0, 6, 6, 999, 3, 3, 7, 2, 3]
time : 3015.23 (+388.53 = 0.01 + 386.85 + 0.00 + 0.00 + 1.67)

96th Add (Sname, S, D) : t[55], 100663296, 21
Dist : [0, 0, 0, 0, 0, 0, 0, 0, 0, 0, 0, 0, 0, 0, 0, 0, 0, 0, 0, 0, 0, 0, 0, 0, 0, 0, 0, 0, 0, 0, 0, 0, 0, 0, 0, 0, 0, 0, 0, 0, 0, 0, 0, 0, 0, 0, 0, 0, 0, 0, 0, 0, 0, 0, 0, 0, 0, 0, 0, 0, 0, 0, 0, 0, 6, 6, 999, 3, 2, 7, 2, 2]
time : 3424.53 (+409.30 = 0.01 + 407.55 + 0.00 + 0.00 + 1.74)

97th Add (Sname, S, D) : t[56], 201326592, 20
Dist : [0, 0, 0, 0, 0, 0, 0, 0, 0, 0, 0, 0, 0, 0, 0, 0, 0, 0, 0, 0, 0, 0, 0, 0, 0, 0, 0, 0, 0, 0, 0, 0, 0, 0, 0, 0, 0, 0, 0, 0, 0, 0, 0, 0, 0, 0, 0, 0, 0, 0, 0, 0, 0, 0, 0, 0, 0, 0, 0, 0, 0, 0, 0, 0, 6, 5, 999, 2, 2, 7, 2, 2]
time : 3856.68 (+432.15 = 0.01 + 430.32 + 0.00 + 0.00 + 1.82)

98th Add (Sname, S, D) : t[57], 218103808, 21
Dist : [0, 0, 0, 0, 0, 0, 0, 0, 0, 0, 0, 0, 0, 0, 0, 0, 0, 0, 0, 0, 0, 0, 0, 0, 0, 0, 0, 0, 0, 0, 0, 0, 0, 0, 0, 0, 0, 0, 0, 0, 0, 0, 0, 0, 0, 0, 0, 0, 0, 0, 0, 0, 0, 0, 0, 0, 0, 0, 0, 0, 0, 0, 0, 0, 5, 5, 999, 1, 2, 7, 2, 2]
time : 4302.24 (+445.56 = 0.01 + 443.64 + 0.00 + 0.00 + 1.92)

99th Add (Sname, S, D) : t[58], 418985803776, 26
Dist : [0, 0, 0, 0, 0, 0, 0, 0, 0, 0, 0, 0, 0, 0, 0, 0, 0, 0, 0, 0, 0, 0, 0, 0, 0, 0, 0, 0, 0, 0, 0, 0, 0, 0, 0, 0, 0, 0, 0, 0, 0, 0, 0, 0, 0, 0, 0, 0, 0, 0, 0, 0, 0, 0, 0, 0, 0, 0, 0, 0, 0, 0, 0, 0, 5, 5, 999, 0, 2, 7, 2, 2]
time : 4304.24 (+2.00 = 0.00 + 2.00)

100th Add (Sname, S, D) : t[59], 104857600, 22
Dist : [0, 0, 0, 0, 0, 0, 0, 0, 0, 0, 0, 0, 0, 0, 0, 0, 0, 0, 0, 0, 0, 0, 0, 0, 0, 0, 0, 0, 0, 0, 0, 0, 0, 0, 0, 0, 0, 0, 0, 0, 0, 0, 0, 0, 0, 0, 0, 0, 0, 0, 0, 0, 0, 0, 0, 0, 0, 0, 0, 0, 0, 0, 0, 0, 4, 5, 999, 0, 1, 7, 2, 2]
time : 4777.35 (+473.12 = 0.01 + 471.00 + 0.00 + 0.00 + 2.11)

101th Add (Sname, S, D) : t[60], 418872557568, 26
Dist : [0, 0, 0, 0, 0, 0, 0, 0, 0, 0, 0, 0, 0, 0, 0, 0, 0, 0, 0, 0, 0, 0, 0, 0, 0, 0, 0, 0, 0, 0, 0, 0, 0, 0, 0, 0, 0, 0, 0, 0, 0, 0, 0, 0, 0, 0, 0, 0, 0, 0, 0, 0, 0, 0, 0, 0, 0, 0, 0, 0, 0, 0, 0, 0, 4, 5, 999, 0, 0, 7, 2, 2]
time : 4779.58 (+2.23 = 0.00 + 2.23)

102th Add (Sname, S, D) : t[61], 51539607552, 21
Dist : [0, 0, 0, 0, 0, 0, 0, 0, 0, 0, 0, 0, 0, 0, 0, 0, 0, 0, 0, 0, 0, 0, 0, 0, 0, 0, 0, 0, 0, 0, 0, 0, 0, 0, 0, 0, 0, 0, 0, 0, 0, 0, 0, 0, 0, 0, 0, 0, 0, 0, 0, 0, 0, 0, 0, 0, 0, 0, 0, 0, 0, 0, 0, 0, 3, 4, 999, 0, 0, 7, 2, 2]
time : 5293.19 (+513.61 = 0.01 + 511.29 + 0.00 + 0.00 + 2.31)

103th Add (Sname, S, D) : t[62], 463856467968, 23
Dist : [0, 0, 0, 0, 0, 0, 0, 0, 0, 0, 0, 0, 0, 0, 0, 0, 0, 0, 0, 0, 0, 0, 0, 0, 0, 0, 0, 0, 0, 0, 0, 0, 0, 0, 0, 0, 0, 0, 0, 0, 0, 0, 0, 0, 0, 0, 0, 0, 0, 0, 0, 0, 0, 0, 0, 0, 0, 0, 0, 0, 0, 0, 0, 0, 2, 3, 999, 0, 0, 7, 2, 2]
time : 5834.24 (+541.05 = 0.01 + 538.65 + 0.00 + 0.00 + 2.40)

104th Add (Sname, S, D) : t[63], 463961325568, 24
Dist : [0, 0, 0, 0, 0, 0, 0, 0, 0, 0, 0, 0, 0, 0, 0, 0, 0, 0, 0, 0, 0, 0, 0, 0, 0, 0, 0, 0, 0, 0, 0, 0, 0, 0, 0, 0, 0, 0, 0, 0, 0, 0, 0, 0, 0, 0, 0, 0, 0, 0, 0, 0, 0, 0, 0, 0, 0, 0, 0, 0, 0, 0, 0, 0, 1, 3, 7, 0, 0, 7, 2, 2]
time : 6375.30 (+541.05 = 0.01 + 538.88 + 0.00 + 0.00 + 2.17)

105th Add (Sname, S, D) : t[64], 464045211648, 25
Dist : [0, 0, 0, 0, 0, 0, 0, 0, 0, 0, 0, 0, 0, 0, 0, 0, 0, 0, 0, 0, 0, 0, 0, 0, 0, 0, 0, 0, 0, 0, 0, 0, 0, 0, 0, 0, 0, 0, 0, 0, 0, 0, 0, 0, 0, 0, 0, 0, 0, 0, 0, 0, 0, 0, 0, 0, 0, 0, 0, 0, 0, 0, 0, 0, 0, 3, 7, 0, 0, 7, 2, 2]
time : 6375.58 (+0.29 = 0.00 + 0.29)

106th Add (Sname, S, D) : t[65], 1610612736, 22
Dist : [0, 0, 0, 0, 0, 0, 0, 0, 0, 0, 0, 0, 0, 0, 0, 0, 0, 0, 0, 0, 0, 0, 0, 0, 0, 0, 0, 0, 0, 0, 0, 0, 0, 0, 0, 0, 0, 0, 0, 0, 0, 0, 0, 0, 0, 0, 0, 0, 0, 0, 0, 0, 0, 0, 0, 0, 0, 0, 0, 0, 0, 0, 0, 0, 0, 2, 6, 0, 0, 7, 2, 2]
time : 7245.33 (+869.74 = 0.01 + 869.43 + 0.00 + 0.00 + 0.30)

107th Add (Sname, S, D) : t[66], 1811939328, 23
Dist : [0, 0, 0, 0, 0, 0, 0, 0, 0, 0, 0, 0, 0, 0, 0, 0, 0, 0, 0, 0, 0, 0, 0, 0, 0, 0, 0, 0, 0, 0, 0, 0, 0, 0, 0, 0, 0, 0, 0, 0, 0, 0, 0, 0, 0, 0, 0, 0, 0, 0, 0, 0, 0, 0, 0, 0, 0, 0, 0, 0, 0, 0, 0, 0, 0, 1, 5, 0, 0, 7, 2, 2]
time : 7828.45 (+583.12 = 0.01 + 582.74 + 0.00 + 0.00 + 0.37)

108th Add (Sname, S, D) : t[67], 465668407296, 24
Dist : [0, 0, 0, 0, 0, 0, 0, 0, 0, 0, 0, 0, 0, 0, 0, 0, 0, 0, 0, 0, 0, 0, 0, 0, 0, 0, 0, 0, 0, 0, 0, 0, 0, 0, 0, 0, 0, 0, 0, 0, 0, 0, 0, 0, 0, 0, 0, 0, 0, 0, 0, 0, 0, 0, 0, 0, 0, 0, 0, 0, 0, 0, 0, 0, 0, 0, 5, 0, 0, 7, 2, 2]
time : 7828.66 (+0.21 = 0.00 + 0.21)

109th Add (Sname, S, D) : t[68], 809500672, 23
Dist : [0, 0, 0, 0, 0, 0, 0, 0, 0, 0, 0, 0, 0, 0, 0, 0, 0, 0, 0, 0, 0, 0, 0, 0, 0, 0, 0, 0, 0, 0, 0, 0, 0, 0, 0, 0, 0, 0, 0, 0, 0, 0, 0, 0, 0, 0, 0, 0, 0, 0, 0, 0, 0, 0, 0, 0, 0, 0, 0, 0, 0, 0, 0, 0, 0, 0, 5, 0, 0, 6, 1, 2]
time : 8459.30 (+630.64 = 0.01 + 630.43 + 0.00 + 0.00 + 0.21)

110th Add (Sname, S, D) : t[69], 419577200640, 26
Dist : [0, 0, 0, 0, 0, 0, 0, 0, 0, 0, 0, 0, 0, 0, 0, 0, 0, 0, 0, 0, 0, 0, 0, 0, 0, 0, 0, 0, 0, 0, 0, 0, 0, 0, 0, 0, 0, 0, 0, 0, 0, 0, 0, 0, 0, 0, 0, 0, 0, 0, 0, 0, 0, 0, 0, 0, 0, 0, 0, 0, 0, 0, 0, 0, 0, 0, 5, 0, 0, 6, 0, 2]
time : 8459.43 (+0.13 = 0.00 + 0.13)

111th Add (Sname, S, D) : t[70], 70531416064, 24
Dist : [0, 0, 0, 0, 0, 0, 0, 0, 0, 0, 0, 0, 0, 0, 0, 0, 0, 0, 0, 0, 0, 0, 0, 0, 0, 0, 0, 0, 0, 0, 0, 0, 0, 0, 0, 0, 0, 0, 0, 0, 0, 0, 0, 0, 0, 0, 0, 0, 0, 0, 0, 0, 0, 0, 0, 0, 0, 0, 0, 0, 0, 0, 0, 0, 0, 0, 4, 0, 0, 5, 0, 2]
time : 8741.29 (+281.86 = 0.01 + 281.72 + 0.00 + 0.00 + 0.14)

112th Add (Sname, S, D) : t[71], 905969664, 23
Dist : [0, 0, 0, 0, 0, 0, 0, 0, 0, 0, 0, 0, 0, 0, 0, 0, 0, 0, 0, 0, 0, 0, 0, 0, 0, 0, 0, 0, 0, 0, 0, 0, 0, 0, 0, 0, 0, 0, 0, 0, 0, 0, 0, 0, 0, 0, 0, 0, 0, 0, 0, 0, 0, 0, 0, 0, 0, 0, 0, 0, 0, 0, 0, 0, 0, 0, 4, 0, 0, 5, 0, 1]
time : 9024.69 (+283.40 = 0.01 + 283.25 + 0.00 + 0.00 + 0.14)

113th Add (Sname, S, D) : t[72], 419665281024, 25
Dist : [0, 0, 0, 0, 0, 0, 0, 0, 0, 0, 0, 0, 0, 0, 0, 0, 0, 0, 0, 0, 0, 0, 0, 0, 0, 0, 0, 0, 0, 0, 0, 0, 0, 0, 0, 0, 0, 0, 0, 0, 0, 0, 0, 0, 0, 0, 0, 0, 0, 0, 0, 0, 0, 0, 0, 0, 0, 0, 0, 0, 0, 0, 0, 0, 0, 0, 4, 0, 0, 5, 0, 0]
time : 9024.83 (+0.15 = 0.00 + 0.15)

114th Add (Sname, S, D) : t[73], 12884901888, 19
Dist : [0, 0, 0, 0, 0, 0, 0, 0, 0, 0, 0, 0, 0, 0, 0, 0, 0, 0, 0, 0, 0, 0, 0, 0, 0, 0, 0, 0, 0, 0, 0, 0, 0, 0, 0, 0, 0, 0, 0, 0, 0, 0, 0, 0, 0, 0, 0, 0, 0, 0, 0, 0, 0, 0, 0, 0, 0, 0, 0, 0, 0, 0, 0, 0, 0, 0, 3, 0, 0, 5, 0, 0]
time : 9351.69 (+326.86 = 0.01 + 326.70 + 0.00 + 0.00 + 0.15)

115th Add (Sname, S, D) : t[74], 47244640256, 20
Dist : [0, 0, 0, 0, 0, 0, 0, 0, 0, 0, 0, 0, 0, 0, 0, 0, 0, 0, 0, 0, 0, 0, 0, 0, 0, 0, 0, 0, 0, 0, 0, 0, 0, 0, 0, 0, 0, 0, 0, 0, 0, 0, 0, 0, 0, 0, 0, 0, 0, 0, 0, 0, 0, 0, 0, 0, 0, 0, 0, 0, 0, 0, 0, 0, 0, 0, 2, 0, 0, 5, 0, 0]
time : 9697.29 (+345.61 = 0.01 + 345.44 + 0.00 + 0.00 + 0.15)

116th Add (Sname, S, D) : t[75], 117776056320, 25
Dist : [0, 0, 0, 0, 0, 0, 0, 0, 0, 0, 0, 0, 0, 0, 0, 0, 0, 0, 0, 0, 0, 0, 0, 0, 0, 0, 0, 0, 0, 0, 0, 0, 0, 0, 0, 0, 0, 0, 0, 0, 0, 0, 0, 0, 0, 0, 0, 0, 0, 0, 0, 0, 0, 0, 0, 0, 0, 0, 0, 0, 0, 0, 0, 0, 0, 0, 1, 0, 0, 5, 0, 0]
time : 10065.44 (+368.15 = 0.01 + 367.97 + 0.00 + 0.00 + 0.17)

117th Add (Sname, S, D) : t[76], 512833355776, 26
Dist : [0, 0, 0, 0, 0, 0, 0, 0, 0, 0, 0, 0, 0, 0, 0, 0, 0, 0, 0, 0, 0, 0, 0, 0, 0, 0, 0, 0, 0, 0, 0, 0, 0, 0, 0, 0, 0, 0, 0, 0, 0, 0, 0, 0, 0, 0, 0, 0, 0, 0, 0, 0, 0, 0, 0, 0, 0, 0, 0, 0, 0, 0, 0, 0, 0, 0, 0, 0, 0, 5, 0, 0]
time : 10065.60 (+0.16 = 0.00 + 0.16)

118th Add (Sname, S, D) : t[77], 70346866688, 25
Dist : [0, 0, 0, 0, 0, 0, 0, 0, 0, 0, 0, 0, 0, 0, 0, 0, 0, 0, 0, 0, 0, 0, 0, 0, 0, 0, 0, 0, 0, 0, 0, 0, 0, 0, 0, 0, 0, 0, 0, 0, 0, 0, 0, 0, 0, 0, 0, 0, 0, 0, 0, 0, 0, 0, 0, 0, 0, 0, 0, 0, 0, 0, 0, 0, 0, 0, 0, 0, 0, 4, 0, 0]
time : 10443.99 (+378.39 = 0.01 + 378.24 + 0.00 + 0.00 + 0.14)

119th Add (Sname, S, D) : t[78], 687194767360, 21
Dist : [0, 0, 0, 0, 0, 0, 0, 0, 0, 0, 0, 0, 0, 0, 0, 0, 0, 0, 0, 0, 0, 0, 0, 0, 0, 0, 0, 0, 0, 0, 0, 0, 0, 0, 0, 0, 0, 0, 0, 0, 0, 0, 0, 0, 0, 0, 0, 0, 0, 0, 0, 0, 0, 0, 0, 0, 0, 0, 0, 0, 0, 0, 0, 0, 0, 0, 0, 0, 0, 3, 0, 0]
time : 10754.62 (+310.62 = 0.01 + 310.47 + 0.00 + 0.00 + 0.15)

120th Add (Sname, S, D) : t[79], 17989369856, 24
Dist : [0, 0, 0, 0, 0, 0, 0, 0, 0, 0, 0, 0, 0, 0, 0, 0, 0, 0, 0, 0, 0, 0, 0, 0, 0, 0, 0, 0, 0, 0, 0, 0, 0, 0, 0, 0, 0, 0, 0, 0, 0, 0, 0, 0, 0, 0, 0, 0, 0, 0, 0, 0, 0, 0, 0, 0, 0, 0, 0, 0, 0, 0, 0, 0, 0, 0, 0, 0, 0, 2, 0, 0]
time : 11082.00 (+327.38 = 0.01 + 327.23 + 0.00 + 0.00 + 0.15)

121th Add (Sname, S, D) : t[80], 705184137216, 25
Dist : [0, 0, 0, 0, 0, 0, 0, 0, 0, 0, 0, 0, 0, 0, 0, 0, 0, 0, 0, 0, 0, 0, 0, 0, 0, 0, 0, 0, 0, 0, 0, 0, 0, 0, 0, 0, 0, 0, 0, 0, 0, 0, 0, 0, 0, 0, 0, 0, 0, 0, 0, 0, 0, 0, 0, 0, 0, 0, 0, 0, 0, 0, 0, 0, 0, 0, 0, 0, 0, 1, 0, 0]
time : 11425.88 (+343.88 = 0.01 + 343.72 + 0.00 + 0.00 + 0.16)

122th Add (Sname, S, D) : t[81], 774457262080, 26
Dist : [0, 0, 0, 0, 0, 0, 0, 0, 0, 0, 0, 0, 0, 0, 0, 0, 0, 0, 0, 0, 0, 0, 0, 0, 0, 0, 0, 0, 0, 0, 0, 0, 0, 0, 0, 0, 0, 0, 0, 0, 0, 0, 0, 0, 0, 0, 0, 0, 0, 0, 0, 0, 0, 0, 0, 0, 0, 0, 0, 0, 0, 0, 0, 0, 0, 0, 0, 0, 0, 0, 0, 0]
time : 11426.05 (+0.16 = 0.00 + 0.16)

XOR : 82
Circuit : ['r[5]=x[0]', 'r[33]=x[0]', 'r[8]=x[1]', 't[0]=x[1]^x[7]', 'r[6]=t[0]', 'r[53]=t[0]', 't[1]=x[4]^x[7]', 'r[12]=t[1]', 'r[59]=t[1]', 't[2]=x[2]^x[4]', 'r[14]=t[2]', 'r[61]=t[2]', 't[3]=t[0]^t[2]', 'r[0]=t[3]', 'r[47]=t[3]', 't[4]=x[2]^x[7]', 'r[16]=t[4]', 'r[63]=t[4]', 't[5]=x[3]^t[1]', 't[6]=x[1]^t[5]', 'r[1]=t[6]', 'r[29]=t[6]', 'g[0]=r[0]&r[1]', 't[7]=x[0]^t[6]', 'r[3]=t[7]', 'r[31]=t[7]', 't[8]=x[5]^x[6]', 't[9]=x[0]^t[8]', 'r[9]=t[9]', 'r[37]=t[9]', 'g[4]=(r[8]|r[9])^1', 't[10]=x[4]^t[9]', 'r[4]=t[10]', 'r[51]=t[10]', 'g[2]=r[4]&r[5]', 't[11]=t[3]^t[10]', 'r[2]=t[11]', 'r[49]=t[11]', 'g[1]=r[2]&r[3]', 't[12]=x[7]^t[9]', 'r[10]=t[12]', 'r[57]=t[12]', 't[13]=t[6]^t[8]', 'r[17]=t[13]', 'r[45]=t[13]', 'g[8]=r[16]&r[17]', 't[14]=x[1]^t[9]', 'r[55]=t[14]', 't[15]=x[5]^t[3]', 't[16]=t[5]^t[15]', 'r[7]=t[16]', 'r[35]=t[16]', 'g[3]=r[6]&r[7]', 't[17]=t[9]^t[16]', 'r[11]=t[17]', 'r[39]=t[17]', 'g[5]=r[10]&r[11]', 't[18]=t[8]^t[16]', 'r[13]=t[18]', 'r[41]=t[18]', 'g[6]=r[12]|r[13]', 't[19]=x[1]^t[15]', 'r[15]=t[19]', 'r[43]=t[19]', 'g[7]=r[14]&r[15]', 't[20]=g[6]^g[7]', 't[21]=g[8]^g[5]', 't[22]=t[10]^g[3]', 't[23]=x[0]^t[22]', 't[24]=t[21]^t[23]', 't[25]=g[6]^t[24]', 'r[24]=t[25]', 't[26]=g[7]^t[21]', 't[27]=g[4]^t[26]', 'r[23]=t[27]^1', 't[28]=t[25]^t[27]', 'r[19]=t[28]^1', 't[29]=g[0]^t[20]', 't[30]=g[1]^t[29]', 'r[18]=t[30]', 'g[9]=r[18]&r[19]', 't[31]=t[25]^g[9]', 'r[21]=t[31]', 't[32]=g[5]^t[19]', 't[33]=g[2]^t[26]', 't[34]=t[2]^t[32]', 't[35]=t[33]^t[34]', 't[36]=g[1]^t[35]', 'r[20]=t[36]', 'g[10]=r[20]&r[21]', 't[37]=t[29]^t[35]', 't[38]=g[9]^t[37]', 'r[22]=t[38]', 'g[11]=r[22]&r[23]', 't[39]=g[9]^g[11]', 'r[25]=t[39]', 'g[12]=r[24]&r[25]', 't[40]=g[10]^t[37]', 'r[26]=t[40]', 'r[38]=t[40]', 'r[56]=t[40]', 'g[19]=r[38]&r[39]', 'g[28]=r[56]&r[57]', 't[41]=t[31]^g[12]', 'r[27]=t[41]', 'g[13]=r[26]&r[27]', 't[42]=t[28]^g[12]', 'r[28]=t[42]^1', 'r[46]=t[42]^1', 'g[14]=r[28]&r[29]', 'g[23]=r[46]&r[47]', 't[43]=t[25]^g[11]', 'r[32]=t[43]', 'r[50]=t[43]', 'g[16]=r[32]&r[33]', 'g[25]=r[50]&r[51]', 't[44]=t[42]^t[43]', 'r[30]=t[44]^1', 'r[48]=t[44]^1', 'g[15]=r[30]&r[31]', 'g[24]=r[48]&r[49]', 't[45]=t[36]^g[13]', 'r[36]=t[45]', 'r[54]=t[45]', 'g[18]=r[36]&r[37]', 'g[27]=r[54]&r[55]', 't[46]=t[40]^t[45]', 'r[34]=t[46]', 'r[52]=t[46]', 'g[17]=r[34]&r[35]', 'g[26]=r[52]&r[53]', 't[47]=t[40]^t[43]', 'r[40]=t[47]', 'r[58]=t[47]', 'g[20]=r[40]&r[41]', 'g[29]=r[58]&r[59]', 't[48]=t[42]^t[46]', 'r[42]=t[48]^1', 'r[60]=t[48]^1', 'g[21]=r[42]&r[43]', 'g[30]=r[60]&r[61]', 't[49]=t[44]^t[45]', 'r[44]=t[49]^1', 'r[62]=t[49]^1', 'g[22]=r[44]&r[45]', 'g[31]=r[62]&r[63]', 't[50]=g[29]^g[30]', 't[51]=g[23]^t[50]', 't[52]=g[24]^t[51]', 't[53]=g[15]^t[52]', 't[54]=g[20]^g[21]', 't[55]=g[18]^g[17]', 't[56]=g[19]^g[18]', 't[57]=g[16]^t[56]', 't[58]=t[53]^t[57]', 'y[3]=t[58]', 't[59]=g[14]^t[55]', 't[60]=t[53]^t[59]', 'y[4]=t[60]', 't[61]=g[27]^g[26]', 't[62]=t[50]^t[61]', 't[63]=t[59]^t[62]', 't[64]=t[57]^t[63]', 'y[0]=t[64]^1', 't[65]=g[21]^g[22]', 't[66]=t[56]^t[65]', 't[67]=t[62]^t[66]', 'y[1]=t[67]^1', 't[68]=g[14]^t[54]', 't[69]=t[53]^t[68]', 'y[6]=t[69]^1', 't[70]=g[28]^t[66]', 't[71]=t[54]^t[55]', 't[72]=t[52]^t[71]', 'y[7]=t[72]', 't[73]=g[25]^g[24]', 't[74]=g[27]^t[73]', 't[75]=t[70]^t[74]', 't[76]=t[64]^t[75]', 'y[2]=t[76]', 't[77]=t[57]^t[70]', 't[78]=g[29]^g[31]', 't[79]=g[26]^t[68]', 't[80]=t[78]^t[79]', 't[81]=t[77]^t[80]', 'y[5]=t[81]^1']