n : 8
m : 8
H : 26
Y : [150, 154, 231, 155, 113, 1, 130, 46, 99, 97, 225, 79, 144, 78, 20, 180, 132, 250, 50142, 55468, 100000, 223406, 214398, 110594, 92334, 655360, 345470, 1271982, 1104044, 154, 1683458, 155, 616622, 1, 2409438, 46, 2197152, 97, 345470, 79, 798160, 78, 3414898, 180, 3684002, 250, 1104044, 150, 1683458, 231, 616622, 113, 2409438, 130, 2197152, 99, 345470, 225, 798160, 144, 3414898, 20, 3684002, 132, 464045211648, 465668407296, 512833355776, 418985803776, 418872557568, 774457262080, 419577200640, 419665281024]
XORs : {'r[0]': ['x[7]', 'x[1]', 'x[4]', 'x[2]'], 'r[1]': ['x[3]', 'x[7]', 'x[1]', 'x[4]'], 'r[2]': ['x[1]', 'x[7]', 'x[2]', 'x[0]', 'x[6]', 'x[5]'], 'r[3]': ['x[0]', 'x[3]', 'x[7]', 'x[1]', 'x[4]'], 'r[4]': ['x[4]', 'x[0]', 'x[6]', 'x[5]'], 'r[5]': ['x[0]'], 'r[6]': ['x[7]', 'x[1]'], 'r[7]': ['x[5]', 'x[3]', 'x[1]', 'x[2]'], 'r[8]': ['x[1]', 'x[0]', 'x[6]', 'x[5]'], 'r[9]': ['x[0]', 'x[6]', 'x[5]'], 'r[10]': ['x[7]', 'x[0]', 'x[6]', 'x[5]'], 'r[11]': ['x[0]', 'x[6]', 'x[3]', 'x[1]', 'x[2]'], 'r[12]': ['x[7]', 'x[4]'], 'r[13]': ['x[6]', 'x[3]', 'x[1]', 'x[2]'], 'r[14]': ['x[4]', 'x[2]'], 'r[15]': ['x[2]', 'x[5]', 'x[7]', 'x[4]'], 'r[16]': ['x[7]', 'x[2]'], 'r[17]': ['x[6]', 'x[5]', 'x[3]', 'x[7]', 'x[1]', 'x[4]'], 'r[18]': ['x[6]', 'g[1]', 'g[0]', 'g[7]', 'g[6]', 'x[3]', 'x[7]', 'x[1]', 'x[4]', 'x[2]'], 'r[19]': ['g[4]', 'g[3]', 'g[7]', 'g[6]', 'x[5]', 'x[3]', 'x[7]', 'x[2]'], 'r[20]': ['g[1]', 'g[7]', 'g[2]', 'g[8]', 'x[5]', 'x[7]'], 'r[21]': ['g[9]', 'g[5]', 'g[3]', 'g[8]', 'g[6]', 'x[5]', 'x[3]', 'x[7]', 'x[1]', 'x[2]'], 'r[22]': ['g[9]', 'g[2]', 'g[0]', 'g[8]', 'g[6]', 'x[6]', 'x[5]', 'x[3]', 'x[1]', 'x[4]', 'x[2]'], 'r[23]': ['g[4]', 'g[7]', 'x[1]', 'g[5]', 'g[8]'], 'r[24]': ['g[5]', 'g[3]', 'g[8]', 'g[6]', 'x[5]', 'x[3]', 'x[7]', 'x[1]', 'x[2]'], 'r[25]': ['g[9]', 'g[11]'], 'r[26]': ['g[10]', 'g[2]', 'g[0]', 'g[8]', 'g[6]', 'x[6]', 'x[5]', 'x[3]', 'x[1]', 'x[4]', 'x[2]'], 'r[27]': ['g[12]', 'g[9]', 'g[5]', 'g[3]', 'g[8]', 'g[6]', 'x[5]', 'x[3]', 'x[7]', 'x[1]', 'x[2]'], 'r[28]': ['g[12]', 'g[4]', 'g[7]', 'g[3]', 'g[6]', 'x[5]', 'x[3]', 'x[7]', 'x[2]'], 'r[29]': ['x[3]', 'x[7]', 'x[1]', 'x[4]'], 'r[30]': ['g[12]', 'g[11]', 'g[4]', 'g[7]', 'g[5]', 'g[8]', 'x[1]'], 'r[31]': ['x[0]', 'x[3]', 'x[7]', 'x[1]', 'x[4]'], 'r[32]': ['g[11]', 'g[5]', 'g[3]', 'g[8]', 'g[6]', 'x[5]', 'x[3]', 'x[7]', 'x[1]', 'x[2]'], 'r[33]': ['x[0]'], 'r[34]': ['g[10]', 'g[13]', 'g[1]', 'g[7]', 'g[0]', 'g[6]', 'x[6]', 'x[3]', 'x[7]', 'x[1]', 'x[4]', 'x[2]'], 'r[35]': ['x[5]', 'x[3]', 'x[1]', 'x[2]'], 'r[36]': ['g[13]', 'g[1]', 'g[7]', 'g[2]', 'g[8]', 'x[5]', 'x[7]'], 'r[37]': ['x[0]', 'x[6]', 'x[5]'], 'r[38]': ['g[10]', 'g[2]', 'g[0]', 'g[8]', 'g[6]', 'x[6]', 'x[5]', 'x[3]', 'x[1]', 'x[4]', 'x[2]'], 'r[39]': ['x[0]', 'x[6]', 'x[3]', 'x[1]', 'x[2]'], 'r[40]': ['g[10]', 'g[11]', 'g[2]', 'g[0]', 'g[5]', 'g[3]', 'x[6]', 'x[7]', 'x[4]'], 'r[41]': ['x[6]', 'x[3]', 'x[1]', 'x[2]'], 'r[42]': ['g[10]', 'g[13]', 'g[12]', 'g[1]', 'g[0]', 'g[4]', 'g[3]', 'x[5]', 'x[6]', 'x[1]', 'x[4]'], 'r[43]': ['x[2]', 'x[5]', 'x[7]', 'x[4]'], 'r[44]': ['g[13]', 'g[12]', 'g[11]', 'g[1]', 'g[2]', 'g[4]', 'g[5]', 'x[5]', 'x[7]', 'x[1]'], 'r[45]': ['x[6]', 'x[5]', 'x[3]', 'x[7]', 'x[1]', 'x[4]'], 'r[46]': ['g[12]', 'g[4]', 'g[7]', 'g[3]', 'g[6]', 'x[5]', 'x[3]', 'x[7]', 'x[2]'], 'r[47]': ['x[7]', 'x[1]', 'x[4]', 'x[2]'], 'r[48]': ['g[12]', 'g[11]', 'g[4]', 'g[7]', 'g[5]', 'g[8]', 'x[1]'], 'r[49]': ['x[1]', 'x[7]', 'x[2]', 'x[0]', 'x[6]', 'x[5]'], 'r[50]': ['g[11]', 'g[5]', 'g[3]', 'g[8]', 'g[6]', 'x[5]', 'x[3]', 'x[7]', 'x[1]', 'x[2]'], 'r[51]': ['x[4]', 'x[0]', 'x[6]', 'x[5]'], 'r[52]': ['g[10]', 'g[13]', 'g[1]', 'g[7]', 'g[0]', 'g[6]', 'x[6]', 'x[3]', 'x[7]', 'x[1]', 'x[4]', 'x[2]'], 'r[53]': ['x[7]', 'x[1]'], 'r[54]': ['g[13]', 'g[1]', 'g[7]', 'g[2]', 'g[8]', 'x[5]', 'x[7]'], 'r[55]': ['x[1]', 'x[0]', 'x[6]', 'x[5]'], 'r[56]': ['g[10]', 'g[2]', 'g[0]', 'g[8]', 'g[6]', 'x[6]', 'x[5]', 'x[3]', 'x[1]', 'x[4]', 'x[2]'], 'r[57]': ['x[7]', 'x[0]', 'x[6]', 'x[5]'], 'r[58]': ['g[10]', 'g[11]', 'g[2]', 'g[0]', 'g[5]', 'g[3]', 'x[6]', 'x[7]', 'x[4]'], 'r[59]': ['x[7]', 'x[4]'], 'r[60]': ['g[10]', 'g[13]', 'g[12]', 'g[1]', 'g[0]', 'g[4]', 'g[3]', 'x[5]', 'x[6]', 'x[1]', 'x[4]'], 'r[61]': ['x[4]', 'x[2]'], 'r[62]': ['g[13]', 'g[12]', 'g[11]', 'g[1]', 'g[2]', 'g[4]', 'g[5]', 'x[5]', 'x[7]', 'x[1]'], 'r[63]': ['x[7]', 'x[2]'], 'y[7]': ['g[17]', 'g[20]', 'g[21]', 'g[23]', 'g[24]', 'g[18]', 'g[29]', 'g[30]'], 'y[1]': ['g[26]', 'g[19]', 'g[27]', 'g[21]', 'g[22]', 'g[18]', 'g[29]', 'g[30]'], 'y[0]': ['g[19]', 'g[27]', 'g[29]', 'g[30]', 'g[16]', 'g[26]', 'g[14]', 'g[17]'], 'y[4]': ['g[14]', 'g[17]', 'g[15]', 'g[23]', 'g[24]', 'g[18]', 'g[29]', 'g[30]'], 'y[3]': ['g[16]', 'g[19]', 'g[15]', 'g[23]', 'g[24]', 'g[18]', 'g[29]', 'g[30]'], 'y[2]': ['g[24]', 'g[25]', 'g[28]', 'g[21]', 'g[22]', 'g[18]', 'g[16]', 'g[26]', 'g[14]', 'g[17]', 'g[29]', 'g[30]'], 'y[6]': ['g[14]', 'g[15]', 'g[20]', 'g[21]', 'g[23]', 'g[24]', 'g[29]', 'g[30]'], 'y[5]': ['g[31]', 'g[28]', 'g[20]', 'g[22]', 'g[16]', 'g[26]', 'g[14]', 'g[29]']}
HY : [12, 12, 11, 11, 13, 0, 1, 12, 11, 11, 14, 14, 1, 10, 1, 9, 1, 11, 14, 14, 18, 18, 16, 16, 18, 18, 20, 20, 22, 12, 20, 11, 19, 0, 22, 12, 22, 11, 20, 14, 20, 10, 22, 9, 22, 11, 22, 12, 20, 11, 19, 13, 22, 1, 22, 11, 20, 14, 20, 1, 22, 1, 22, 1, 26, 26, 26, 26, 26, 26, 26, 26]
sbp_pool_size : 2

Dist : [3, 3, 5, 4, 3, 0, 1, 3, 3, 2, 3, 4, 1, 3, 1, 3, 1, 5, 999, 999, 999, 999, 999, 999, 999, 999, 999, 999, 999, 3, 999, 4, 999, 0, 999, 3, 999, 2, 999, 4, 999, 3, 999, 3, 999, 5, 999, 3, 999, 5, 999, 3, 999, 1, 999, 3, 999, 3, 999, 1, 999, 1, 999, 1, 999, 999, 999, 999, 999, 999, 999, 999]
time : 0.01 (+0.01)

9th Add (Sname, S, D) : t[0], 130, 1
Dist : [2, 2, 4, 3, 3, 0, 0, 3, 3, 2, 3, 4, 1, 3, 1, 3, 1, 4, 999, 999, 999, 999, 999, 999, 999, 999, 999, 999, 999, 2, 999, 3, 999, 0, 999, 3, 999, 2, 999, 4, 999, 3, 999, 3, 999, 4, 999, 2, 999, 4, 999, 3, 999, 0, 999, 3, 999, 3, 999, 1, 999, 1, 999, 1, 999, 999, 999, 999, 999, 999, 999, 999]
time : 0.01 (+0.01 = 0.00 + 0.00)

10th Add (Sname, S, D) : t[1], 144, 1
Dist : [2, 2, 4, 3, 3, 0, 0, 3, 3, 2, 3, 4, 0, 3, 1, 2, 1, 4, 999, 999, 999, 999, 999, 999, 999, 999, 999, 999, 999, 2, 999, 3, 999, 0, 999, 3, 999, 2, 999, 4, 999, 3, 999, 2, 999, 4, 999, 2, 999, 4, 999, 3, 999, 0, 999, 3, 999, 3, 999, 0, 999, 1, 999, 1, 999, 999, 999, 999, 999, 999, 999, 999]
time : 0.01 (+0.00 = 0.00 + 0.00)

11th Add (Sname, S, D) : t[2], 20, 1
Dist : [1, 2, 4, 3, 3, 0, 0, 3, 3, 2, 3, 4, 0, 3, 0, 2, 1, 4, 999, 999, 999, 999, 999, 999, 999, 999, 999, 999, 999, 2, 999, 3, 999, 0, 999, 3, 999, 2, 999, 4, 999, 3, 999, 2, 999, 4, 999, 1, 999, 4, 999, 3, 999, 0, 999, 3, 999, 3, 999, 0, 999, 0, 999, 1, 999, 999, 999, 999, 999, 999, 999, 999]
time : 0.01 (+0.00 = 0.00 + 0.00)

12th Add (Sname, S, D) : t[3], 150, 2
Dist : [0, 2, 4, 3, 3, 0, 0, 3, 3, 2, 3, 4, 0, 3, 0, 2, 1, 4, 999, 999, 999, 999, 999, 999, 999, 999, 999, 999, 999, 2, 999, 3, 999, 0, 999, 3, 999, 2, 999, 4, 999, 3, 999, 2, 999, 4, 999, 0, 999, 4, 999, 3, 999, 0, 999, 3, 999, 3, 999, 0, 999, 0, 999, 1, 999, 999, 999, 999, 999, 999, 999, 999]
time : 0.01 (+0.00 = 0.00 + 0.00)

13th Add (Sname, S, D) : t[4], 132, 1
Dist : [0, 2, 4, 3, 3, 0, 0, 3, 3, 2, 3, 4, 0, 3, 0, 2, 0, 4, 999, 999, 999, 999, 999, 999, 999, 999, 999, 999, 999, 2, 999, 3, 999, 0, 999, 3, 999, 2, 999, 4, 999, 3, 999, 2, 999, 4, 999, 0, 999, 4, 999, 3, 999, 0, 999, 3, 999, 3, 999, 0, 999, 0, 999, 0, 999, 999, 999, 999, 999, 999, 999, 999]
time : 0.01 (+0.00 = 0.00 + 0.00)

14th Add (Sname, S, D) : t[5], 96, 1
Dist : [0, 2, 3, 3, 2, 0, 0, 3, 2, 1, 2, 4, 0, 3, 0, 2, 0, 3, 999, 999, 999, 999, 999, 999, 999, 999, 999, 999, 999, 2, 999, 3, 999, 0, 999, 3, 999, 1, 999, 4, 999, 3, 999, 2, 999, 3, 999, 0, 999, 3, 999, 2, 999, 0, 999, 2, 999, 2, 999, 0, 999, 0, 999, 0, 999, 999, 999, 999, 999, 999, 999, 999]
time : 0.02 (+0.00 = 0.00 + 0.00 + 0.00 + 0.00 + 0.00)

15th Add (Sname, S, D) : t[6], 97, 2
Dist : [0, 2, 2, 3, 1, 0, 0, 3, 1, 0, 1, 4, 0, 3, 0, 2, 0, 3, 999, 999, 999, 999, 999, 999, 999, 999, 999, 999, 999, 2, 999, 3, 999, 0, 999, 3, 999, 0, 999, 4, 999, 3, 999, 2, 999, 3, 999, 0, 999, 2, 999, 1, 999, 0, 999, 1, 999, 1, 999, 0, 999, 0, 999, 0, 999, 999, 999, 999, 999, 999, 999, 999]
time : 0.02 (+0.00 = 0.00 + 0.00)

16th Add (Sname, S, D) : t[7], 113, 3
Dist : [0, 2, 1, 3, 0, 0, 0, 3, 1, 0, 1, 4, 0, 3, 0, 2, 0, 3, 999, 999, 999, 999, 999, 999, 999, 999, 999, 999, 999, 2, 999, 3, 999, 0, 999, 3, 999, 0, 999, 4, 999, 3, 999, 2, 999, 3, 999, 0, 999, 1, 999, 0, 999, 0, 999, 1, 999, 1, 999, 0, 999, 0, 999, 0, 999, 999, 999, 999, 999, 999, 999, 999]
time : 0.02 (+0.00 = 0.00 + 0.00)

17th Add (Sname, S, D) : g[2], 1024, 4
Dist : [0, 2, 1, 3, 0, 0, 0, 3, 1, 0, 1, 4, 0, 3, 0, 2, 0, 3, 999, 999, 999, 999, 999, 999, 999, 999, 999, 999, 999, 2, 999, 3, 999, 0, 999, 3, 999, 0, 999, 4, 999, 3, 999, 2, 999, 3, 999, 0, 999, 1, 999, 0, 999, 0, 999, 1, 999, 1, 999, 0, 999, 0, 999, 0, 999, 999, 999, 999, 999, 999, 999, 999]
time : 0.02 (+0.00 = 0.00 + 0.00)

18th Add (Sname, S, D) : t[8], 231, 4
Dist : [0, 2, 0, 3, 0, 0, 0, 3, 1, 0, 1, 3, 0, 3, 0, 2, 0, 3, 999, 999, 999, 999, 999, 999, 999, 999, 999, 999, 999, 2, 999, 3, 999, 0, 999, 3, 999, 0, 999, 3, 999, 3, 999, 2, 999, 3, 999, 0, 999, 0, 999, 0, 999, 0, 999, 1, 999, 1, 999, 0, 999, 0, 999, 0, 999, 999, 999, 999, 999, 999, 999, 999]
time : 0.02 (+0.00 = 0.00 + 0.00)

19th Add (Sname, S, D) : t[9], 99, 3
Dist : [0, 2, 0, 3, 0, 0, 0, 3, 0, 0, 1, 3, 0, 3, 0, 2, 0, 3, 999, 999, 999, 999, 999, 999, 999, 999, 999, 999, 999, 2, 999, 3, 999, 0, 999, 3, 999, 0, 999, 3, 999, 3, 999, 2, 999, 3, 999, 0, 999, 0, 999, 0, 999, 0, 999, 0, 999, 1, 999, 0, 999, 0, 999, 0, 999, 999, 999, 999, 999, 999, 999, 999]
time : 0.02 (+0.00 = 0.00 + 0.00)

20th Add (Sname, S, D) : g[4], 4096, 4
Dist : [0, 2, 0, 3, 0, 0, 0, 3, 0, 0, 1, 3, 0, 3, 0, 2, 0, 3, 999, 999, 999, 999, 999, 999, 999, 999, 999, 999, 999, 2, 999, 3, 999, 0, 999, 3, 999, 0, 999, 3, 999, 3, 999, 2, 999, 3, 999, 0, 999, 0, 999, 0, 999, 0, 999, 0, 999, 1, 999, 0, 999, 0, 999, 0, 999, 999, 999, 999, 999, 999, 999, 999]
time : 0.02 (+0.00 = 0.00 + 0.00)

21th Add (Sname, S, D) : t[10], 225, 3
Dist : [0, 2, 0, 3, 0, 0, 0, 3, 0, 0, 0, 3, 0, 3, 0, 2, 0, 3, 999, 999, 999, 999, 999, 999, 999, 999, 999, 999, 999, 2, 999, 3, 999, 0, 999, 3, 999, 0, 999, 3, 999, 3, 999, 2, 999, 3, 999, 0, 999, 0, 999, 0, 999, 0, 999, 0, 999, 0, 999, 0, 999, 0, 999, 0, 999, 999, 999, 999, 999, 999, 999, 999]
time : 0.02 (+0.00 = 0.00 + 0.00)

22th Add (Sname, S, D) : t[11], 12, 1
Dist : [0, 1, 0, 2, 0, 0, 0, 2, 0, 0, 0, 2, 0, 2, 0, 2, 0, 2, 999, 999, 999, 999, 999, 999, 999, 999, 999, 999, 999, 1, 999, 2, 999, 0, 999, 2, 999, 0, 999, 2, 999, 2, 999, 2, 999, 2, 999, 0, 999, 0, 999, 0, 999, 0, 999, 0, 999, 0, 999, 0, 999, 0, 999, 0, 999, 999, 999, 999, 999, 999, 999, 999]
time : 0.03 (+0.01 = 0.00 + 0.01 + 0.00 + 0.00 + 0.00)

23th Add (Sname, S, D) : t[12], 154, 3
Dist : [0, 0, 0, 1, 0, 0, 0, 2, 0, 0, 0, 2, 0, 2, 0, 2, 0, 1, 999, 999, 999, 999, 999, 999, 999, 999, 999, 999, 999, 0, 999, 1, 999, 0, 999, 2, 999, 0, 999, 2, 999, 2, 999, 2, 999, 1, 999, 0, 999, 0, 999, 0, 999, 0, 999, 0, 999, 0, 999, 0, 999, 0, 999, 0, 999, 999, 999, 999, 999, 999, 999, 999]
time : 0.03 (+0.00 = 0.00 + 0.00)

24th Add (Sname, S, D) : g[0], 256, 4
Dist : [0, 0, 0, 1, 0, 0, 0, 2, 0, 0, 0, 2, 0, 2, 0, 2, 0, 1, 999, 999, 999, 999, 999, 999, 999, 999, 999, 999, 999, 0, 999, 1, 999, 0, 999, 2, 999, 0, 999, 2, 999, 2, 999, 2, 999, 1, 999, 0, 999, 0, 999, 0, 999, 0, 999, 0, 999, 0, 999, 0, 999, 0, 999, 0, 999, 999, 999, 999, 999, 999, 999, 999]
time : 0.03 (+0.00 = 0.00 + 0.00)

25th Add (Sname, S, D) : t[13], 155, 4
Dist : [0, 0, 0, 0, 0, 0, 0, 2, 0, 0, 0, 2, 0, 2, 0, 2, 0, 1, 999, 999, 999, 999, 999, 999, 999, 999, 999, 999, 999, 0, 999, 0, 999, 0, 999, 2, 999, 0, 999, 2, 999, 2, 999, 2, 999, 1, 999, 0, 999, 0, 999, 0, 999, 0, 999, 0, 999, 0, 999, 0, 999, 0, 999, 0, 999, 999, 999, 999, 999, 999, 999, 999]
time : 0.03 (+0.00 = 0.00 + 0.00)

26th Add (Sname, S, D) : g[1], 512, 5
Dist : [0, 0, 0, 0, 0, 0, 0, 2, 0, 0, 0, 2, 0, 2, 0, 2, 0, 1, 999, 999, 999, 999, 999, 999, 999, 999, 999, 999, 999, 0, 999, 0, 999, 0, 999, 2, 999, 0, 999, 2, 999, 2, 999, 2, 999, 1, 999, 0, 999, 0, 999, 0, 999, 0, 999, 0, 999, 0, 999, 0, 999, 0, 999, 0, 999, 999, 999, 999, 999, 999, 999, 999]
time : 0.04 (+0.00 = 0.00 + 0.00)

27th Add (Sname, S, D) : t[14], 250, 4
Dist : [0, 0, 0, 0, 0, 0, 0, 2, 0, 0, 0, 2, 0, 2, 0, 2, 0, 0, 999, 999, 999, 999, 999, 999, 999, 999, 999, 999, 999, 0, 999, 0, 999, 0, 999, 2, 999, 0, 999, 2, 999, 2, 999, 2, 999, 0, 999, 0, 999, 0, 999, 0, 999, 0, 999, 0, 999, 0, 999, 0, 999, 0, 999, 0, 999, 999, 999, 999, 999, 999, 999, 999]
time : 0.04 (+0.00 = 0.00 + 0.00)

28th Add (Sname, S, D) : g[8], 65536, 5
Dist : [0, 0, 0, 0, 0, 0, 0, 2, 0, 0, 0, 2, 0, 2, 0, 2, 0, 0, 999, 999, 999, 999, 999, 999, 999, 999, 999, 999, 999, 0, 999, 0, 999, 0, 999, 2, 999, 0, 999, 2, 999, 2, 999, 2, 999, 0, 999, 0, 999, 0, 999, 0, 999, 0, 999, 0, 999, 0, 999, 0, 999, 0, 999, 0, 999, 999, 999, 999, 999, 999, 999, 999]
time : 0.04 (+0.00 = 0.00 + 0.00)

29th Add (Sname, S, D) : t[15], 14, 2
Dist : [0, 0, 0, 0, 0, 0, 0, 1, 0, 0, 0, 2, 0, 1, 0, 2, 0, 0, 999, 999, 999, 999, 999, 999, 999, 999, 999, 999, 999, 0, 999, 0, 999, 0, 999, 1, 999, 0, 999, 2, 999, 1, 999, 2, 999, 0, 999, 0, 999, 0, 999, 0, 999, 0, 999, 0, 999, 0, 999, 0, 999, 0, 999, 0, 999, 999, 999, 999, 999, 999, 999, 999]
time : 0.09 (+0.06 = 0.00 + 0.05 + 0.00 + 0.00 + 0.00)

30th Add (Sname, S, D) : t[16], 46, 3
Dist : [0, 0, 0, 0, 0, 0, 0, 0, 0, 0, 0, 1, 0, 1, 0, 1, 0, 0, 999, 999, 999, 999, 999, 999, 999, 999, 999, 999, 999, 0, 999, 0, 999, 0, 999, 0, 999, 0, 999, 1, 999, 1, 999, 1, 999, 0, 999, 0, 999, 0, 999, 0, 999, 0, 999, 0, 999, 0, 999, 0, 999, 0, 999, 0, 999, 999, 999, 999, 999, 999, 999, 999]
time : 0.09 (+0.00 = 0.00 + 0.00)

31th Add (Sname, S, D) : g[3], 2048, 4
Dist : [0, 0, 0, 0, 0, 0, 0, 0, 0, 0, 0, 1, 0, 1, 0, 1, 0, 0, 999, 999, 999, 999, 999, 999, 999, 999, 999, 999, 999, 0, 999, 0, 999, 0, 999, 0, 999, 0, 999, 1, 999, 1, 999, 1, 999, 0, 999, 0, 999, 0, 999, 0, 999, 0, 999, 0, 999, 0, 999, 0, 999, 0, 999, 0, 999, 999, 999, 999, 999, 999, 999, 999]
time : 0.09 (+0.00 = 0.00 + 0.00)

32th Add (Sname, S, D) : t[17], 79, 4
Dist : [0, 0, 0, 0, 0, 0, 0, 0, 0, 0, 0, 0, 0, 1, 0, 1, 0, 0, 999, 999, 999, 999, 999, 999, 999, 999, 999, 999, 999, 0, 999, 0, 999, 0, 999, 0, 999, 0, 999, 0, 999, 1, 999, 1, 999, 0, 999, 0, 999, 0, 999, 0, 999, 0, 999, 0, 999, 0, 999, 0, 999, 0, 999, 0, 999, 999, 999, 999, 999, 999, 999, 999]
time : 0.09 (+0.00 = 0.00 + 0.00)

33th Add (Sname, S, D) : g[5], 8192, 5
Dist : [0, 0, 0, 0, 0, 0, 0, 0, 0, 0, 0, 0, 0, 1, 0, 1, 0, 0, 999, 999, 999, 999, 999, 999, 999, 999, 999, 999, 999, 0, 999, 0, 999, 0, 999, 0, 999, 0, 999, 0, 999, 1, 999, 1, 999, 0, 999, 0, 999, 0, 999, 0, 999, 0, 999, 0, 999, 0, 999, 0, 999, 0, 999, 0, 999, 999, 999, 999, 999, 999, 999, 999]
time : 0.09 (+0.00 = 0.00 + 0.00)

34th Add (Sname, S, D) : t[18], 78, 3
Dist : [0, 0, 0, 0, 0, 0, 0, 0, 0, 0, 0, 0, 0, 0, 0, 1, 0, 0, 999, 999, 999, 999, 999, 999, 999, 999, 999, 999, 999, 0, 999, 0, 999, 0, 999, 0, 999, 0, 999, 0, 999, 0, 999, 1, 999, 0, 999, 0, 999, 0, 999, 0, 999, 0, 999, 0, 999, 0, 999, 0, 999, 0, 999, 0, 999, 999, 999, 999, 999, 999, 999, 999]
time : 0.10 (+0.00 = 0.00 + 0.00)

35th Add (Sname, S, D) : g[6], 16384, 4
Dist : [0, 0, 0, 0, 0, 0, 0, 0, 0, 0, 0, 0, 0, 0, 0, 1, 0, 0, 999, 999, 999, 999, 999, 999, 5, 999, 999, 999, 999, 0, 999, 0, 999, 0, 999, 0, 999, 0, 999, 0, 999, 0, 999, 1, 999, 0, 999, 0, 999, 0, 999, 0, 999, 0, 999, 0, 999, 0, 999, 0, 999, 0, 999, 0, 999, 999, 999, 999, 999, 999, 999, 999]
time : 0.10 (+0.00 = 0.00 + 0.00)

36th Add (Sname, S, D) : t[19], 180, 4
Dist : [0, 0, 0, 0, 0, 0, 0, 0, 0, 0, 0, 0, 0, 0, 0, 0, 0, 0, 999, 999, 999, 999, 999, 999, 5, 999, 999, 999, 999, 0, 999, 0, 999, 0, 999, 0, 999, 0, 999, 0, 999, 0, 999, 0, 999, 0, 999, 0, 999, 0, 999, 0, 999, 0, 999, 0, 999, 0, 999, 0, 999, 0, 999, 0, 999, 999, 999, 999, 999, 999, 999, 999]
time : 0.10 (+0.00 = 0.00 + 0.00)

37th Add (Sname, S, D) : g[7], 32768, 5
Dist : [0, 0, 0, 0, 0, 0, 0, 0, 0, 0, 0, 0, 0, 0, 0, 0, 0, 0, 5, 5, 5, 999, 999, 4, 5, 999, 999, 999, 999, 0, 999, 0, 999, 0, 999, 0, 999, 0, 999, 0, 999, 0, 999, 0, 999, 0, 999, 0, 999, 0, 999, 0, 999, 0, 999, 0, 999, 0, 999, 0, 999, 0, 999, 0, 999, 999, 999, 999, 999, 999, 999, 999]
time : 0.10 (+0.00 = 0.00 + 0.00)

38th Add (Sname, S, D) : t[20], 98304, 6
Dist : [0, 0, 0, 0, 0, 0, 0, 0, 0, 0, 0, 0, 0, 0, 0, 0, 0, 0, 5, 5, 4, 999, 999, 3, 5, 999, 999, 999, 999, 0, 999, 0, 999, 0, 999, 0, 999, 0, 999, 0, 999, 0, 999, 0, 999, 0, 999, 0, 999, 0, 999, 0, 999, 0, 999, 0, 999, 0, 999, 0, 999, 0, 999, 0, 999, 999, 999, 999, 999, 999, 999, 999]
time : 0.33 (+0.23 = 0.00 + 0.23 + 0.00 + 0.00 + 0.00)

39th Add (Sname, S, D) : t[21], 49152, 6
Dist : [0, 0, 0, 0, 0, 0, 0, 0, 0, 0, 0, 0, 0, 0, 0, 0, 0, 0, 4, 4, 4, 999, 999, 3, 5, 999, 999, 999, 999, 0, 999, 0, 999, 0, 999, 0, 999, 0, 999, 0, 999, 0, 999, 0, 999, 0, 999, 0, 999, 0, 999, 0, 999, 0, 999, 0, 999, 0, 999, 0, 999, 0, 999, 0, 999, 999, 999, 999, 999, 999, 999, 999]
time : 0.60 (+0.27 = 0.00 + 0.27 + 0.00 + 0.00 + 0.00)

40th Add (Sname, S, D) : t[22], 106496, 7
Dist : [0, 0, 0, 0, 0, 0, 0, 0, 0, 0, 0, 0, 0, 0, 0, 0, 0, 0, 4, 4, 4, 999, 999, 2, 4, 999, 999, 999, 999, 0, 999, 0, 999, 0, 999, 0, 999, 0, 999, 0, 999, 0, 999, 0, 999, 0, 999, 0, 999, 0, 999, 0, 999, 0, 999, 0, 999, 0, 999, 0, 999, 0, 999, 0, 999, 999, 999, 999, 999, 999, 999, 999]
time : 0.92 (+0.31 = 0.00 + 0.31 + 0.00 + 0.00 + 0.00)

41th Add (Sname, S, D) : t[23], 49198, 7
Dist : [0, 0, 0, 0, 0, 0, 0, 0, 0, 0, 0, 0, 0, 0, 0, 0, 0, 0, 4, 3, 4, 999, 999, 2, 3, 999, 999, 999, 999, 0, 999, 0, 999, 0, 999, 0, 999, 0, 999, 0, 999, 0, 999, 0, 999, 0, 999, 0, 999, 0, 999, 0, 999, 0, 999, 0, 999, 0, 999, 0, 999, 0, 999, 0, 999, 999, 999, 999, 999, 999, 999, 999]
time : 1.28 (+0.36 = 0.00 + 0.36 + 0.00 + 0.00 + 0.00)

42th Add (Sname, S, D) : t[24], 51246, 8
Dist : [0, 0, 0, 0, 0, 0, 0, 0, 0, 0, 0, 0, 0, 0, 0, 0, 0, 0, 4, 2, 4, 999, 999, 2, 2, 999, 999, 999, 999, 0, 999, 0, 999, 0, 999, 0, 999, 0, 999, 0, 999, 0, 999, 0, 999, 0, 999, 0, 999, 0, 999, 0, 999, 0, 999, 0, 999, 0, 999, 0, 999, 0, 999, 0, 999, 999, 999, 999, 999, 999, 999, 999]
time : 1.70 (+0.42 = 0.00 + 0.41 + 0.00 + 0.00 + 0.00)

43th Add (Sname, S, D) : t[25], 92206, 9
Dist : [0, 0, 0, 0, 0, 0, 0, 0, 0, 0, 0, 0, 0, 0, 0, 0, 0, 0, 4, 2, 4, 999, 999, 2, 1, 999, 999, 999, 999, 0, 999, 0, 999, 0, 999, 0, 999, 0, 999, 0, 999, 0, 999, 0, 999, 0, 999, 0, 999, 0, 999, 0, 999, 0, 999, 0, 999, 0, 999, 0, 999, 0, 999, 0, 999, 999, 999, 999, 999, 999, 999, 999]
time : 2.18 (+0.48 = 0.00 + 0.48 + 0.00 + 0.00 + 0.00)

44th Add (Sname, S, D) : t[26], 92334, 10
Dist : [0, 0, 0, 0, 0, 0, 0, 0, 0, 0, 0, 0, 0, 0, 0, 0, 0, 0, 4, 2, 4, 999, 999, 2, 0, 999, 999, 999, 999, 0, 999, 0, 999, 0, 999, 0, 999, 0, 999, 0, 999, 0, 999, 0, 999, 0, 999, 0, 999, 0, 999, 0, 999, 0, 999, 0, 999, 0, 999, 0, 999, 0, 999, 0, 999, 999, 999, 999, 999, 999, 999, 999]
time : 2.18 (+0.00 = 0.00 + 0.00)

45th Add (Sname, S, D) : t[27], 55342, 9
Dist : [0, 0, 0, 0, 0, 0, 0, 0, 0, 0, 0, 0, 0, 0, 0, 0, 0, 0, 4, 1, 4, 999, 999, 2, 0, 999, 999, 999, 999, 0, 999, 0, 999, 0, 999, 0, 999, 0, 999, 0, 999, 0, 999, 0, 999, 0, 999, 0, 999, 0, 999, 0, 999, 0, 999, 0, 999, 0, 999, 0, 999, 0, 999, 0, 999, 999, 999, 999, 999, 999, 999, 999]
time : 2.80 (+0.62 = 0.00 + 0.62 + 0.00 + 0.00 + 0.00)

46th Add (Sname, S, D) : t[28], 55468, 10
Dist : [0, 0, 0, 0, 0, 0, 0, 0, 0, 0, 0, 0, 0, 0, 0, 0, 0, 0, 4, 0, 4, 999, 999, 1, 0, 999, 999, 999, 999, 0, 999, 0, 999, 0, 999, 0, 999, 0, 999, 0, 999, 0, 999, 0, 999, 0, 999, 0, 999, 0, 999, 0, 999, 0, 999, 0, 999, 0, 999, 0, 999, 0, 999, 0, 999, 999, 999, 999, 999, 999, 999, 999]
time : 2.81 (+0.00 = 0.00 + 0.00)

47th Add (Sname, S, D) : t[29], 110594, 11
Dist : [0, 0, 0, 0, 0, 0, 0, 0, 0, 0, 0, 0, 0, 0, 0, 0, 0, 0, 4, 0, 4, 999, 999, 0, 0, 999, 999, 999, 999, 0, 999, 0, 999, 0, 999, 0, 999, 0, 999, 0, 999, 0, 999, 0, 999, 0, 999, 0, 999, 0, 999, 0, 999, 0, 999, 0, 999, 0, 999, 0, 999, 0, 999, 0, 999, 999, 999, 999, 999, 999, 999, 999]
time : 2.81 (+0.00 = 0.00 + 0.00)

48th Add (Sname, S, D) : t[30], 49710, 8
Dist : [0, 0, 0, 0, 0, 0, 0, 0, 0, 0, 0, 0, 0, 0, 0, 0, 0, 0, 3, 0, 4, 999, 999, 0, 0, 999, 999, 999, 999, 0, 999, 0, 999, 0, 999, 0, 999, 0, 999, 0, 999, 0, 999, 0, 999, 0, 999, 0, 999, 0, 999, 0, 999, 0, 999, 0, 999, 0, 999, 0, 999, 0, 999, 0, 999, 999, 999, 999, 999, 999, 999, 999]
time : 3.68 (+0.87 = 0.00 + 0.87 + 0.00 + 0.00 + 0.00)

49th Add (Sname, S, D) : t[31], 49742, 9
Dist : [0, 0, 0, 0, 0, 0, 0, 0, 0, 0, 0, 0, 0, 0, 0, 0, 0, 0, 2, 0, 4, 999, 999, 0, 0, 999, 999, 999, 999, 0, 999, 0, 999, 0, 999, 0, 999, 0, 999, 0, 999, 0, 999, 0, 999, 0, 999, 0, 999, 0, 999, 0, 999, 0, 999, 0, 999, 0, 999, 0, 999, 0, 999, 0, 999, 999, 999, 999, 999, 999, 999, 999]
time : 4.67 (+0.99 = 0.00 + 0.99 + 0.00 + 0.00 + 0.00)

50th Add (Sname, S, D) : t[32], 49998, 10
Dist : [0, 0, 0, 0, 0, 0, 0, 0, 0, 0, 0, 0, 0, 0, 0, 0, 0, 0, 1, 0, 4, 999, 999, 0, 0, 999, 999, 999, 999, 0, 999, 0, 999, 0, 999, 0, 999, 0, 999, 0, 999, 0, 999, 0, 999, 0, 999, 0, 999, 0, 999, 0, 999, 0, 999, 0, 999, 0, 999, 0, 999, 0, 999, 0, 999, 999, 999, 999, 999, 999, 999, 999]
time : 5.81 (+1.13 = 0.00 + 1.13 + 0.00 + 0.00 + 0.00)

51th Add (Sname, S, D) : t[33], 50142, 11
Dist : [0, 0, 0, 0, 0, 0, 0, 0, 0, 0, 0, 0, 0, 0, 0, 0, 0, 0, 0, 0, 4, 999, 999, 0, 0, 999, 999, 999, 999, 0, 999, 0, 999, 0, 999, 0, 999, 0, 999, 0, 999, 0, 999, 0, 999, 0, 999, 0, 999, 0, 999, 0, 999, 0, 999, 0, 999, 0, 999, 0, 999, 0, 999, 0, 999, 999, 999, 999, 999, 999, 999, 999]
time : 5.81 (+0.01 = 0.00 + 0.01)

52th Add (Sname, S, D) : g[9], 131072, 12
Dist : [0, 0, 0, 0, 0, 0, 0, 0, 0, 0, 0, 0, 0, 0, 0, 0, 0, 0, 0, 0, 4, 1, 6, 0, 0, 999, 999, 999, 999, 0, 999, 0, 999, 0, 999, 0, 999, 0, 999, 0, 999, 0, 999, 0, 999, 0, 999, 0, 999, 0, 999, 0, 999, 0, 999, 0, 999, 0, 999, 0, 999, 0, 999, 0, 999, 999, 999, 999, 999, 999, 999, 999]
time : 5.82 (+0.01 = 0.00 + 0.01)

53th Add (Sname, S, D) : t[34], 223406, 13
Dist : [0, 0, 0, 0, 0, 0, 0, 0, 0, 0, 0, 0, 0, 0, 0, 0, 0, 0, 0, 0, 4, 0, 6, 0, 0, 999, 999, 999, 999, 0, 999, 0, 999, 0, 999, 0, 999, 0, 999, 0, 999, 0, 999, 0, 999, 0, 999, 0, 999, 0, 999, 0, 999, 0, 999, 0, 999, 0, 999, 0, 999, 0, 999, 0, 999, 999, 999, 999, 999, 999, 999, 999]
time : 5.82 (+0.01 = 0.00 + 0.01)

54th Add (Sname, S, D) : t[35], 98484, 7
Dist : [0, 0, 0, 0, 0, 0, 0, 0, 0, 0, 0, 0, 0, 0, 0, 0, 0, 0, 0, 0, 3, 0, 5, 0, 0, 999, 999, 999, 999, 0, 999, 0, 999, 0, 999, 0, 999, 0, 999, 0, 999, 0, 999, 0, 999, 0, 999, 0, 999, 0, 999, 0, 999, 0, 999, 0, 999, 0, 999, 0, 999, 0, 999, 0, 999, 999, 999, 999, 999, 999, 999, 999]
time : 8.09 (+2.26 = 0.00 + 2.25 + 0.00 + 0.00 + 0.01)

55th Add (Sname, S, D) : t[36], 98996, 8
Dist : [0, 0, 0, 0, 0, 0, 0, 0, 0, 0, 0, 0, 0, 0, 0, 0, 0, 0, 0, 0, 2, 0, 4, 0, 0, 999, 999, 999, 999, 0, 999, 0, 999, 0, 999, 0, 999, 0, 999, 0, 999, 0, 999, 0, 999, 0, 999, 0, 999, 0, 999, 0, 999, 0, 999, 0, 999, 0, 999, 0, 999, 0, 999, 0, 999, 999, 999, 999, 999, 999, 999, 999]
time : 10.19 (+2.11 = 0.00 + 2.10 + 0.00 + 0.00 + 0.01)

56th Add (Sname, S, D) : t[37], 100020, 9
Dist : [0, 0, 0, 0, 0, 0, 0, 0, 0, 0, 0, 0, 0, 0, 0, 0, 0, 0, 0, 0, 1, 0, 3, 0, 0, 999, 999, 999, 999, 0, 999, 0, 999, 0, 999, 0, 999, 0, 999, 0, 999, 0, 999, 0, 999, 0, 999, 0, 999, 0, 999, 0, 999, 0, 999, 0, 999, 0, 999, 0, 999, 0, 999, 0, 999, 999, 999, 999, 999, 999, 999, 999]
time : 12.74 (+2.55 = 0.00 + 2.54 + 0.00 + 0.00 + 0.01)

57th Add (Sname, S, D) : t[38], 100000, 10
Dist : [0, 0, 0, 0, 0, 0, 0, 0, 0, 0, 0, 0, 0, 0, 0, 0, 0, 0, 0, 0, 0, 0, 2, 0, 0, 999, 999, 999, 999, 0, 999, 0, 999, 0, 999, 0, 999, 0, 999, 0, 999, 0, 999, 0, 999, 0, 999, 0, 999, 0, 999, 0, 999, 0, 999, 0, 999, 0, 999, 0, 999, 0, 999, 0, 999, 999, 999, 999, 999, 999, 999, 999]
time : 12.75 (+0.01 = 0.00 + 0.01)

58th Add (Sname, S, D) : g[10], 262144, 14
Dist : [0, 0, 0, 0, 0, 0, 0, 0, 0, 0, 0, 0, 0, 0, 0, 0, 0, 0, 0, 0, 0, 0, 2, 0, 0, 999, 2, 999, 999, 0, 999, 0, 999, 0, 999, 0, 999, 0, 2, 0, 999, 0, 999, 0, 999, 0, 999, 0, 999, 0, 999, 0, 999, 0, 999, 0, 2, 0, 999, 0, 999, 0, 999, 0, 999, 999, 999, 999, 999, 999, 999, 999]
time : 12.75 (+0.01 = 0.00 + 0.01)

59th Add (Sname, S, D) : t[39], 83326, 12
Dist : [0, 0, 0, 0, 0, 0, 0, 0, 0, 0, 0, 0, 0, 0, 0, 0, 0, 0, 0, 0, 0, 0, 1, 0, 0, 999, 1, 999, 999, 0, 999, 0, 999, 0, 999, 0, 999, 0, 1, 0, 999, 0, 999, 0, 999, 0, 999, 0, 999, 0, 999, 0, 999, 0, 999, 0, 1, 0, 999, 0, 999, 0, 999, 0, 999, 999, 999, 999, 999, 999, 999, 999]
time : 16.33 (+3.58 = 0.00 + 3.57 + 0.00 + 0.00 + 0.01)

60th Add (Sname, S, D) : t[40], 214398, 13
Dist : [0, 0, 0, 0, 0, 0, 0, 0, 0, 0, 0, 0, 0, 0, 0, 0, 0, 0, 0, 0, 0, 0, 0, 0, 0, 999, 1, 999, 999, 0, 999, 0, 999, 0, 999, 0, 999, 0, 1, 0, 999, 0, 999, 0, 999, 0, 999, 0, 999, 0, 999, 0, 999, 0, 999, 0, 1, 0, 999, 0, 999, 0, 999, 0, 999, 999, 999, 999, 999, 999, 999, 999]
time : 16.34 (+0.01 = 0.00 + 0.01)

61th Add (Sname, S, D) : g[11], 524288, 14
Dist : [0, 0, 0, 0, 0, 0, 0, 0, 0, 0, 0, 0, 0, 0, 0, 0, 0, 0, 0, 0, 0, 0, 0, 0, 0, 1, 1, 999, 999, 0, 999, 0, 1, 0, 999, 0, 999, 0, 1, 0, 3, 0, 999, 0, 999, 0, 999, 0, 999, 0, 1, 0, 999, 0, 999, 0, 1, 0, 3, 0, 999, 0, 999, 0, 999, 999, 999, 999, 999, 999, 999, 999]
time : 16.35 (+0.01 = 0.00 + 0.01)

62th Add (Sname, S, D) : t[41], 655360, 15
Dist : [0, 0, 0, 0, 0, 0, 0, 0, 0, 0, 0, 0, 0, 0, 0, 0, 0, 0, 0, 0, 0, 0, 0, 0, 0, 0, 1, 999, 999, 0, 999, 0, 1, 0, 999, 0, 999, 0, 1, 0, 3, 0, 999, 0, 999, 0, 999, 0, 999, 0, 1, 0, 999, 0, 999, 0, 1, 0, 3, 0, 999, 0, 999, 0, 999, 999, 999, 999, 999, 999, 999, 999]
time : 16.36 (+0.01 = 0.00 + 0.01)

63th Add (Sname, S, D) : g[12], 1048576, 16
Dist : [0, 0, 0, 0, 0, 0, 0, 0, 0, 0, 0, 0, 0, 0, 0, 0, 0, 0, 0, 0, 0, 0, 0, 0, 0, 0, 1, 1, 1, 0, 2, 0, 1, 0, 999, 0, 999, 0, 1, 0, 3, 0, 999, 0, 999, 0, 1, 0, 2, 0, 1, 0, 999, 0, 999, 0, 1, 0, 3, 0, 999, 0, 999, 0, 999, 999, 999, 999, 999, 999, 999, 999]
time : 16.36 (+0.01 = 0.00 + 0.01)

64th Add (Sname, S, D) : t[42], 345470, 15
Dist : [0, 0, 0, 0, 0, 0, 0, 0, 0, 0, 0, 0, 0, 0, 0, 0, 0, 0, 0, 0, 0, 0, 0, 0, 0, 0, 0, 1, 1, 0, 2, 0, 1, 0, 999, 0, 999, 0, 0, 0, 2, 0, 999, 0, 999, 0, 1, 0, 2, 0, 1, 0, 999, 0, 999, 0, 0, 0, 2, 0, 999, 0, 999, 0, 999, 999, 999, 999, 999, 999, 999, 999]
time : 16.38 (+0.01 = 0.00 + 0.01)

65th Add (Sname, S, D) : g[19], 134217728, 16
Dist : [0, 0, 0, 0, 0, 0, 0, 0, 0, 0, 0, 0, 0, 0, 0, 0, 0, 0, 0, 0, 0, 0, 0, 0, 0, 0, 0, 1, 1, 0, 2, 0, 1, 0, 999, 0, 999, 0, 0, 0, 2, 0, 999, 0, 999, 0, 1, 0, 2, 0, 1, 0, 999, 0, 999, 0, 0, 0, 2, 0, 999, 0, 999, 0, 999, 999, 999, 999, 999, 999, 999, 999]
time : 16.39 (+0.01 = 0.00 + 0.01)

66th Add (Sname, S, D) : g[28], 68719476736, 16
Dist : [0, 0, 0, 0, 0, 0, 0, 0, 0, 0, 0, 0, 0, 0, 0, 0, 0, 0, 0, 0, 0, 0, 0, 0, 0, 0, 0, 1, 1, 0, 2, 0, 1, 0, 999, 0, 999, 0, 0, 0, 2, 0, 999, 0, 999, 0, 1, 0, 2, 0, 1, 0, 999, 0, 999, 0, 0, 0, 2, 0, 999, 0, 999, 0, 999, 999, 999, 999, 999, 999, 999, 999]
time : 16.40 (+0.01 = 0.00 + 0.01)

67th Add (Sname, S, D) : t[43], 1271982, 17
Dist : [0, 0, 0, 0, 0, 0, 0, 0, 0, 0, 0, 0, 0, 0, 0, 0, 0, 0, 0, 0, 0, 0, 0, 0, 0, 0, 0, 0, 1, 0, 2, 0, 1, 0, 999, 0, 999, 0, 0, 0, 2, 0, 999, 0, 999, 0, 1, 0, 2, 0, 1, 0, 999, 0, 999, 0, 0, 0, 2, 0, 999, 0, 999, 0, 999, 999, 999, 999, 999, 999, 999, 999]
time : 16.41 (+0.01 = 0.00 + 0.01)

68th Add (Sname, S, D) : g[13], 2097152, 18
Dist : [0, 0, 0, 0, 0, 0, 0, 0, 0, 0, 0, 0, 0, 0, 0, 0, 0, 0, 0, 0, 0, 0, 0, 0, 0, 0, 0, 0, 1, 0, 2, 0, 1, 0, 2, 0, 1, 0, 0, 0, 2, 0, 4, 0, 4, 0, 1, 0, 2, 0, 1, 0, 2, 0, 1, 0, 0, 0, 2, 0, 4, 0, 4, 0, 999, 999, 999, 999, 999, 999, 999, 999]
time : 16.43 (+0.01 = 0.00 + 0.01)

69th Add (Sname, S, D) : t[44], 1104044, 17
Dist : [0, 0, 0, 0, 0, 0, 0, 0, 0, 0, 0, 0, 0, 0, 0, 0, 0, 0, 0, 0, 0, 0, 0, 0, 0, 0, 0, 0, 0, 0, 2, 0, 1, 0, 2, 0, 1, 0, 0, 0, 2, 0, 3, 0, 4, 0, 0, 0, 2, 0, 1, 0, 2, 0, 1, 0, 0, 0, 2, 0, 3, 0, 4, 0, 999, 999, 999, 999, 999, 999, 999, 999]
time : 16.44 (+0.02 = 0.00 + 0.02)

70th Add (Sname, S, D) : g[14], 4194304, 18
Dist : [0, 0, 0, 0, 0, 0, 0, 0, 0, 0, 0, 0, 0, 0, 0, 0, 0, 0, 0, 0, 0, 0, 0, 0, 0, 0, 0, 0, 0, 0, 2, 0, 1, 0, 2, 0, 1, 0, 0, 0, 2, 0, 3, 0, 4, 0, 0, 0, 2, 0, 1, 0, 2, 0, 1, 0, 0, 0, 2, 0, 3, 0, 4, 0, 999, 999, 999, 999, 999, 999, 999, 999]
time : 16.45 (+0.01 = 0.00 + 0.01)

71th Add (Sname, S, D) : g[23], 2147483648, 18
Dist : [0, 0, 0, 0, 0, 0, 0, 0, 0, 0, 0, 0, 0, 0, 0, 0, 0, 0, 0, 0, 0, 0, 0, 0, 0, 0, 0, 0, 0, 0, 2, 0, 1, 0, 2, 0, 1, 0, 0, 0, 2, 0, 3, 0, 4, 0, 0, 0, 2, 0, 1, 0, 2, 0, 1, 0, 0, 0, 2, 0, 3, 0, 4, 0, 999, 999, 999, 999, 999, 999, 999, 999]
time : 16.47 (+0.02 = 0.00 + 0.02)

72th Add (Sname, S, D) : t[45], 616622, 15
Dist : [0, 0, 0, 0, 0, 0, 0, 0, 0, 0, 0, 0, 0, 0, 0, 0, 0, 0, 0, 0, 0, 0, 0, 0, 0, 0, 0, 0, 0, 0, 1, 0, 0, 0, 2, 0, 1, 0, 0, 0, 1, 0, 3, 0, 3, 0, 0, 0, 1, 0, 0, 0, 2, 0, 1, 0, 0, 0, 1, 0, 3, 0, 3, 0, 999, 999, 999, 999, 999, 999, 999, 999]
time : 16.49 (+0.02 = 0.00 + 0.02)

73th Add (Sname, S, D) : g[16], 16777216, 16
Dist : [0, 0, 0, 0, 0, 0, 0, 0, 0, 0, 0, 0, 0, 0, 0, 0, 0, 0, 0, 0, 0, 0, 0, 0, 0, 0, 0, 0, 0, 0, 1, 0, 0, 0, 2, 0, 1, 0, 0, 0, 1, 0, 3, 0, 3, 0, 0, 0, 1, 0, 0, 0, 2, 0, 1, 0, 0, 0, 1, 0, 3, 0, 3, 0, 999, 999, 999, 999, 999, 999, 999, 999]
time : 16.52 (+0.03 = 0.00 + 0.03)

74th Add (Sname, S, D) : g[25], 8589934592, 16
Dist : [0, 0, 0, 0, 0, 0, 0, 0, 0, 0, 0, 0, 0, 0, 0, 0, 0, 0, 0, 0, 0, 0, 0, 0, 0, 0, 0, 0, 0, 0, 1, 0, 0, 0, 2, 0, 1, 0, 0, 0, 1, 0, 3, 0, 3, 0, 0, 0, 1, 0, 0, 0, 2, 0, 1, 0, 0, 0, 1, 0, 3, 0, 3, 0, 999, 999, 999, 999, 999, 999, 999, 999]
time : 16.54 (+0.02 = 0.00 + 0.02)

75th Add (Sname, S, D) : t[46], 1683458, 18
Dist : [0, 0, 0, 0, 0, 0, 0, 0, 0, 0, 0, 0, 0, 0, 0, 0, 0, 0, 0, 0, 0, 0, 0, 0, 0, 0, 0, 0, 0, 0, 0, 0, 0, 0, 2, 0, 1, 0, 0, 0, 1, 0, 3, 0, 2, 0, 0, 0, 0, 0, 0, 0, 2, 0, 1, 0, 0, 0, 1, 0, 3, 0, 2, 0, 999, 999, 999, 999, 999, 999, 999, 999]
time : 16.56 (+0.02 = 0.00 + 0.02)

76th Add (Sname, S, D) : g[15], 8388608, 19
Dist : [0, 0, 0, 0, 0, 0, 0, 0, 0, 0, 0, 0, 0, 0, 0, 0, 0, 0, 0, 0, 0, 0, 0, 0, 0, 0, 0, 0, 0, 0, 0, 0, 0, 0, 2, 0, 1, 0, 0, 0, 1, 0, 3, 0, 2, 0, 0, 0, 0, 0, 0, 0, 2, 0, 1, 0, 0, 0, 1, 0, 3, 0, 2, 0, 999, 999, 999, 999, 999, 999, 999, 999]
time : 16.58 (+0.02 = 0.00 + 0.02)

77th Add (Sname, S, D) : g[24], 4294967296, 19
Dist : [0, 0, 0, 0, 0, 0, 0, 0, 0, 0, 0, 0, 0, 0, 0, 0, 0, 0, 0, 0, 0, 0, 0, 0, 0, 0, 0, 0, 0, 0, 0, 0, 0, 0, 2, 0, 1, 0, 0, 0, 1, 0, 3, 0, 2, 0, 0, 0, 0, 0, 0, 0, 2, 0, 1, 0, 0, 0, 1, 0, 3, 0, 2, 0, 999, 999, 999, 999, 999, 999, 999, 999]
time : 16.60 (+0.02 = 0.00 + 0.02)

78th Add (Sname, S, D) : t[47], 2197152, 19
Dist : [0, 0, 0, 0, 0, 0, 0, 0, 0, 0, 0, 0, 0, 0, 0, 0, 0, 0, 0, 0, 0, 0, 0, 0, 0, 0, 0, 0, 0, 0, 0, 0, 0, 0, 1, 0, 0, 0, 0, 0, 1, 0, 2, 0, 1, 0, 0, 0, 0, 0, 0, 0, 1, 0, 0, 0, 0, 0, 1, 0, 2, 0, 1, 0, 999, 999, 999, 999, 999, 999, 999, 999]
time : 16.63 (+0.03 = 0.00 + 0.03)

79th Add (Sname, S, D) : g[18], 67108864, 20
Dist : [0, 0, 0, 0, 0, 0, 0, 0, 0, 0, 0, 0, 0, 0, 0, 0, 0, 0, 0, 0, 0, 0, 0, 0, 0, 0, 0, 0, 0, 0, 0, 0, 0, 0, 1, 0, 0, 0, 0, 0, 1, 0, 2, 0, 1, 0, 0, 0, 0, 0, 0, 0, 1, 0, 0, 0, 0, 0, 1, 0, 2, 0, 1, 0, 999, 999, 999, 999, 999, 999, 999, 999]
time : 16.66 (+0.03 = 0.00 + 0.03)

80th Add (Sname, S, D) : g[27], 34359738368, 20
Dist : [0, 0, 0, 0, 0, 0, 0, 0, 0, 0, 0, 0, 0, 0, 0, 0, 0, 0, 0, 0, 0, 0, 0, 0, 0, 0, 0, 0, 0, 0, 0, 0, 0, 0, 1, 0, 0, 0, 0, 0, 1, 0, 2, 0, 1, 0, 0, 0, 0, 0, 0, 0, 1, 0, 0, 0, 0, 0, 1, 0, 2, 0, 1, 0, 999, 999, 999, 999, 999, 999, 999, 999]
time : 16.69 (+0.03 = 0.00 + 0.03)

81th Add (Sname, S, D) : t[48], 2409438, 20
Dist : [0, 0, 0, 0, 0, 0, 0, 0, 0, 0, 0, 0, 0, 0, 0, 0, 0, 0, 0, 0, 0, 0, 0, 0, 0, 0, 0, 0, 0, 0, 0, 0, 0, 0, 0, 0, 0, 0, 0, 0, 1, 0, 1, 0, 1, 0, 0, 0, 0, 0, 0, 0, 0, 0, 0, 0, 0, 0, 1, 0, 1, 0, 1, 0, 999, 999, 999, 999, 999, 999, 999, 999]
time : 16.72 (+0.03 = 0.00 + 0.03)

82th Add (Sname, S, D) : g[17], 33554432, 21
Dist : [0, 0, 0, 0, 0, 0, 0, 0, 0, 0, 0, 0, 0, 0, 0, 0, 0, 0, 0, 0, 0, 0, 0, 0, 0, 0, 0, 0, 0, 0, 0, 0, 0, 0, 0, 0, 0, 0, 0, 0, 1, 0, 1, 0, 1, 0, 0, 0, 0, 0, 0, 0, 0, 0, 0, 0, 0, 0, 1, 0, 1, 0, 1, 0, 999, 999, 999, 999, 999, 999, 999, 999]
time : 16.77 (+0.05 = 0.00 + 0.05)

83th Add (Sname, S, D) : g[26], 17179869184, 21
Dist : [0, 0, 0, 0, 0, 0, 0, 0, 0, 0, 0, 0, 0, 0, 0, 0, 0, 0, 0, 0, 0, 0, 0, 0, 0, 0, 0, 0, 0, 0, 0, 0, 0, 0, 0, 0, 0, 0, 0, 0, 1, 0, 1, 0, 1, 0, 0, 0, 0, 0, 0, 0, 0, 0, 0, 0, 0, 0, 1, 0, 1, 0, 1, 0, 999, 999, 999, 999, 999, 999, 999, 999]
time : 16.80 (+0.03 = 0.00 + 0.03)

84th Add (Sname, S, D) : t[49], 798160, 16
Dist : [0, 0, 0, 0, 0, 0, 0, 0, 0, 0, 0, 0, 0, 0, 0, 0, 0, 0, 0, 0, 0, 0, 0, 0, 0, 0, 0, 0, 0, 0, 0, 0, 0, 0, 0, 0, 0, 0, 0, 0, 0, 0, 1, 0, 1, 0, 0, 0, 0, 0, 0, 0, 0, 0, 0, 0, 0, 0, 0, 0, 1, 0, 1, 0, 999, 999, 999, 999, 999, 999, 999, 999]
time : 16.84 (+0.03 = 0.00 + 0.03)

85th Add (Sname, S, D) : g[20], 268435456, 17
Dist : [0, 0, 0, 0, 0, 0, 0, 0, 0, 0, 0, 0, 0, 0, 0, 0, 0, 0, 0, 0, 0, 0, 0, 0, 0, 0, 0, 0, 0, 0, 0, 0, 0, 0, 0, 0, 0, 0, 0, 0, 0, 0, 1, 0, 1, 0, 0, 0, 0, 0, 0, 0, 0, 0, 0, 0, 0, 0, 0, 0, 1, 0, 1, 0, 999, 999, 999, 999, 999, 999, 999, 999]
time : 16.87 (+0.03 = 0.00 + 0.03)

86th Add (Sname, S, D) : g[29], 137438953472, 17
Dist : [0, 0, 0, 0, 0, 0, 0, 0, 0, 0, 0, 0, 0, 0, 0, 0, 0, 0, 0, 0, 0, 0, 0, 0, 0, 0, 0, 0, 0, 0, 0, 0, 0, 0, 0, 0, 0, 0, 0, 0, 0, 0, 1, 0, 1, 0, 0, 0, 0, 0, 0, 0, 0, 0, 0, 0, 0, 0, 0, 0, 1, 0, 1, 0, 999, 999, 999, 999, 999, 999, 999, 999]
time : 16.91 (+0.04 = 0.00 + 0.04)

87th Add (Sname, S, D) : t[50], 3414898, 21
Dist : [0, 0, 0, 0, 0, 0, 0, 0, 0, 0, 0, 0, 0, 0, 0, 0, 0, 0, 0, 0, 0, 0, 0, 0, 0, 0, 0, 0, 0, 0, 0, 0, 0, 0, 0, 0, 0, 0, 0, 0, 0, 0, 0, 0, 1, 0, 0, 0, 0, 0, 0, 0, 0, 0, 0, 0, 0, 0, 0, 0, 0, 0, 1, 0, 999, 999, 999, 999, 999, 999, 999, 999]
time : 16.95 (+0.04 = 0.00 + 0.04)

88th Add (Sname, S, D) : g[21], 536870912, 22
Dist : [0, 0, 0, 0, 0, 0, 0, 0, 0, 0, 0, 0, 0, 0, 0, 0, 0, 0, 0, 0, 0, 0, 0, 0, 0, 0, 0, 0, 0, 0, 0, 0, 0, 0, 0, 0, 0, 0, 0, 0, 0, 0, 0, 0, 1, 0, 0, 0, 0, 0, 0, 0, 0, 0, 0, 0, 0, 0, 0, 0, 0, 0, 1, 0, 999, 999, 999, 999, 999, 999, 999, 999]
time : 16.99 (+0.04 = 0.00 + 0.04)

89th Add (Sname, S, D) : g[30], 274877906944, 22
Dist : [0, 0, 0, 0, 0, 0, 0, 0, 0, 0, 0, 0, 0, 0, 0, 0, 0, 0, 0, 0, 0, 0, 0, 0, 0, 0, 0, 0, 0, 0, 0, 0, 0, 0, 0, 0, 0, 0, 0, 0, 0, 0, 0, 0, 1, 0, 0, 0, 0, 0, 0, 0, 0, 0, 0, 0, 0, 0, 0, 0, 0, 0, 1, 0, 7, 999, 999, 7, 7, 999, 7, 7]
time : 22.48 (+5.49 = 0.00 + 5.49)

90th Add (Sname, S, D) : t[51], 3684002, 20
Dist : [0, 0, 0, 0, 0, 0, 0, 0, 0, 0, 0, 0, 0, 0, 0, 0, 0, 0, 0, 0, 0, 0, 0, 0, 0, 0, 0, 0, 0, 0, 0, 0, 0, 0, 0, 0, 0, 0, 0, 0, 0, 0, 0, 0, 0, 0, 0, 0, 0, 0, 0, 0, 0, 0, 0, 0, 0, 0, 0, 0, 0, 0, 0, 0, 7, 999, 999, 7, 7, 999, 7, 7]
time : 22.82 (+0.33 = 0.00 + 0.33)

91th Add (Sname, S, D) : g[22], 1073741824, 21
Dist : [0, 0, 0, 0, 0, 0, 0, 0, 0, 0, 0, 0, 0, 0, 0, 0, 0, 0, 0, 0, 0, 0, 0, 0, 0, 0, 0, 0, 0, 0, 0, 0, 0, 0, 0, 0, 0, 0, 0, 0, 0, 0, 0, 0, 0, 0, 0, 0, 0, 0, 0, 0, 0, 0, 0, 0, 0, 0, 0, 0, 0, 0, 0, 0, 7, 7, 999, 7, 7, 999, 7, 7]
time : 25.65 (+2.83 = 0.00 + 2.83)

92th Add (Sname, S, D) : g[31], 549755813888, 21
Dist : [0, 0, 0, 0, 0, 0, 0, 0, 0, 0, 0, 0, 0, 0, 0, 0, 0, 0, 0, 0, 0, 0, 0, 0, 0, 0, 0, 0, 0, 0, 0, 0, 0, 0, 0, 0, 0, 0, 0, 0, 0, 0, 0, 0, 0, 0, 0, 0, 0, 0, 0, 0, 0, 0, 0, 0, 0, 0, 0, 0, 0, 0, 0, 0, 7, 7, 999, 7, 7, 7, 7, 7]
time : 28.58 (+2.93 = 0.00 + 2.93)

93th Add (Sname, S, D) : t[52], 412316860416, 23
Dist : [0, 0, 0, 0, 0, 0, 0, 0, 0, 0, 0, 0, 0, 0, 0, 0, 0, 0, 0, 0, 0, 0, 0, 0, 0, 0, 0, 0, 0, 0, 0, 0, 0, 0, 0, 0, 0, 0, 0, 0, 0, 0, 0, 0, 0, 0, 0, 0, 0, 0, 0, 0, 0, 0, 0, 0, 0, 0, 0, 0, 0, 0, 0, 0, 6, 6, 999, 6, 6, 7, 6, 6]
time : 1382.83 (+1354.25 = 0.00 + 1352.51 + 0.00 + 0.00 + 1.73)

94th Add (Sname, S, D) : t[53], 416611827712, 24
Dist : [0, 0, 0, 0, 0, 0, 0, 0, 0, 0, 0, 0, 0, 0, 0, 0, 0, 0, 0, 0, 0, 0, 0, 0, 0, 0, 0, 0, 0, 0, 0, 0, 0, 0, 0, 0, 0, 0, 0, 0, 0, 0, 0, 0, 0, 0, 0, 0, 0, 0, 0, 0, 0, 0, 0, 0, 0, 0, 0, 0, 0, 0, 0, 0, 6, 6, 999, 5, 5, 7, 5, 5]
time : 1723.41 (+340.58 = 0.01 + 339.12 + 0.00 + 0.00 + 1.46)

95th Add (Sname, S, D) : t[54], 418759311360, 25
Dist : [0, 0, 0, 0, 0, 0, 0, 0, 0, 0, 0, 0, 0, 0, 0, 0, 0, 0, 0, 0, 0, 0, 0, 0, 0, 0, 0, 0, 0, 0, 0, 0, 0, 0, 0, 0, 0, 0, 0, 0, 0, 0, 0, 0, 0, 0, 0, 0, 0, 0, 0, 0, 0, 0, 0, 0, 0, 0, 0, 0, 0, 0, 0, 0, 6, 6, 999, 4, 4, 7, 4, 4]
time : 2064.63 (+341.22 = 0.01 + 339.71 + 0.00 + 0.00 + 1.50)

96th Add (Sname, S, D) : t[55], 805306368, 23
Dist : [0, 0, 0, 0, 0, 0, 0, 0, 0, 0, 0, 0, 0, 0, 0, 0, 0, 0, 0, 0, 0, 0, 0, 0, 0, 0, 0, 0, 0, 0, 0, 0, 0, 0, 0, 0, 0, 0, 0, 0, 0, 0, 0, 0, 0, 0, 0, 0, 0, 0, 0, 0, 0, 0, 0, 0, 0, 0, 0, 0, 0, 0, 0, 0, 6, 6, 999, 4, 4, 7, 3, 3]
time : 2416.49 (+351.87 = 0.01 + 350.30 + 0.00 + 0.00 + 1.56)

97th Add (Sname, S, D) : t[56], 12582912, 20
Dist : [0, 0, 0, 0, 0, 0, 0, 0, 0, 0, 0, 0, 0, 0, 0, 0, 0, 0, 0, 0, 0, 0, 0, 0, 0, 0, 0, 0, 0, 0, 0, 0, 0, 0, 0, 0, 0, 0, 0, 0, 0, 0, 0, 0, 0, 0, 0, 0, 0, 0, 0, 0, 0, 0, 0, 0, 0, 0, 0, 0, 0, 0, 0, 0, 6, 6, 999, 4, 3, 7, 2, 3]
time : 2789.34 (+372.84 = 0.01 + 371.20 + 0.00 + 0.00 + 1.64)

98th Add (Sname, S, D) : t[57], 100663296, 22
Dist : [0, 0, 0, 0, 0, 0, 0, 0, 0, 0, 0, 0, 0, 0, 0, 0, 0, 0, 0, 0, 0, 0, 0, 0, 0, 0, 0, 0, 0, 0, 0, 0, 0, 0, 0, 0, 0, 0, 0, 0, 0, 0, 0, 0, 0, 0, 0, 0, 0, 0, 0, 0, 0, 0, 0, 0, 0, 0, 0, 0, 0, 0, 0, 0, 6, 6, 999, 4, 2, 7, 2, 2]
time : 3182.07 (+392.73 = 0.01 + 391.03 + 0.00 + 0.00 + 1.69)

99th Add (Sname, S, D) : t[58], 201326592, 21
Dist : [0, 0, 0, 0, 0, 0, 0, 0, 0, 0, 0, 0, 0, 0, 0, 0, 0, 0, 0, 0, 0, 0, 0, 0, 0, 0, 0, 0, 0, 0, 0, 0, 0, 0, 0, 0, 0, 0, 0, 0, 0, 0, 0, 0, 0, 0, 0, 0, 0, 0, 0, 0, 0, 0, 0, 0, 0, 0, 0, 0, 0, 0, 0, 0, 6, 5, 999, 3, 2, 7, 2, 2]
time : 3596.84 (+414.77 = 0.01 + 413.00 + 0.00 + 0.00 + 1.77)

100th Add (Sname, S, D) : t[59], 218103808, 22
Dist : [0, 0, 0, 0, 0, 0, 0, 0, 0, 0, 0, 0, 0, 0, 0, 0, 0, 0, 0, 0, 0, 0, 0, 0, 0, 0, 0, 0, 0, 0, 0, 0, 0, 0, 0, 0, 0, 0, 0, 0, 0, 0, 0, 0, 0, 0, 0, 0, 0, 0, 0, 0, 0, 0, 0, 0, 0, 0, 0, 0, 0, 0, 0, 0, 5, 5, 999, 2, 2, 7, 2, 2]
time : 4025.59 (+428.76 = 0.01 + 426.91 + 0.00 + 0.00 + 1.84)

101th Add (Sname, S, D) : t[60], 429496729600, 24
Dist : [0, 0, 0, 0, 0, 0, 0, 0, 0, 0, 0, 0, 0, 0, 0, 0, 0, 0, 0, 0, 0, 0, 0, 0, 0, 0, 0, 0, 0, 0, 0, 0, 0, 0, 0, 0, 0, 0, 0, 0, 0, 0, 0, 0, 0, 0, 0, 0, 0, 0, 0, 0, 0, 0, 0, 0, 0, 0, 0, 0, 0, 0, 0, 0, 4, 4, 999, 2, 2, 7, 2, 2]
time : 4467.61 (+442.02 = 0.01 + 440.09 + 0.00 + 0.00 + 1.92)

102th Add (Sname, S, D) : t[61], 463856467968, 25
Dist : [0, 0, 0, 0, 0, 0, 0, 0, 0, 0, 0, 0, 0, 0, 0, 0, 0, 0, 0, 0, 0, 0, 0, 0, 0, 0, 0, 0, 0, 0, 0, 0, 0, 0, 0, 0, 0, 0, 0, 0, 0, 0, 0, 0, 0, 0, 0, 0, 0, 0, 0, 0, 0, 0, 0, 0, 0, 0, 0, 0, 0, 0, 0, 0, 3, 3, 999, 2, 2, 7, 2, 2]
time : 4931.19 (+463.58 = 0.01 + 461.57 + 0.00 + 0.00 + 2.00)

103th Add (Sname, S, D) : t[62], 905969664, 24
Dist : [0, 0, 0, 0, 0, 0, 0, 0, 0, 0, 0, 0, 0, 0, 0, 0, 0, 0, 0, 0, 0, 0, 0, 0, 0, 0, 0, 0, 0, 0, 0, 0, 0, 0, 0, 0, 0, 0, 0, 0, 0, 0, 0, 0, 0, 0, 0, 0, 0, 0, 0, 0, 0, 0, 0, 0, 0, 0, 0, 0, 0, 0, 0, 0, 3, 3, 999, 2, 2, 7, 2, 1]
time : 5410.36 (+479.17 = 0.01 + 477.03 + 0.00 + 0.00 + 2.13)

104th Add (Sname, S, D) : t[63], 419665281024, 26
Dist : [0, 0, 0, 0, 0, 0, 0, 0, 0, 0, 0, 0, 0, 0, 0, 0, 0, 0, 0, 0, 0, 0, 0, 0, 0, 0, 0, 0, 0, 0, 0, 0, 0, 0, 0, 0, 0, 0, 0, 0, 0, 0, 0, 0, 0, 0, 0, 0, 0, 0, 0, 0, 0, 0, 0, 0, 0, 0, 0, 0, 0, 0, 0, 0, 3, 3, 999, 2, 2, 7, 2, 0]
time : 5412.59 (+2.23 = 0.00 + 2.23)

105th Add (Sname, S, D) : t[64], 113246208, 23
Dist : [0, 0, 0, 0, 0, 0, 0, 0, 0, 0, 0, 0, 0, 0, 0, 0, 0, 0, 0, 0, 0, 0, 0, 0, 0, 0, 0, 0, 0, 0, 0, 0, 0, 0, 0, 0, 0, 0, 0, 0, 0, 0, 0, 0, 0, 0, 0, 0, 0, 0, 0, 0, 0, 0, 0, 0, 0, 0, 0, 0, 0, 0, 0, 0, 3, 3, 999, 2, 1, 7, 2, 0]
time : 5931.37 (+518.78 = 0.01 + 516.48 + 0.00 + 0.00 + 2.29)

106th Add (Sname, S, D) : t[65], 418872557568, 26
Dist : [0, 0, 0, 0, 0, 0, 0, 0, 0, 0, 0, 0, 0, 0, 0, 0, 0, 0, 0, 0, 0, 0, 0, 0, 0, 0, 0, 0, 0, 0, 0, 0, 0, 0, 0, 0, 0, 0, 0, 0, 0, 0, 0, 0, 0, 0, 0, 0, 0, 0, 0, 0, 0, 0, 0, 0, 0, 0, 0, 0, 0, 0, 0, 0, 3, 3, 999, 2, 0, 7, 2, 0]
time : 5933.80 (+2.43 = 0.00 + 2.43)

107th Add (Sname, S, D) : t[66], 226492416, 23
Dist : [0, 0, 0, 0, 0, 0, 0, 0, 0, 0, 0, 0, 0, 0, 0, 0, 0, 0, 0, 0, 0, 0, 0, 0, 0, 0, 0, 0, 0, 0, 0, 0, 0, 0, 0, 0, 0, 0, 0, 0, 0, 0, 0, 0, 0, 0, 0, 0, 0, 0, 0, 0, 0, 0, 0, 0, 0, 0, 0, 0, 0, 0, 0, 0, 2, 3, 999, 1, 0, 7, 2, 0]
time : 6494.99 (+561.19 = 0.01 + 558.82 + 0.00 + 0.00 + 2.37)

108th Add (Sname, S, D) : t[67], 418985803776, 26
Dist : [0, 0, 0, 0, 0, 0, 0, 0, 0, 0, 0, 0, 0, 0, 0, 0, 0, 0, 0, 0, 0, 0, 0, 0, 0, 0, 0, 0, 0, 0, 0, 0, 0, 0, 0, 0, 0, 0, 0, 0, 0, 0, 0, 0, 0, 0, 0, 0, 0, 0, 0, 0, 0, 0, 0, 0, 0, 0, 0, 0, 0, 0, 0, 0, 2, 3, 999, 0, 0, 7, 2, 0]
time : 6497.27 (+2.28 = 0.00 + 2.28)

109th Add (Sname, S, D) : t[68], 817889280, 24
Dist : [0, 0, 0, 0, 0, 0, 0, 0, 0, 0, 0, 0, 0, 0, 0, 0, 0, 0, 0, 0, 0, 0, 0, 0, 0, 0, 0, 0, 0, 0, 0, 0, 0, 0, 0, 0, 0, 0, 0, 0, 0, 0, 0, 0, 0, 0, 0, 0, 0, 0, 0, 0, 0, 0, 0, 0, 0, 0, 0, 0, 0, 0, 0, 0, 2, 3, 999, 0, 0, 7, 1, 0]
time : 7103.31 (+606.04 = 0.01 + 603.68 + 0.00 + 0.00 + 2.35)

110th Add (Sname, S, D) : t[69], 419577200640, 26
Dist : [0, 0, 0, 0, 0, 0, 0, 0, 0, 0, 0, 0, 0, 0, 0, 0, 0, 0, 0, 0, 0, 0, 0, 0, 0, 0, 0, 0, 0, 0, 0, 0, 0, 0, 0, 0, 0, 0, 0, 0, 0, 0, 0, 0, 0, 0, 0, 0, 0, 0, 0, 0, 0, 0, 0, 0, 0, 0, 0, 0, 0, 0, 0, 0, 2, 3, 999, 0, 0, 7, 0, 0]
time : 7105.74 (+2.43 = 0.00 + 2.43)

111th Add (Sname, S, D) : t[70], 188743680, 24
Dist : [0, 0, 0, 0, 0, 0, 0, 0, 0, 0, 0, 0, 0, 0, 0, 0, 0, 0, 0, 0, 0, 0, 0, 0, 0, 0, 0, 0, 0, 0, 0, 0, 0, 0, 0, 0, 0, 0, 0, 0, 0, 0, 0, 0, 0, 0, 0, 0, 0, 0, 0, 0, 0, 0, 0, 0, 0, 0, 0, 0, 0, 0, 0, 0, 1, 3, 7, 0, 0, 7, 0, 0]
time : 7755.93 (+650.19 = 0.01 + 647.67 + 0.00 + 0.00 + 2.51)

112th Add (Sname, S, D) : t[71], 464045211648, 26
Dist : [0, 0, 0, 0, 0, 0, 0, 0, 0, 0, 0, 0, 0, 0, 0, 0, 0, 0, 0, 0, 0, 0, 0, 0, 0, 0, 0, 0, 0, 0, 0, 0, 0, 0, 0, 0, 0, 0, 0, 0, 0, 0, 0, 0, 0, 0, 0, 0, 0, 0, 0, 0, 0, 0, 0, 0, 0, 0, 0, 0, 0, 0, 0, 0, 0, 3, 7, 0, 0, 7, 0, 0]
time : 7756.25 (+0.33 = 0.00 + 0.33)

113th Add (Sname, S, D) : t[72], 1275068416, 22
Dist : [0, 0, 0, 0, 0, 0, 0, 0, 0, 0, 0, 0, 0, 0, 0, 0, 0, 0, 0, 0, 0, 0, 0, 0, 0, 0, 0, 0, 0, 0, 0, 0, 0, 0, 0, 0, 0, 0, 0, 0, 0, 0, 0, 0, 0, 0, 0, 0, 0, 0, 0, 0, 0, 0, 0, 0, 0, 0, 0, 0, 0, 0, 0, 0, 0, 2, 6, 0, 0, 7, 0, 0]
time : 8898.68 (+1142.43 = 0.01 + 1142.08 + 0.00 + 0.00 + 0.34)

114th Add (Sname, S, D) : t[73], 1811939328, 23
Dist : [0, 0, 0, 0, 0, 0, 0, 0, 0, 0, 0, 0, 0, 0, 0, 0, 0, 0, 0, 0, 0, 0, 0, 0, 0, 0, 0, 0, 0, 0, 0, 0, 0, 0, 0, 0, 0, 0, 0, 0, 0, 0, 0, 0, 0, 0, 0, 0, 0, 0, 0, 0, 0, 0, 0, 0, 0, 0, 0, 0, 0, 0, 0, 0, 0, 1, 5, 0, 0, 6, 0, 0]
time : 9645.34 (+746.65 = 0.01 + 746.41 + 0.00 + 0.00 + 0.24)

115th Add (Sname, S, D) : t[74], 465668407296, 26
Dist : [0, 0, 0, 0, 0, 0, 0, 0, 0, 0, 0, 0, 0, 0, 0, 0, 0, 0, 0, 0, 0, 0, 0, 0, 0, 0, 0, 0, 0, 0, 0, 0, 0, 0, 0, 0, 0, 0, 0, 0, 0, 0, 0, 0, 0, 0, 0, 0, 0, 0, 0, 0, 0, 0, 0, 0, 0, 0, 0, 0, 0, 0, 0, 0, 0, 0, 5, 0, 0, 6, 0, 0]
time : 9645.49 (+0.15 = 0.00 + 0.15)

116th Add (Sname, S, D) : t[75], 1732247552, 25
Dist : [0, 0, 0, 0, 0, 0, 0, 0, 0, 0, 0, 0, 0, 0, 0, 0, 0, 0, 0, 0, 0, 0, 0, 0, 0, 0, 0, 0, 0, 0, 0, 0, 0, 0, 0, 0, 0, 0, 0, 0, 0, 0, 0, 0, 0, 0, 0, 0, 0, 0, 0, 0, 0, 0, 0, 0, 0, 0, 0, 0, 0, 0, 0, 0, 0, 0, 4, 0, 0, 5, 0, 0]
time : 9981.65 (+336.17 = 0.01 + 336.00 + 0.00 + 0.00 + 0.15)

117th Add (Sname, S, D) : t[76], 85899345920, 22
Dist : [0, 0, 0, 0, 0, 0, 0, 0, 0, 0, 0, 0, 0, 0, 0, 0, 0, 0, 0, 0, 0, 0, 0, 0, 0, 0, 0, 0, 0, 0, 0, 0, 0, 0, 0, 0, 0, 0, 0, 0, 0, 0, 0, 0, 0, 0, 0, 0, 0, 0, 0, 0, 0, 0, 0, 0, 0, 0, 0, 0, 0, 0, 0, 0, 0, 0, 3, 0, 0, 4, 0, 0]
time : 10314.10 (+332.45 = 0.01 + 332.29 + 0.00 + 0.00 + 0.15)

118th Add (Sname, S, D) : t[77], 94489280512, 23
Dist : [0, 0, 0, 0, 0, 0, 0, 0, 0, 0, 0, 0, 0, 0, 0, 0, 0, 0, 0, 0, 0, 0, 0, 0, 0, 0, 0, 0, 0, 0, 0, 0, 0, 0, 0, 0, 0, 0, 0, 0, 0, 0, 0, 0, 0, 0, 0, 0, 0, 0, 0, 0, 0, 0, 0, 0, 0, 0, 0, 0, 0, 0, 0, 0, 0, 0, 2, 0, 0, 4, 0, 0]
time : 10666.55 (+352.45 = 0.01 + 352.28 + 0.00 + 0.00 + 0.16)

119th Add (Sname, S, D) : t[78], 511101108224, 25
Dist : [0, 0, 0, 0, 0, 0, 0, 0, 0, 0, 0, 0, 0, 0, 0, 0, 0, 0, 0, 0, 0, 0, 0, 0, 0, 0, 0, 0, 0, 0, 0, 0, 0, 0, 0, 0, 0, 0, 0, 0, 0, 0, 0, 0, 0, 0, 0, 0, 0, 0, 0, 0, 0, 0, 0, 0, 0, 0, 0, 0, 0, 0, 0, 0, 0, 0, 1, 0, 0, 4, 0, 0]
time : 11038.60 (+372.05 = 0.01 + 371.86 + 0.00 + 0.00 + 0.18)

120th Add (Sname, S, D) : t[79], 512833355776, 26
Dist : [0, 0, 0, 0, 0, 0, 0, 0, 0, 0, 0, 0, 0, 0, 0, 0, 0, 0, 0, 0, 0, 0, 0, 0, 0, 0, 0, 0, 0, 0, 0, 0, 0, 0, 0, 0, 0, 0, 0, 0, 0, 0, 0, 0, 0, 0, 0, 0, 0, 0, 0, 0, 0, 0, 0, 0, 0, 0, 0, 0, 0, 0, 0, 0, 0, 0, 0, 0, 0, 4, 0, 0]
time : 11038.77 (+0.17 = 0.00 + 0.17)

121th Add (Sname, S, D) : t[80], 635655159808, 23
Dist : [0, 0, 0, 0, 0, 0, 0, 0, 0, 0, 0, 0, 0, 0, 0, 0, 0, 0, 0, 0, 0, 0, 0, 0, 0, 0, 0, 0, 0, 0, 0, 0, 0, 0, 0, 0, 0, 0, 0, 0, 0, 0, 0, 0, 0, 0, 0, 0, 0, 0, 0, 0, 0, 0, 0, 0, 0, 0, 0, 0, 0, 0, 0, 0, 0, 0, 0, 0, 0, 3, 0, 0]
time : 11445.44 (+406.66 = 0.01 + 406.45 + 0.00 + 0.00 + 0.20)

122th Add (Sname, S, D) : t[81], 773094113280, 24
Dist : [0, 0, 0, 0, 0, 0, 0, 0, 0, 0, 0, 0, 0, 0, 0, 0, 0, 0, 0, 0, 0, 0, 0, 0, 0, 0, 0, 0, 0, 0, 0, 0, 0, 0, 0, 0, 0, 0, 0, 0, 0, 0, 0, 0, 0, 0, 0, 0, 0, 0, 0, 0, 0, 0, 0, 0, 0, 0, 0, 0, 0, 0, 0, 0, 0, 0, 0, 0, 0, 2, 0, 0]
time : 11892.11 (+446.68 = 0.01 + 446.47 + 0.00 + 0.00 + 0.20)

123th Add (Sname, S, D) : t[82], 774000082944, 25
Dist : [0, 0, 0, 0, 0, 0, 0, 0, 0, 0, 0, 0, 0, 0, 0, 0, 0, 0, 0, 0, 0, 0, 0, 0, 0, 0, 0, 0, 0, 0, 0, 0, 0, 0, 0, 0, 0, 0, 0, 0, 0, 0, 0, 0, 0, 0, 0, 0, 0, 0, 0, 0, 0, 0, 0, 0, 0, 0, 0, 0, 0, 0, 0, 0, 0, 0, 0, 0, 0, 1, 0, 0]
time : 12364.37 (+472.26 = 0.01 + 472.02 + 0.00 + 0.00 + 0.23)

124th Add (Sname, S, D) : t[83], 774457262080, 26
Dist : [0, 0, 0, 0, 0, 0, 0, 0, 0, 0, 0, 0, 0, 0, 0, 0, 0, 0, 0, 0, 0, 0, 0, 0, 0, 0, 0, 0, 0, 0, 0, 0, 0, 0, 0, 0, 0, 0, 0, 0, 0, 0, 0, 0, 0, 0, 0, 0, 0, 0, 0, 0, 0, 0, 0, 0, 0, 0, 0, 0, 0, 0, 0, 0, 0, 0, 0, 0, 0, 0, 0, 0]
time : 12364.59 (+0.22 = 0.00 + 0.22)

XOR : 84
Circuit : ['r[5]=x[0]', 'r[33]=x[0]', 't[0]=x[1]^x[7]', 'r[6]=t[0]', 'r[53]=t[0]', 't[1]=x[4]^x[7]', 'r[12]=t[1]', 'r[59]=t[1]', 't[2]=x[2]^x[4]', 'r[14]=t[2]', 'r[61]=t[2]', 't[3]=t[0]^t[2]', 'r[0]=t[3]', 'r[47]=t[3]', 't[4]=x[2]^x[7]', 'r[16]=t[4]', 'r[63]=t[4]', 't[5]=x[5]^x[6]', 't[6]=x[0]^t[5]', 'r[9]=t[6]', 'r[37]=t[6]', 't[7]=x[4]^t[6]', 'r[4]=t[7]', 'r[51]=t[7]', 'g[2]=r[4]&r[5]', 't[8]=t[3]^t[7]', 'r[2]=t[8]', 'r[49]=t[8]', 't[9]=x[1]^t[6]', 'r[8]=t[9]', 'r[55]=t[9]', 'g[4]=r[8]&r[9]', 't[10]=x[7]^t[6]', 'r[10]=t[10]', 'r[57]=t[10]', 't[11]=x[2]^x[3]', 't[12]=t[3]^t[11]', 'r[1]=t[12]', 'r[29]=t[12]', 'g[0]=r[0]&r[1]', 't[13]=x[0]^t[12]', 'r[3]=t[13]', 'r[31]=t[13]', 'g[1]=r[2]&r[3]', 't[14]=t[5]^t[12]', 'r[17]=t[14]', 'r[45]=t[14]', 'g[8]=r[16]&r[17]', 't[15]=x[1]^t[11]', 't[16]=x[5]^t[15]', 'r[7]=t[16]', 'r[35]=t[16]', 'g[3]=r[6]&r[7]', 't[17]=t[6]^t[16]', 'r[11]=t[17]', 'r[39]=t[17]', 'g[5]=r[10]&r[11]', 't[18]=x[6]^t[15]', 'r[13]=t[18]', 'r[41]=t[18]', 'g[6]=r[12]&r[13]', 't[19]=t[12]^t[16]', 'r[15]=t[19]', 'r[43]=t[19]', 'g[7]=r[14]&r[15]', 't[20]=g[8]^g[7]', 't[21]=g[6]^g[7]', 't[22]=g[5]^t[20]', 't[23]=t[16]^t[21]', 't[24]=g[3]^t[23]', 't[25]=t[22]^t[24]', 't[26]=x[7]^t[25]', 'r[24]=t[26]', 't[27]=g[4]^t[24]', 't[28]=t[0]^t[27]', 'r[19]=t[28]', 't[29]=t[26]^t[28]', 'r[23]=t[29]', 't[30]=g[1]^t[23]', 't[31]=t[5]^t[30]', 't[32]=g[0]^t[31]', 't[33]=t[1]^t[32]', 'r[18]=t[33]', 'g[9]=r[18]&r[19]', 't[34]=t[26]^g[9]', 'r[21]=t[34]', 't[35]=t[19]^t[20]', 't[36]=g[1]^t[35]', 't[37]=g[2]^t[36]', 't[38]=t[2]^t[37]', 'r[20]=t[38]', 'g[10]=r[20]&r[21]', 't[39]=t[33]^t[38]', 't[40]=g[9]^t[39]', 'r[22]=t[40]', 'g[11]=r[22]&r[23]', 't[41]=g[9]^g[11]', 'r[25]=t[41]', 'g[12]=r[24]&r[25]', 't[42]=g[10]^t[39]', 'r[26]=t[42]', 'r[38]=t[42]', 'r[56]=t[42]', 'g[19]=r[38]&r[39]', 'g[28]=r[56]&r[57]', 't[43]=t[34]^g[12]', 'r[27]=t[43]', 'g[13]=r[26]&r[27]', 't[44]=t[28]^g[12]', 'r[28]=t[44]', 'r[46]=t[44]', 'g[14]=r[28]&r[29]', 'g[23]=r[46]&r[47]', 't[45]=t[26]^g[11]', 'r[32]=t[45]', 'r[50]=t[45]', 'g[16]=r[32]&r[33]', 'g[25]=r[50]&r[51]', 't[46]=t[44]^t[45]', 'r[30]=t[46]', 'r[48]=t[46]', 'g[15]=r[30]&r[31]', 'g[24]=r[48]&r[49]', 't[47]=t[38]^g[13]', 'r[36]=t[47]', 'r[54]=t[47]', 'g[18]=r[36]&r[37]', 'g[27]=r[54]&r[55]', 't[48]=t[42]^t[47]', 'r[34]=t[48]', 'r[52]=t[48]', 'g[17]=r[34]&r[35]', 'g[26]=r[52]&r[53]', 't[49]=t[42]^t[45]', 'r[40]=t[49]', 'r[58]=t[49]', 'g[20]=r[40]&r[41]', 'g[29]=r[58]&r[59]', 't[50]=t[44]^t[48]', 'r[42]=t[50]', 'r[60]=t[50]', 'g[21]=r[42]&r[43]', 'g[30]=r[60]&r[61]', 't[51]=t[46]^t[47]', 'r[44]=t[51]', 'r[62]=t[51]', 'g[22]=r[44]&r[45]', 'g[31]=r[62]&r[63]', 't[52]=g[29]^g[30]', 't[53]=g[24]^t[52]', 't[54]=g[23]^t[53]', 't[55]=g[20]^g[21]', 't[56]=g[14]^g[15]', 't[57]=g[18]^g[17]', 't[58]=g[19]^g[18]', 't[59]=g[16]^t[58]', 't[60]=g[26]^t[52]', 't[61]=g[27]^t[60]', 't[62]=t[55]^t[57]', 't[63]=t[54]^t[62]', 'y[7]=t[63]', 't[64]=t[56]^t[57]', 't[65]=t[54]^t[64]', 'y[4]=t[65]', 't[66]=g[15]^t[59]', 't[67]=t[54]^t[66]', 'y[3]=t[67]', 't[68]=t[55]^t[56]', 't[69]=t[54]^t[68]', 'y[6]=t[69]^1', 't[70]=t[64]^t[66]', 't[71]=t[61]^t[70]', 'y[0]=t[71]^1', 't[72]=g[22]^t[58]', 't[73]=g[21]^t[72]', 't[74]=t[61]^t[73]', 'y[1]=t[74]^1', 't[75]=t[70]^t[73]', 't[76]=g[28]^g[26]', 't[77]=g[25]^t[76]', 't[78]=t[53]^t[77]', 't[79]=t[75]^t[78]', 'y[2]=t[79]', 't[80]=g[31]^t[76]', 't[81]=g[29]^t[80]', 't[82]=t[62]^t[81]', 't[83]=t[75]^t[82]', 'y[5]=t[83]^1']