n : 8
m : 8
H : 26
Y : [12, 154, 231, 155, 113, 1, 130, 172, 99, 97, 225, 174, 144, 78, 20, 180, 132, 126, 6970, 55420, 99842, 241727, 236856, 142599, 630072, 587131, 345412, 1715463, 1656132, 154, 1179648, 155, 738628, 1, 2409286, 46, 2196994, 97, 345412, 345355, 917504, 78, 4032002, 180, 3376642, 3376888, 1656132, 150, 1179648, 1179879, 738628, 738613, 2409286, 130, 2196994, 99, 345412, 345509, 917648, 144, 4032022, 20, 3376774, 132, 464046391378, 465669145996, 512833701212, 418989835777, 418873475254, 774458918302, 419580920645, 419667690384]
XORs : {'r[0]': ['x[2]', 'x[3]'], 'r[1]': ['x[3]', 'x[7]', 'x[1]', 'x[4]'], 'r[2]': ['x[1]', 'x[7]', 'x[2]', 'x[0]', 'x[6]', 'x[5]'], 'r[3]': ['x[0]', 'x[3]', 'x[7]', 'x[1]', 'x[4]'], 'r[4]': ['x[4]', 'x[0]', 'x[6]', 'x[5]'], 'r[5]': ['x[0]'], 'r[6]': ['x[7]', 'x[1]'], 'r[7]': ['x[5]', 'x[3]', 'x[2]', 'x[7]'], 'r[8]': ['x[1]', 'x[0]', 'x[6]', 'x[5]'], 'r[9]': ['x[0]', 'x[6]', 'x[5]'], 'r[10]': ['x[7]', 'x[0]', 'x[6]', 'x[5]'], 'r[11]': ['x[3]', 'x[1]', 'x[2]', 'x[7]', 'x[5]'], 'r[12]': ['x[7]', 'x[4]'], 'r[13]': ['x[6]', 'x[3]', 'x[1]', 'x[2]'], 'r[14]': ['x[4]', 'x[2]'], 'r[15]': ['x[2]', 'x[5]', 'x[7]', 'x[4]'], 'r[16]': ['x[7]', 'x[2]'], 'r[17]': ['x[6]', 'x[5]', 'x[3]', 'x[1]', 'x[4]', 'x[2]'], 'r[18]': ['g[1]', 'g[0]', 'x[1]', 'g[4]', 'g[3]', 'x[3]', 'x[5]', 'x[4]'], 'r[19]': ['g[4]', 'g[3]', 'g[7]', 'g[6]', 'x[6]', 'x[3]', 'x[2]', 'x[5]', 'x[4]'], 'r[20]': ['g[1]', 'g[7]', 'g[2]', 'g[8]', 'x[1]'], 'r[21]': ['g[9]', 'g[5]', 'g[8]', 'x[1]', 'x[0]', 'g[4]', 'g[7]', 'x[3]', 'x[2]', 'x[5]', 'x[4]'], 'r[22]': ['g[9]', 'g[2]', 'g[0]', 'g[8]', 'g[4]', 'g[3]', 'g[7]', 'x[3]', 'x[5]', 'x[4]'], 'r[23]': ['g[5]', 'x[2]', 'x[1]', 'x[0]', 'g[9]', 'g[2]', 'g[0]', 'g[3]'], 'r[24]': ['g[3]', 'g[8]', 'g[11]', 'g[2]', 'g[0]', 'g[4]', 'g[7]', 'x[3]', 'x[4]', 'x[5]'], 'r[25]': ['g[11]', 'g[2]', 'g[0]', 'g[6]', 'g[4]', 'g[7]', 'g[5]', 'x[3]', 'x[1]', 'x[4]', 'x[0]', 'x[6]', 'x[5]'], 'r[26]': ['g[10]', 'g[2]', 'g[0]', 'g[8]', 'g[6]', 'x[2]', 'x[6]'], 'r[27]': ['g[12]', 'g[9]', 'g[11]', 'g[2]', 'g[0]', 'g[5]', 'x[1]', 'x[0]', 'g[3]', 'x[2]'], 'r[28]': ['g[12]', 'x[6]', 'x[2]', 'g[8]', 'g[11]', 'g[2]', 'g[0]', 'g[6]'], 'r[29]': ['x[3]', 'x[7]', 'x[1]', 'x[4]'], 'r[30]': ['g[12]', 'g[9]'], 'r[31]': ['x[0]', 'x[3]', 'x[7]', 'x[1]', 'x[4]'], 'r[32]': ['g[11]', 'g[9]', 'g[2]', 'g[0]', 'g[8]', 'g[6]', 'x[6]', 'x[2]'], 'r[33]': ['x[0]'], 'r[34]': ['g[10]', 'g[13]', 'g[1]', 'g[7]', 'g[0]', 'g[6]', 'x[6]', 'x[2]', 'x[1]'], 'r[35]': ['x[5]', 'x[3]', 'x[1]', 'x[2]'], 'r[36]': ['g[13]', 'g[1]', 'g[7]', 'g[2]', 'g[8]', 'x[1]'], 'r[37]': ['x[0]', 'x[6]', 'x[5]'], 'r[38]': ['g[10]', 'g[2]', 'g[0]', 'g[8]', 'g[6]', 'x[2]', 'x[6]'], 'r[39]': ['x[0]', 'x[3]', 'x[1]', 'g[10]', 'g[2]', 'g[0]', 'g[8]', 'g[6]'], 'r[40]': ['g[10]', 'g[11]', 'g[9]'], 'r[41]': ['x[6]', 'x[3]', 'x[1]', 'x[2]'], 'r[42]': ['g[10]', 'g[13]', 'g[12]', 'g[1]', 'g[8]', 'x[1]', 'g[11]', 'g[2]', 'g[7]'], 'r[43]': ['x[2]', 'x[5]', 'x[7]', 'x[4]'], 'r[44]': ['g[13]', 'g[12]', 'g[1]', 'g[9]', 'g[8]', 'x[1]', 'g[2]', 'g[7]'], 'r[45]': ['x[6]', 'x[5]', 'x[3]', 'x[7]', 'x[4]', 'g[13]', 'g[12]', 'g[1]', 'g[9]', 'g[8]', 'g[2]', 'g[7]'], 'r[46]': ['g[12]', 'x[6]', 'x[2]', 'g[8]', 'g[11]', 'g[2]', 'g[0]', 'g[6]'], 'r[47]': ['x[7]', 'x[1]', 'x[4]', 'x[2]'], 'r[48]': ['g[12]', 'g[9]'], 'r[49]': ['x[1]', 'x[7]', 'x[2]', 'x[0]', 'x[6]', 'x[5]', 'g[12]', 'g[9]'], 'r[50]': ['g[11]', 'g[9]', 'g[2]', 'g[0]', 'g[8]', 'g[6]', 'x[6]', 'x[2]'], 'r[51]': ['x[4]', 'x[0]', 'x[5]', 'g[11]', 'g[9]', 'g[2]', 'g[0]', 'g[8]', 'g[6]', 'x[2]'], 'r[52]': ['g[10]', 'g[13]', 'g[1]', 'g[7]', 'g[0]', 'g[6]', 'x[6]', 'x[2]', 'x[1]'], 'r[53]': ['x[7]', 'x[1]'], 'r[54]': ['g[13]', 'g[1]', 'g[7]', 'g[2]', 'g[8]', 'x[1]'], 'r[55]': ['x[1]', 'x[0]', 'x[6]', 'x[5]'], 'r[56]': ['g[10]', 'g[2]', 'g[0]', 'g[8]', 'g[6]', 'x[2]', 'x[6]'], 'r[57]': ['x[7]', 'x[0]', 'x[5]', 'g[10]', 'g[2]', 'g[0]', 'g[8]', 'g[6]', 'x[2]'], 'r[58]': ['g[10]', 'g[11]', 'g[9]', 'x[7]', 'x[4]'], 'r[59]': ['x[7]', 'x[4]'], 'r[60]': ['g[10]', 'g[13]', 'g[12]', 'g[1]', 'g[8]', 'x[1]', 'g[11]', 'g[2]', 'g[7]', 'x[4]', 'x[2]'], 'r[61]': ['x[4]', 'x[2]'], 'r[62]': ['g[13]', 'g[12]', 'g[1]', 'g[9]', 'g[8]', 'x[1]', 'g[2]', 'g[7]', 'x[7]', 'x[2]'], 'r[63]': ['x[7]', 'x[2]'], 'y[7]': ['g[17]', 'g[20]', 'g[21]', 'g[23]', 'g[24]', 'g[18]', 'g[29]', 'g[30]', 'g[0]', 'g[10]', 'g[13]', 'g[1]', 'g[6]', 'g[7]', 'x[7]', 'x[4]'], 'y[1]': ['g[26]', 'g[19]', 'g[27]', 'g[21]', 'g[22]', 'g[18]', 'g[29]', 'g[30]', 'g[11]', 'g[9]', 'x[3]', 'g[2]', 'g[0]', 'g[8]', 'g[6]', 'x[7]', 'x[2]'], 'y[0]': ['g[19]', 'g[27]', 'g[29]', 'g[30]', 'g[16]', 'g[26]', 'g[14]', 'g[17]', 'g[12]', 'g[9]', 'x[1]', 'x[6]', 'x[4]'], 'y[4]': ['g[14]', 'g[17]', 'g[15]', 'g[23]', 'g[24]', 'g[18]', 'g[29]', 'g[30]', 'g[11]', 'g[10]', 'g[9]', 'x[1]', 'x[5]', 'x[7]', 'x[4]', 'x[2]'], 'y[3]': ['g[16]', 'g[19]', 'g[15]', 'g[23]', 'g[24]', 'g[18]', 'g[29]', 'g[30]', 'g[11]', 'g[13]', 'g[1]', 'g[12]', 'g[7]', 'x[0]', 'g[10]', 'g[2]', 'g[8]'], 'y[2]': ['g[24]', 'g[25]', 'g[28]', 'g[21]', 'g[22]', 'g[18]', 'g[16]', 'g[26]', 'g[14]', 'g[17]', 'g[29]', 'g[30]', 'g[10]', 'x[3]', 'g[2]', 'g[0]', 'g[8]', 'g[6]', 'x[6]', 'x[4]', 'x[2]'], 'y[6]': ['g[14]', 'g[15]', 'g[20]', 'g[21]', 'g[23]', 'g[24]', 'g[29]', 'g[30]', 'g[0]', 'g[13]', 'g[1]', 'g[11]', 'g[12]', 'g[6]', 'g[7]', 'x[0]', 'x[6]', 'x[2]'], 'y[5]': ['g[31]', 'g[28]', 'g[20]', 'g[22]', 'g[16]', 'g[26]', 'g[14]', 'g[29]', 'g[11]', 'g[0]', 'g[12]', 'g[8]', 'g[2]', 'g[6]', 'x[2]', 'x[3]', 'x[1]', 'x[7]', 'x[4]']}
HY : [1, 12, 11, 11, 13, 0, 1, 10, 9, 9, 11, 11, 1, 12, 1, 11, 1, 8, 14, 14, 18, 18, 16, 16, 18, 18, 20, 20, 22, 12, 20, 11, 18, 0, 22, 22, 22, 9, 20, 22, 23, 12, 22, 11, 22, 22, 22, 22, 20, 20, 18, 18, 22, 1, 22, 9, 20, 20, 20, 1, 22, 1, 23, 1, 26, 26, 26, 26, 26, 26, 26, 26]
sbp_pool_size : 2

Dist : [1, 3, 5, 4, 3, 0, 1, 3, 3, 2, 3, 4, 1, 3, 1, 3, 1, 5, 999, 999, 999, 999, 999, 999, 999, 999, 999, 999, 999, 3, 999, 4, 999, 0, 999, 3, 999, 2, 999, 999, 999, 3, 999, 3, 999, 999, 999, 3, 999, 999, 999, 999, 999, 1, 999, 3, 999, 999, 999, 1, 999, 1, 999, 1, 999, 999, 999, 999, 999, 999, 999, 999]
time : 0.02 (+0.02)

9th Add (Sname, S, D) : t[0], 12, 1
Dist : [0, 3, 5, 4, 3, 0, 1, 2, 3, 2, 3, 3, 1, 2, 1, 3, 1, 4, 999, 999, 999, 999, 999, 999, 999, 999, 999, 999, 999, 3, 999, 4, 999, 0, 999, 2, 999, 2, 999, 999, 999, 2, 999, 3, 999, 999, 999, 3, 999, 999, 999, 999, 999, 1, 999, 3, 999, 999, 999, 1, 999, 1, 999, 1, 999, 999, 999, 999, 999, 999, 999, 999]
time : 0.02 (+0.02 = 0.00 + 0.00)

10th Add (Sname, S, D) : t[1], 130, 1
Dist : [0, 2, 4, 3, 3, 0, 0, 2, 3, 2, 3, 2, 1, 2, 1, 3, 1, 4, 999, 999, 999, 999, 999, 999, 999, 999, 999, 999, 999, 2, 999, 3, 999, 0, 999, 2, 999, 2, 999, 999, 999, 2, 999, 3, 999, 999, 999, 2, 999, 999, 999, 999, 999, 0, 999, 3, 999, 999, 999, 1, 999, 1, 999, 1, 999, 999, 999, 999, 999, 999, 999, 999]
time : 0.02 (+0.00 = 0.00 + 0.00)

11th Add (Sname, S, D) : t[2], 144, 1
Dist : [0, 2, 4, 3, 3, 0, 0, 2, 3, 2, 3, 2, 0, 2, 1, 2, 1, 4, 999, 999, 999, 999, 999, 999, 999, 999, 999, 999, 999, 2, 999, 3, 999, 0, 999, 2, 999, 2, 999, 999, 999, 2, 999, 2, 999, 999, 999, 2, 999, 999, 999, 999, 999, 0, 999, 3, 999, 999, 999, 0, 999, 1, 999, 1, 999, 999, 999, 999, 999, 999, 999, 999]
time : 0.02 (+0.00 = 0.00 + 0.00)

12th Add (Sname, S, D) : t[3], 20, 1
Dist : [0, 2, 4, 3, 3, 0, 0, 2, 3, 2, 3, 2, 0, 2, 0, 2, 1, 4, 999, 999, 999, 999, 999, 999, 999, 999, 999, 999, 999, 2, 999, 3, 999, 0, 999, 2, 999, 2, 999, 999, 999, 2, 999, 2, 999, 999, 999, 1, 999, 999, 999, 999, 999, 0, 999, 3, 999, 999, 999, 0, 999, 0, 999, 1, 999, 999, 999, 999, 999, 999, 999, 999]
time : 0.02 (+0.00 = 0.00 + 0.00)

13th Add (Sname, S, D) : t[4], 132, 1
Dist : [0, 2, 4, 3, 3, 0, 0, 2, 3, 2, 3, 2, 0, 2, 0, 2, 0, 4, 999, 999, 999, 999, 999, 999, 999, 999, 999, 999, 999, 2, 999, 3, 999, 0, 999, 2, 999, 2, 999, 999, 999, 2, 999, 2, 999, 999, 999, 1, 999, 999, 999, 999, 999, 0, 999, 3, 999, 999, 999, 0, 999, 0, 999, 0, 999, 999, 999, 999, 999, 999, 999, 999]
time : 0.02 (+0.00 = 0.00 + 0.00)

14th Add (Sname, S, D) : t[5], 150, 2
Dist : [0, 1, 4, 2, 3, 0, 0, 2, 3, 2, 3, 2, 0, 2, 0, 2, 0, 4, 999, 999, 999, 999, 999, 999, 999, 999, 999, 999, 999, 1, 999, 2, 999, 0, 999, 2, 999, 2, 999, 999, 999, 2, 999, 2, 999, 999, 999, 0, 999, 999, 999, 999, 999, 0, 999, 3, 999, 999, 999, 0, 999, 0, 999, 0, 999, 999, 999, 999, 999, 999, 999, 999]
time : 0.02 (+0.00 = 0.00 + 0.00)

15th Add (Sname, S, D) : t[6], 154, 3
Dist : [0, 0, 4, 1, 3, 0, 0, 2, 3, 2, 3, 2, 0, 2, 0, 2, 0, 3, 999, 999, 999, 999, 999, 999, 999, 999, 999, 999, 999, 0, 999, 1, 999, 0, 999, 2, 999, 2, 999, 999, 999, 2, 999, 2, 999, 999, 999, 0, 999, 999, 999, 999, 999, 0, 999, 3, 999, 999, 999, 0, 999, 0, 999, 0, 999, 999, 999, 999, 999, 999, 999, 999]
time : 0.02 (+0.00 = 0.00 + 0.00)

16th Add (Sname, S, D) : g[0], 256, 4
Dist : [0, 0, 4, 1, 3, 0, 0, 2, 3, 2, 3, 2, 0, 2, 0, 2, 0, 3, 999, 999, 999, 999, 999, 999, 999, 999, 999, 999, 999, 0, 999, 1, 999, 0, 999, 2, 999, 2, 999, 999, 999, 2, 999, 2, 999, 999, 999, 0, 999, 999, 999, 999, 999, 0, 999, 3, 999, 999, 999, 0, 999, 0, 999, 0, 999, 999, 999, 999, 999, 999, 999, 999]
time : 0.02 (+0.00 = 0.00 + 0.00)

17th Add (Sname, S, D) : t[7], 155, 4
Dist : [0, 0, 4, 0, 3, 0, 0, 2, 3, 2, 3, 2, 0, 2, 0, 2, 0, 3, 999, 999, 999, 999, 999, 999, 999, 999, 999, 999, 999, 0, 999, 0, 999, 0, 999, 2, 999, 2, 999, 999, 999, 2, 999, 2, 999, 999, 999, 0, 999, 999, 999, 999, 999, 0, 999, 3, 999, 999, 999, 0, 999, 0, 999, 0, 999, 999, 999, 999, 999, 999, 999, 999]
time : 0.02 (+0.00 = 0.00 + 0.00)

18th Add (Sname, S, D) : t[8], 96, 1
Dist : [0, 0, 3, 0, 2, 0, 0, 2, 2, 1, 2, 2, 0, 2, 0, 2, 0, 2, 999, 999, 999, 999, 999, 999, 999, 999, 999, 999, 999, 0, 999, 0, 999, 0, 999, 2, 999, 1, 999, 999, 999, 2, 999, 2, 999, 999, 999, 0, 999, 999, 999, 999, 999, 0, 999, 2, 999, 999, 999, 0, 999, 0, 999, 0, 999, 999, 999, 999, 999, 999, 999, 999]
time : 0.03 (+0.01 = 0.00 + 0.01 + 0.00 + 0.00 + 0.00)

19th Add (Sname, S, D) : t[9], 97, 2
Dist : [0, 0, 2, 0, 1, 0, 0, 2, 1, 0, 1, 2, 0, 2, 0, 2, 0, 2, 999, 999, 999, 999, 999, 999, 999, 999, 999, 999, 999, 0, 999, 0, 999, 0, 999, 2, 999, 0, 999, 999, 999, 2, 999, 2, 999, 999, 999, 0, 999, 999, 999, 999, 999, 0, 999, 1, 999, 999, 999, 0, 999, 0, 999, 0, 999, 999, 999, 999, 999, 999, 999, 999]
time : 0.03 (+0.00 = 0.00 + 0.00)

20th Add (Sname, S, D) : t[10], 113, 3
Dist : [0, 0, 1, 0, 0, 0, 0, 2, 1, 0, 1, 2, 0, 2, 0, 2, 0, 2, 999, 999, 999, 999, 999, 999, 999, 999, 999, 999, 999, 0, 999, 0, 999, 0, 999, 2, 999, 0, 999, 999, 999, 2, 999, 2, 999, 999, 999, 0, 999, 999, 999, 999, 999, 0, 999, 1, 999, 999, 999, 0, 999, 0, 999, 0, 999, 999, 999, 999, 999, 999, 999, 999]
time : 0.03 (+0.00 = 0.00 + 0.00)

21th Add (Sname, S, D) : g[2], 1024, 4
Dist : [0, 0, 1, 0, 0, 0, 0, 2, 1, 0, 1, 2, 0, 2, 0, 2, 0, 2, 999, 999, 999, 999, 999, 999, 999, 999, 999, 999, 999, 0, 999, 0, 999, 0, 999, 2, 999, 0, 999, 999, 999, 2, 999, 2, 999, 999, 999, 0, 999, 999, 999, 999, 999, 0, 999, 1, 999, 999, 999, 0, 999, 0, 999, 0, 999, 999, 999, 999, 999, 999, 999, 999]
time : 0.03 (+0.00 = 0.00 + 0.00)

22th Add (Sname, S, D) : t[11], 231, 4
Dist : [0, 0, 0, 0, 0, 0, 0, 2, 1, 0, 1, 2, 0, 2, 0, 2, 0, 2, 999, 999, 999, 999, 999, 999, 999, 999, 999, 999, 999, 0, 999, 0, 999, 0, 999, 2, 999, 0, 999, 999, 999, 2, 999, 2, 999, 999, 999, 0, 999, 999, 999, 999, 999, 0, 999, 1, 999, 999, 999, 0, 999, 0, 999, 0, 999, 999, 999, 999, 999, 999, 999, 999]
time : 0.03 (+0.00 = 0.00 + 0.00)

23th Add (Sname, S, D) : g[1], 512, 5
Dist : [0, 0, 0, 0, 0, 0, 0, 2, 1, 0, 1, 2, 0, 2, 0, 2, 0, 2, 999, 999, 999, 999, 999, 999, 999, 999, 999, 999, 999, 0, 999, 0, 999, 0, 999, 2, 999, 0, 999, 999, 999, 2, 999, 2, 999, 999, 999, 0, 999, 999, 999, 999, 999, 0, 999, 1, 999, 999, 999, 0, 999, 0, 999, 0, 999, 999, 999, 999, 999, 999, 999, 999]
time : 0.03 (+0.00 = 0.00 + 0.00)

24th Add (Sname, S, D) : t[12], 99, 3
Dist : [0, 0, 0, 0, 0, 0, 0, 2, 0, 0, 1, 2, 0, 2, 0, 2, 0, 2, 999, 999, 999, 999, 999, 999, 999, 999, 999, 999, 999, 0, 999, 0, 999, 0, 999, 2, 999, 0, 999, 999, 999, 2, 999, 2, 999, 999, 999, 0, 999, 999, 999, 999, 999, 0, 999, 0, 999, 999, 999, 0, 999, 0, 999, 0, 999, 999, 999, 999, 999, 999, 999, 999]
time : 0.03 (+0.00 = 0.00 + 0.00)

25th Add (Sname, S, D) : g[4], 4096, 4
Dist : [0, 0, 0, 0, 0, 0, 0, 2, 0, 0, 1, 2, 0, 2, 0, 2, 0, 2, 999, 999, 999, 999, 999, 999, 999, 999, 999, 999, 999, 0, 999, 0, 999, 0, 999, 2, 999, 0, 999, 999, 999, 2, 999, 2, 999, 999, 999, 0, 999, 999, 999, 999, 999, 0, 999, 0, 999, 999, 999, 0, 999, 0, 999, 0, 999, 999, 999, 999, 999, 999, 999, 999]
time : 0.03 (+0.00 = 0.00 + 0.00)

26th Add (Sname, S, D) : t[13], 225, 3
Dist : [0, 0, 0, 0, 0, 0, 0, 2, 0, 0, 0, 2, 0, 2, 0, 2, 0, 2, 999, 999, 999, 999, 999, 999, 999, 999, 999, 999, 999, 0, 999, 0, 999, 0, 999, 2, 999, 0, 999, 999, 999, 2, 999, 2, 999, 999, 999, 0, 999, 999, 999, 999, 999, 0, 999, 0, 999, 999, 999, 0, 999, 0, 999, 0, 999, 999, 999, 999, 999, 999, 999, 999]
time : 0.03 (+0.00 = 0.00 + 0.00)

27th Add (Sname, S, D) : t[14], 52, 2
Dist : [0, 0, 0, 0, 0, 0, 0, 2, 0, 0, 0, 1, 0, 2, 0, 1, 0, 2, 999, 999, 999, 999, 999, 999, 999, 999, 999, 999, 999, 0, 999, 0, 999, 0, 999, 2, 999, 0, 999, 999, 999, 2, 999, 1, 999, 999, 999, 0, 999, 999, 999, 999, 999, 0, 999, 0, 999, 999, 999, 0, 999, 0, 999, 0, 999, 999, 999, 999, 999, 999, 999, 999]
time : 0.07 (+0.04 = 0.00 + 0.04 + 0.00 + 0.00 + 0.00)

28th Add (Sname, S, D) : t[15], 174, 4
Dist : [0, 0, 0, 0, 0, 0, 0, 1, 0, 0, 0, 0, 0, 2, 0, 1, 0, 2, 999, 999, 999, 999, 999, 999, 999, 999, 999, 999, 999, 0, 999, 0, 999, 0, 999, 1, 999, 0, 999, 999, 999, 2, 999, 1, 999, 999, 999, 0, 999, 999, 999, 999, 999, 0, 999, 0, 999, 999, 999, 0, 999, 0, 999, 0, 999, 999, 999, 999, 999, 999, 999, 999]
time : 0.07 (+0.00 = 0.00 + 0.00)

29th Add (Sname, S, D) : g[5], 8192, 5
Dist : [0, 0, 0, 0, 0, 0, 0, 1, 0, 0, 0, 0, 0, 2, 0, 1, 0, 2, 999, 999, 999, 999, 999, 999, 999, 999, 999, 999, 999, 0, 999, 0, 999, 0, 999, 1, 999, 0, 999, 999, 999, 2, 999, 1, 999, 999, 999, 0, 999, 999, 999, 999, 999, 0, 999, 0, 999, 999, 999, 0, 999, 0, 999, 0, 999, 999, 999, 999, 999, 999, 999, 999]
time : 0.07 (+0.00 = 0.00 + 0.00)

30th Add (Sname, S, D) : t[16], 172, 5
Dist : [0, 0, 0, 0, 0, 0, 0, 0, 0, 0, 0, 0, 0, 2, 0, 1, 0, 2, 999, 999, 999, 999, 999, 999, 999, 999, 999, 999, 999, 0, 999, 0, 999, 0, 999, 1, 999, 0, 999, 999, 999, 2, 999, 1, 999, 999, 999, 0, 999, 999, 999, 999, 999, 0, 999, 0, 999, 999, 999, 0, 999, 0, 999, 0, 999, 999, 999, 999, 999, 999, 999, 999]
time : 0.07 (+0.00 = 0.00 + 0.00)

31th Add (Sname, S, D) : g[3], 2048, 6
Dist : [0, 0, 0, 0, 0, 0, 0, 0, 0, 0, 0, 0, 0, 2, 0, 1, 0, 2, 5, 999, 999, 999, 999, 999, 999, 999, 999, 999, 999, 0, 999, 0, 999, 0, 999, 1, 999, 0, 999, 999, 999, 2, 999, 1, 999, 999, 999, 0, 999, 999, 999, 999, 999, 0, 999, 0, 999, 999, 999, 0, 999, 0, 999, 0, 999, 999, 999, 999, 999, 999, 999, 999]
time : 0.07 (+0.00 = 0.00 + 0.00)

32th Add (Sname, S, D) : t[17], 180, 3
Dist : [0, 0, 0, 0, 0, 0, 0, 0, 0, 0, 0, 0, 0, 2, 0, 0, 0, 2, 5, 999, 999, 999, 999, 999, 999, 999, 999, 999, 999, 0, 999, 0, 999, 0, 999, 1, 999, 0, 999, 999, 999, 2, 999, 0, 999, 999, 999, 0, 999, 999, 999, 999, 999, 0, 999, 0, 999, 999, 999, 0, 999, 0, 999, 0, 999, 999, 999, 999, 999, 999, 999, 999]
time : 0.07 (+0.00 = 0.00 + 0.00)

33th Add (Sname, S, D) : g[7], 32768, 4
Dist : [0, 0, 0, 0, 0, 0, 0, 0, 0, 0, 0, 0, 0, 2, 0, 0, 0, 2, 5, 999, 999, 999, 999, 999, 999, 999, 999, 999, 999, 0, 999, 0, 999, 0, 999, 1, 999, 0, 999, 999, 999, 2, 999, 0, 999, 999, 999, 0, 999, 999, 999, 999, 999, 0, 999, 0, 999, 999, 999, 0, 999, 0, 999, 0, 999, 999, 999, 999, 999, 999, 999, 999]
time : 0.07 (+0.00 = 0.00 + 0.00)

34th Add (Sname, S, D) : t[18], 46, 4
Dist : [0, 0, 0, 0, 0, 0, 0, 0, 0, 0, 0, 0, 0, 1, 0, 0, 0, 2, 5, 999, 999, 999, 999, 999, 999, 999, 999, 999, 999, 0, 999, 0, 999, 0, 999, 0, 999, 0, 999, 999, 999, 1, 999, 0, 999, 999, 999, 0, 999, 999, 999, 999, 999, 0, 999, 0, 999, 999, 999, 0, 999, 0, 999, 0, 999, 999, 999, 999, 999, 999, 999, 999]
time : 0.07 (+0.00 = 0.00 + 0.00)

35th Add (Sname, S, D) : t[19], 78, 5
Dist : [0, 0, 0, 0, 0, 0, 0, 0, 0, 0, 0, 0, 0, 0, 0, 0, 0, 2, 5, 999, 999, 999, 999, 999, 999, 999, 999, 999, 999, 0, 999, 0, 999, 0, 999, 0, 999, 0, 999, 999, 999, 0, 999, 0, 999, 999, 999, 0, 999, 999, 999, 999, 999, 0, 999, 0, 999, 999, 999, 0, 999, 0, 999, 0, 999, 999, 999, 999, 999, 999, 999, 999]
time : 0.07 (+0.00 = 0.00 + 0.00)

36th Add (Sname, S, D) : g[6], 16384, 6
Dist : [0, 0, 0, 0, 0, 0, 0, 0, 0, 0, 0, 0, 0, 0, 0, 0, 0, 2, 5, 5, 999, 999, 999, 999, 999, 999, 999, 999, 999, 0, 999, 0, 999, 0, 999, 0, 999, 0, 999, 999, 999, 0, 999, 0, 999, 999, 999, 0, 999, 999, 999, 999, 999, 0, 999, 0, 999, 999, 999, 0, 999, 0, 999, 0, 999, 999, 999, 999, 999, 999, 999, 999]
time : 0.07 (+0.00 = 0.00 + 0.00)

37th Add (Sname, S, D) : t[20], 124, 5
Dist : [0, 0, 0, 0, 0, 0, 0, 0, 0, 0, 0, 0, 0, 0, 0, 0, 0, 1, 5, 4, 999, 999, 999, 999, 999, 999, 999, 999, 999, 0, 999, 0, 999, 0, 999, 0, 999, 0, 999, 999, 999, 0, 999, 0, 999, 999, 999, 0, 999, 999, 999, 999, 999, 0, 999, 0, 999, 999, 999, 0, 999, 0, 999, 0, 999, 999, 999, 999, 999, 999, 999, 999]
time : 0.25 (+0.18 = 0.00 + 0.17 + 0.00 + 0.00 + 0.00)

38th Add (Sname, S, D) : t[21], 126, 6
Dist : [0, 0, 0, 0, 0, 0, 0, 0, 0, 0, 0, 0, 0, 0, 0, 0, 0, 0, 5, 4, 999, 999, 999, 999, 999, 999, 999, 999, 999, 0, 999, 0, 999, 0, 999, 0, 999, 0, 999, 999, 999, 0, 999, 0, 999, 999, 999, 0, 999, 999, 999, 999, 999, 0, 999, 0, 999, 999, 999, 0, 999, 0, 999, 0, 999, 999, 999, 999, 999, 999, 999, 999]
time : 0.25 (+0.00 = 0.00 + 0.00)

39th Add (Sname, S, D) : g[8], 65536, 7
Dist : [0, 0, 0, 0, 0, 0, 0, 0, 0, 0, 0, 0, 0, 0, 0, 0, 0, 0, 5, 4, 4, 999, 999, 999, 999, 999, 999, 999, 999, 0, 999, 0, 999, 0, 999, 0, 999, 0, 999, 999, 999, 0, 999, 0, 999, 999, 999, 0, 999, 999, 999, 999, 999, 0, 999, 0, 999, 999, 999, 0, 999, 0, 999, 0, 999, 999, 999, 999, 999, 999, 999, 999]
time : 0.25 (+0.00 = 0.00 + 0.00)

40th Add (Sname, S, D) : t[22], 6144, 7
Dist : [0, 0, 0, 0, 0, 0, 0, 0, 0, 0, 0, 0, 0, 0, 0, 0, 0, 0, 4, 3, 4, 999, 999, 999, 999, 999, 999, 999, 999, 0, 999, 0, 999, 0, 999, 0, 999, 0, 999, 999, 999, 0, 999, 0, 999, 999, 999, 0, 999, 999, 999, 999, 999, 0, 999, 0, 999, 999, 999, 0, 999, 0, 999, 0, 999, 999, 999, 999, 999, 999, 999, 999]
time : 0.50 (+0.25 = 0.00 + 0.24 + 0.00 + 0.00 + 0.00)

41th Add (Sname, S, D) : t[23], 22528, 8
Dist : [0, 0, 0, 0, 0, 0, 0, 0, 0, 0, 0, 0, 0, 0, 0, 0, 0, 0, 4, 2, 4, 999, 999, 999, 999, 999, 999, 999, 999, 0, 999, 0, 999, 0, 999, 0, 999, 0, 999, 999, 999, 0, 999, 0, 999, 999, 999, 0, 999, 999, 999, 999, 999, 0, 999, 0, 999, 999, 999, 0, 999, 0, 999, 0, 999, 999, 999, 999, 999, 999, 999, 999]
time : 0.78 (+0.29 = 0.00 + 0.28 + 0.00 + 0.00 + 0.00)

42th Add (Sname, S, D) : t[24], 55296, 9
Dist : [0, 0, 0, 0, 0, 0, 0, 0, 0, 0, 0, 0, 0, 0, 0, 0, 0, 0, 4, 1, 4, 999, 999, 999, 999, 999, 999, 999, 999, 0, 999, 0, 999, 0, 999, 0, 999, 0, 999, 999, 999, 0, 999, 0, 999, 999, 999, 0, 999, 999, 999, 999, 999, 0, 999, 0, 999, 999, 999, 0, 999, 0, 999, 0, 999, 999, 999, 999, 999, 999, 999, 999]
time : 1.12 (+0.34 = 0.00 + 0.34 + 0.00 + 0.00 + 0.00)

43th Add (Sname, S, D) : t[25], 55420, 10
Dist : [0, 0, 0, 0, 0, 0, 0, 0, 0, 0, 0, 0, 0, 0, 0, 0, 0, 0, 4, 0, 4, 999, 999, 999, 999, 999, 999, 999, 999, 0, 999, 0, 999, 0, 999, 0, 999, 0, 999, 999, 999, 0, 999, 0, 999, 999, 999, 0, 999, 999, 999, 999, 999, 0, 999, 0, 999, 999, 999, 0, 999, 0, 999, 0, 999, 999, 999, 999, 999, 999, 999, 999]
time : 1.13 (+0.00 = 0.00 + 0.00)

44th Add (Sname, S, D) : t[26], 98304, 8
Dist : [0, 0, 0, 0, 0, 0, 0, 0, 0, 0, 0, 0, 0, 0, 0, 0, 0, 0, 4, 0, 3, 999, 999, 999, 999, 999, 999, 999, 999, 0, 999, 0, 999, 0, 999, 0, 999, 0, 999, 999, 999, 0, 999, 0, 999, 999, 999, 0, 999, 999, 999, 999, 999, 0, 999, 0, 999, 999, 999, 0, 999, 0, 999, 0, 999, 999, 999, 999, 999, 999, 999, 999]
time : 1.59 (+0.46 = 0.00 + 0.46 + 0.00 + 0.00 + 0.00)

45th Add (Sname, S, D) : t[27], 98816, 9
Dist : [0, 0, 0, 0, 0, 0, 0, 0, 0, 0, 0, 0, 0, 0, 0, 0, 0, 0, 4, 0, 2, 999, 999, 999, 999, 999, 999, 999, 999, 0, 999, 0, 999, 0, 999, 0, 999, 0, 999, 999, 999, 0, 999, 0, 999, 999, 999, 0, 999, 999, 999, 999, 999, 0, 999, 0, 999, 999, 999, 0, 999, 0, 999, 0, 999, 999, 999, 999, 999, 999, 999, 999]
time : 2.15 (+0.56 = 0.00 + 0.55 + 0.00 + 0.00 + 0.00)

46th Add (Sname, S, D) : t[28], 99840, 10
Dist : [0, 0, 0, 0, 0, 0, 0, 0, 0, 0, 0, 0, 0, 0, 0, 0, 0, 0, 4, 0, 1, 999, 999, 999, 999, 999, 999, 999, 999, 0, 999, 0, 999, 0, 999, 0, 999, 0, 999, 999, 999, 0, 999, 0, 999, 999, 999, 0, 999, 999, 999, 999, 999, 0, 999, 0, 999, 999, 999, 0, 999, 0, 999, 0, 999, 999, 999, 999, 999, 999, 999, 999]
time : 2.78 (+0.63 = 0.00 + 0.63 + 0.00 + 0.00 + 0.00)

47th Add (Sname, S, D) : t[29], 99842, 11
Dist : [0, 0, 0, 0, 0, 0, 0, 0, 0, 0, 0, 0, 0, 0, 0, 0, 0, 0, 4, 0, 0, 999, 999, 999, 999, 999, 999, 999, 999, 0, 999, 0, 999, 0, 999, 0, 999, 0, 999, 999, 999, 0, 999, 0, 999, 999, 999, 0, 999, 999, 999, 999, 999, 0, 999, 0, 999, 999, 999, 0, 999, 0, 999, 0, 999, 999, 999, 999, 999, 999, 999, 999]
time : 2.78 (+0.00 = 0.00 + 0.00)

48th Add (Sname, S, D) : t[30], 6316, 8
Dist : [0, 0, 0, 0, 0, 0, 0, 0, 0, 0, 0, 0, 0, 0, 0, 0, 0, 0, 3, 0, 0, 999, 999, 999, 999, 999, 999, 999, 999, 0, 999, 0, 999, 0, 999, 0, 999, 0, 999, 999, 999, 0, 999, 0, 999, 999, 999, 0, 999, 999, 999, 999, 999, 0, 999, 0, 999, 999, 999, 0, 999, 0, 999, 0, 999, 999, 999, 999, 999, 999, 999, 999]
time : 3.61 (+0.82 = 0.00 + 0.82 + 0.00 + 0.00 + 0.00)

49th Add (Sname, S, D) : t[31], 6572, 9
Dist : [0, 0, 0, 0, 0, 0, 0, 0, 0, 0, 0, 0, 0, 0, 0, 0, 0, 0, 2, 0, 0, 999, 999, 999, 999, 999, 999, 999, 999, 0, 999, 0, 999, 0, 999, 0, 999, 0, 999, 999, 999, 0, 999, 0, 999, 999, 999, 0, 999, 999, 999, 999, 999, 0, 999, 0, 999, 999, 999, 0, 999, 0, 999, 0, 999, 999, 999, 999, 999, 999, 999, 999]
time : 4.51 (+0.91 = 0.00 + 0.90 + 0.00 + 0.00 + 0.00)

50th Add (Sname, S, D) : t[32], 7084, 10
Dist : [0, 0, 0, 0, 0, 0, 0, 0, 0, 0, 0, 0, 0, 0, 0, 0, 0, 0, 1, 0, 0, 999, 999, 999, 999, 999, 999, 999, 999, 0, 999, 0, 999, 0, 999, 0, 999, 0, 999, 999, 999, 0, 999, 0, 999, 999, 999, 0, 999, 999, 999, 999, 999, 0, 999, 0, 999, 999, 999, 0, 999, 0, 999, 0, 999, 999, 999, 999, 999, 999, 999, 999]
time : 5.56 (+1.05 = 0.00 + 1.04 + 0.00 + 0.00 + 0.00)

51th Add (Sname, S, D) : t[33], 6970, 11
Dist : [0, 0, 0, 0, 0, 0, 0, 0, 0, 0, 0, 0, 0, 0, 0, 0, 0, 0, 0, 0, 0, 999, 999, 999, 999, 999, 999, 999, 999, 0, 999, 0, 999, 0, 999, 0, 999, 0, 999, 999, 999, 0, 999, 0, 999, 999, 999, 0, 999, 999, 999, 999, 999, 0, 999, 0, 999, 999, 999, 0, 999, 0, 999, 0, 999, 999, 999, 999, 999, 999, 999, 999]
time : 5.56 (+0.00 = 0.00 + 0.00)

52th Add (Sname, S, D) : g[9], 131072, 12
Dist : [0, 0, 0, 0, 0, 0, 0, 0, 0, 0, 0, 0, 0, 0, 0, 0, 0, 0, 0, 0, 0, 5, 2, 7, 999, 999, 999, 999, 999, 0, 999, 0, 999, 0, 999, 0, 999, 0, 999, 999, 999, 0, 999, 0, 999, 999, 999, 0, 999, 999, 999, 999, 999, 0, 999, 0, 999, 999, 999, 0, 999, 0, 999, 0, 999, 999, 999, 999, 999, 999, 999, 999]
time : 5.57 (+0.01 = 0.00 + 0.01)

53th Add (Sname, S, D) : t[34], 230914, 13
Dist : [0, 0, 0, 0, 0, 0, 0, 0, 0, 0, 0, 0, 0, 0, 0, 0, 0, 0, 0, 0, 0, 5, 1, 6, 999, 999, 999, 999, 999, 0, 999, 0, 999, 0, 999, 0, 999, 0, 999, 999, 999, 0, 999, 0, 999, 999, 999, 0, 999, 999, 999, 999, 999, 0, 999, 0, 999, 999, 999, 0, 999, 0, 999, 0, 999, 999, 999, 999, 999, 999, 999, 999]
time : 11.11 (+5.54 = 0.00 + 5.53 + 0.00 + 0.00 + 0.00)

54th Add (Sname, S, D) : t[35], 236856, 14
Dist : [0, 0, 0, 0, 0, 0, 0, 0, 0, 0, 0, 0, 0, 0, 0, 0, 0, 0, 0, 0, 0, 5, 0, 5, 999, 999, 999, 999, 999, 0, 999, 0, 999, 0, 999, 0, 999, 0, 999, 999, 999, 0, 999, 0, 999, 999, 999, 0, 999, 999, 999, 999, 999, 0, 999, 0, 999, 999, 999, 0, 999, 0, 999, 0, 999, 999, 999, 999, 999, 999, 999, 999]
time : 11.12 (+0.00 = 0.00 + 0.00)

55th Add (Sname, S, D) : t[36], 98382, 9
Dist : [0, 0, 0, 0, 0, 0, 0, 0, 0, 0, 0, 0, 0, 0, 0, 0, 0, 0, 0, 0, 0, 4, 0, 4, 999, 999, 999, 999, 999, 0, 999, 0, 999, 0, 999, 0, 999, 0, 999, 999, 999, 0, 999, 0, 999, 999, 999, 0, 999, 999, 999, 999, 999, 0, 999, 0, 999, 999, 999, 0, 999, 0, 999, 0, 999, 999, 999, 999, 999, 999, 999, 999]
time : 13.07 (+1.96 = 0.00 + 1.95 + 0.00 + 0.00 + 0.01)

56th Add (Sname, S, D) : t[37], 102478, 10
Dist : [0, 0, 0, 0, 0, 0, 0, 0, 0, 0, 0, 0, 0, 0, 0, 0, 0, 0, 0, 0, 0, 3, 0, 3, 999, 999, 999, 999, 999, 0, 999, 0, 999, 0, 999, 0, 999, 0, 999, 999, 999, 0, 999, 0, 999, 999, 999, 0, 999, 999, 999, 999, 999, 0, 999, 0, 999, 999, 999, 0, 999, 0, 999, 0, 999, 999, 999, 999, 999, 999, 999, 999]
time : 15.18 (+2.10 = 0.00 + 2.10 + 0.00 + 0.00 + 0.00)

57th Add (Sname, S, D) : t[38], 102463, 11
Dist : [0, 0, 0, 0, 0, 0, 0, 0, 0, 0, 0, 0, 0, 0, 0, 0, 0, 0, 0, 0, 0, 2, 0, 2, 999, 999, 999, 999, 999, 0, 999, 0, 999, 0, 999, 0, 999, 0, 999, 999, 999, 0, 999, 0, 999, 999, 999, 0, 999, 999, 999, 999, 999, 0, 999, 0, 999, 999, 999, 0, 999, 0, 999, 0, 999, 999, 999, 999, 999, 999, 999, 999]
time : 17.55 (+2.37 = 0.00 + 2.36 + 0.00 + 0.00 + 0.01)

58th Add (Sname, S, D) : t[39], 110655, 12
Dist : [0, 0, 0, 0, 0, 0, 0, 0, 0, 0, 0, 0, 0, 0, 0, 0, 0, 0, 0, 0, 0, 1, 0, 1, 999, 999, 999, 999, 999, 0, 999, 0, 999, 0, 999, 0, 999, 0, 999, 999, 999, 0, 999, 0, 999, 999, 999, 0, 999, 999, 999, 999, 999, 0, 999, 0, 999, 999, 999, 0, 999, 0, 999, 0, 999, 999, 999, 999, 999, 999, 999, 999]
time : 20.13 (+2.58 = 0.00 + 2.57 + 0.00 + 0.00 + 0.01)

59th Add (Sname, S, D) : t[40], 241727, 13
Dist : [0, 0, 0, 0, 0, 0, 0, 0, 0, 0, 0, 0, 0, 0, 0, 0, 0, 0, 0, 0, 0, 0, 0, 1, 999, 999, 999, 999, 999, 0, 999, 0, 999, 0, 999, 0, 999, 0, 999, 999, 999, 0, 999, 0, 999, 999, 999, 0, 999, 999, 999, 999, 999, 0, 999, 0, 999, 999, 999, 0, 999, 0, 999, 0, 999, 999, 999, 999, 999, 999, 999, 999]
time : 20.13 (+0.01 = 0.00 + 0.01)

60th Add (Sname, S, D) : g[10], 262144, 14
Dist : [0, 0, 0, 0, 0, 0, 0, 0, 0, 0, 0, 0, 0, 0, 0, 0, 0, 0, 0, 0, 0, 0, 0, 1, 999, 999, 3, 999, 999, 0, 999, 0, 999, 0, 999, 0, 999, 0, 3, 5, 999, 0, 999, 0, 999, 999, 999, 0, 999, 999, 999, 999, 999, 0, 999, 0, 3, 4, 999, 0, 999, 0, 999, 0, 999, 999, 999, 999, 999, 999, 999, 999]
time : 20.14 (+0.01 = 0.00 + 0.01)

61th Add (Sname, S, D) : t[41], 142599, 15
Dist : [0, 0, 0, 0, 0, 0, 0, 0, 0, 0, 0, 0, 0, 0, 0, 0, 0, 0, 0, 0, 0, 0, 0, 0, 999, 999, 3, 999, 999, 0, 999, 0, 999, 0, 999, 0, 999, 0, 3, 5, 999, 0, 999, 0, 999, 999, 999, 0, 999, 999, 999, 999, 999, 0, 999, 0, 3, 4, 999, 0, 999, 0, 999, 0, 999, 999, 999, 999, 999, 999, 999, 999]
time : 20.15 (+0.01 = 0.00 + 0.01)

62th Add (Sname, S, D) : g[11], 524288, 16
Dist : [0, 0, 0, 0, 0, 0, 0, 0, 0, 0, 0, 0, 0, 0, 0, 0, 0, 0, 0, 0, 0, 0, 0, 0, 2, 3, 3, 999, 999, 0, 999, 0, 2, 0, 999, 0, 999, 0, 3, 5, 2, 0, 999, 0, 999, 999, 999, 0, 999, 999, 2, 3, 999, 0, 999, 0, 3, 4, 3, 0, 999, 0, 999, 0, 999, 999, 999, 999, 999, 999, 999, 999]
time : 20.15 (+0.01 = 0.00 + 0.01)

63th Add (Sname, S, D) : t[42], 214340, 15
Dist : [0, 0, 0, 0, 0, 0, 0, 0, 0, 0, 0, 0, 0, 0, 0, 0, 0, 0, 0, 0, 0, 0, 0, 0, 2, 2, 2, 999, 999, 0, 999, 0, 1, 0, 999, 0, 999, 0, 2, 4, 2, 0, 999, 0, 999, 999, 999, 0, 999, 999, 1, 2, 999, 0, 999, 0, 2, 3, 3, 0, 999, 0, 999, 0, 999, 999, 999, 999, 999, 999, 999, 999]
time : 24.84 (+4.68 = 0.00 + 4.67 + 0.00 + 0.00 + 0.01)

64th Add (Sname, S, D) : t[43], 738628, 17
Dist : [0, 0, 0, 0, 0, 0, 0, 0, 0, 0, 0, 0, 0, 0, 0, 0, 0, 0, 0, 0, 0, 0, 0, 0, 2, 1, 2, 999, 999, 0, 999, 0, 0, 0, 999, 0, 999, 0, 2, 4, 2, 0, 999, 0, 999, 999, 999, 0, 999, 999, 0, 1, 999, 0, 999, 0, 2, 3, 3, 0, 999, 0, 999, 0, 999, 999, 999, 999, 999, 999, 999, 999]
time : 24.85 (+0.01 = 0.00 + 0.01)

65th Add (Sname, S, D) : g[16], 16777216, 18
Dist : [0, 0, 0, 0, 0, 0, 0, 0, 0, 0, 0, 0, 0, 0, 0, 0, 0, 0, 0, 0, 0, 0, 0, 0, 2, 1, 2, 999, 999, 0, 999, 0, 0, 0, 999, 0, 999, 0, 2, 4, 2, 0, 999, 0, 999, 999, 999, 0, 999, 999, 0, 1, 999, 0, 999, 0, 2, 3, 3, 0, 999, 0, 999, 0, 999, 999, 999, 999, 999, 999, 999, 999]
time : 24.85 (+0.01 = 0.00 + 0.01)

66th Add (Sname, S, D) : t[44], 587131, 18
Dist : [0, 0, 0, 0, 0, 0, 0, 0, 0, 0, 0, 0, 0, 0, 0, 0, 0, 0, 0, 0, 0, 0, 0, 0, 2, 0, 2, 999, 999, 0, 999, 0, 0, 0, 999, 0, 999, 0, 2, 4, 2, 0, 999, 0, 999, 999, 999, 0, 999, 999, 0, 1, 999, 0, 999, 0, 2, 3, 3, 0, 999, 0, 999, 0, 999, 999, 999, 999, 999, 999, 999, 999]
time : 24.87 (+0.01 = 0.00 + 0.01)

67th Add (Sname, S, D) : t[45], 738613, 18
Dist : [0, 0, 0, 0, 0, 0, 0, 0, 0, 0, 0, 0, 0, 0, 0, 0, 0, 0, 0, 0, 0, 0, 0, 0, 2, 0, 2, 999, 999, 0, 999, 0, 0, 0, 999, 0, 999, 0, 2, 4, 2, 0, 999, 0, 999, 999, 999, 0, 999, 999, 0, 0, 999, 0, 999, 0, 2, 3, 3, 0, 999, 0, 999, 0, 999, 999, 999, 999, 999, 999, 999, 999]
time : 24.88 (+0.01 = 0.00 + 0.01)

68th Add (Sname, S, D) : g[25], 8589934592, 19
Dist : [0, 0, 0, 0, 0, 0, 0, 0, 0, 0, 0, 0, 0, 0, 0, 0, 0, 0, 0, 0, 0, 0, 0, 0, 2, 0, 2, 999, 999, 0, 999, 0, 0, 0, 999, 0, 999, 0, 2, 4, 2, 0, 999, 0, 999, 999, 999, 0, 999, 999, 0, 0, 999, 0, 999, 0, 2, 3, 3, 0, 999, 0, 999, 0, 999, 999, 999, 999, 999, 999, 999, 999]
time : 24.89 (+0.01 = 0.00 + 0.01)

69th Add (Sname, S, D) : t[46], 393216, 15
Dist : [0, 0, 0, 0, 0, 0, 0, 0, 0, 0, 0, 0, 0, 0, 0, 0, 0, 0, 0, 0, 0, 0, 0, 0, 2, 0, 1, 999, 999, 0, 999, 0, 0, 0, 999, 0, 999, 0, 1, 3, 1, 0, 999, 0, 999, 999, 999, 0, 999, 999, 0, 0, 999, 0, 999, 0, 1, 2, 2, 0, 999, 0, 999, 0, 999, 999, 999, 999, 999, 999, 999, 999]
time : 33.78 (+8.89 = 0.00 + 8.88 + 0.00 + 0.00 + 0.01)

70th Add (Sname, S, D) : t[47], 345412, 16
Dist : [0, 0, 0, 0, 0, 0, 0, 0, 0, 0, 0, 0, 0, 0, 0, 0, 0, 0, 0, 0, 0, 0, 0, 0, 2, 0, 0, 999, 999, 0, 999, 0, 0, 0, 999, 0, 999, 0, 0, 2, 1, 0, 999, 0, 999, 999, 999, 0, 999, 999, 0, 0, 999, 0, 999, 0, 0, 1, 2, 0, 999, 0, 999, 0, 999, 999, 999, 999, 999, 999, 999, 999]
time : 33.80 (+0.01 = 0.00 + 0.01)

71th Add (Sname, S, D) : t[48], 917504, 17
Dist : [0, 0, 0, 0, 0, 0, 0, 0, 0, 0, 0, 0, 0, 0, 0, 0, 0, 0, 0, 0, 0, 0, 0, 0, 2, 0, 0, 999, 999, 0, 999, 0, 0, 0, 999, 0, 999, 0, 0, 2, 0, 0, 999, 0, 999, 999, 999, 0, 999, 999, 0, 0, 999, 0, 999, 0, 0, 1, 1, 0, 999, 0, 999, 0, 999, 999, 999, 999, 999, 999, 999, 999]
time : 33.81 (+0.02 = 0.00 + 0.01)

72th Add (Sname, S, D) : g[20], 268435456, 18
Dist : [0, 0, 0, 0, 0, 0, 0, 0, 0, 0, 0, 0, 0, 0, 0, 0, 0, 0, 0, 0, 0, 0, 0, 0, 2, 0, 0, 999, 999, 0, 999, 0, 0, 0, 999, 0, 999, 0, 0, 2, 0, 0, 999, 0, 999, 999, 999, 0, 999, 999, 0, 0, 999, 0, 999, 0, 0, 1, 1, 0, 999, 0, 999, 0, 999, 999, 999, 999, 999, 999, 999, 999]
time : 33.82 (+0.01 = 0.00 + 0.01)

73th Add (Sname, S, D) : t[49], 345509, 17
Dist : [0, 0, 0, 0, 0, 0, 0, 0, 0, 0, 0, 0, 0, 0, 0, 0, 0, 0, 0, 0, 0, 0, 0, 0, 2, 0, 0, 999, 999, 0, 999, 0, 0, 0, 999, 0, 999, 0, 0, 1, 0, 0, 999, 0, 999, 999, 999, 0, 999, 999, 0, 0, 999, 0, 999, 0, 0, 0, 1, 0, 999, 0, 999, 0, 999, 999, 999, 999, 999, 999, 999, 999]
time : 33.84 (+0.02 = 0.00 + 0.02)

74th Add (Sname, S, D) : g[28], 68719476736, 18
Dist : [0, 0, 0, 0, 0, 0, 0, 0, 0, 0, 0, 0, 0, 0, 0, 0, 0, 0, 0, 0, 0, 0, 0, 0, 2, 0, 0, 999, 999, 0, 999, 0, 0, 0, 999, 0, 999, 0, 0, 1, 0, 0, 999, 0, 999, 999, 999, 0, 999, 999, 0, 0, 999, 0, 999, 0, 0, 0, 1, 0, 999, 0, 999, 0, 999, 999, 999, 999, 999, 999, 999, 999]
time : 33.86 (+0.02 = 0.00 + 0.02)

75th Add (Sname, S, D) : t[50], 345355, 18
Dist : [0, 0, 0, 0, 0, 0, 0, 0, 0, 0, 0, 0, 0, 0, 0, 0, 0, 0, 0, 0, 0, 0, 0, 0, 2, 0, 0, 999, 999, 0, 999, 0, 0, 0, 999, 0, 999, 0, 0, 0, 0, 0, 999, 0, 999, 999, 999, 0, 999, 999, 0, 0, 999, 0, 999, 0, 0, 0, 1, 0, 999, 0, 999, 0, 999, 999, 999, 999, 999, 999, 999, 999]
time : 33.89 (+0.03 = 0.00 + 0.03)

76th Add (Sname, S, D) : g[19], 134217728, 19
Dist : [0, 0, 0, 0, 0, 0, 0, 0, 0, 0, 0, 0, 0, 0, 0, 0, 0, 0, 0, 0, 0, 0, 0, 0, 2, 0, 0, 999, 999, 0, 999, 0, 0, 0, 999, 0, 999, 0, 0, 0, 0, 0, 999, 0, 999, 999, 999, 0, 999, 999, 0, 0, 999, 0, 999, 0, 0, 0, 1, 0, 999, 0, 999, 0, 999, 999, 999, 999, 999, 999, 999, 999]
time : 33.91 (+0.02 = 0.00 + 0.02)

77th Add (Sname, S, D) : t[51], 917648, 18
Dist : [0, 0, 0, 0, 0, 0, 0, 0, 0, 0, 0, 0, 0, 0, 0, 0, 0, 0, 0, 0, 0, 0, 0, 0, 2, 0, 0, 999, 999, 0, 999, 0, 0, 0, 999, 0, 999, 0, 0, 0, 0, 0, 999, 0, 999, 999, 999, 0, 999, 999, 0, 0, 999, 0, 999, 0, 0, 0, 0, 0, 999, 0, 999, 0, 999, 999, 999, 999, 999, 999, 999, 999]
time : 33.93 (+0.02 = 0.00 + 0.02)

78th Add (Sname, S, D) : g[29], 137438953472, 19
Dist : [0, 0, 0, 0, 0, 0, 0, 0, 0, 0, 0, 0, 0, 0, 0, 0, 0, 0, 0, 0, 0, 0, 0, 0, 2, 0, 0, 999, 999, 0, 999, 0, 0, 0, 999, 0, 999, 0, 0, 0, 0, 0, 999, 0, 999, 999, 999, 0, 999, 999, 0, 0, 999, 0, 999, 0, 0, 0, 0, 0, 999, 0, 999, 0, 999, 999, 999, 999, 999, 999, 999, 999]
time : 33.95 (+0.02 = 0.00 + 0.02)

79th Add (Sname, S, D) : t[52], 766015, 17
Dist : [0, 0, 0, 0, 0, 0, 0, 0, 0, 0, 0, 0, 0, 0, 0, 0, 0, 0, 0, 0, 0, 0, 0, 0, 1, 0, 0, 999, 999, 0, 999, 0, 0, 0, 999, 0, 999, 0, 0, 0, 0, 0, 999, 0, 999, 999, 999, 0, 999, 999, 0, 0, 999, 0, 999, 0, 0, 0, 0, 0, 999, 0, 999, 0, 999, 999, 999, 999, 999, 999, 999, 999]
time : 58.03 (+24.08 = 0.00 + 24.05 + 0.00 + 0.00 + 0.02)

80th Add (Sname, S, D) : t[53], 630072, 18
Dist : [0, 0, 0, 0, 0, 0, 0, 0, 0, 0, 0, 0, 0, 0, 0, 0, 0, 0, 0, 0, 0, 0, 0, 0, 0, 0, 0, 999, 999, 0, 999, 0, 0, 0, 999, 0, 999, 0, 0, 0, 0, 0, 999, 0, 999, 999, 999, 0, 999, 999, 0, 0, 999, 0, 999, 0, 0, 0, 0, 0, 999, 0, 999, 0, 999, 999, 999, 999, 999, 999, 999, 999]
time : 58.06 (+0.03 = 0.00 + 0.03)

81th Add (Sname, S, D) : g[12], 1048576, 19
Dist : [0, 0, 0, 0, 0, 0, 0, 0, 0, 0, 0, 0, 0, 0, 0, 0, 0, 0, 0, 0, 0, 0, 0, 0, 0, 0, 0, 2, 2, 0, 1, 0, 0, 0, 999, 0, 999, 0, 0, 0, 0, 0, 999, 0, 999, 999, 2, 0, 1, 2, 0, 0, 999, 0, 999, 0, 0, 0, 0, 0, 999, 0, 999, 0, 999, 999, 999, 999, 999, 999, 999, 999]
time : 58.08 (+0.02 = 0.00 + 0.02)

82th Add (Sname, S, D) : t[54], 1179648, 20
Dist : [0, 0, 0, 0, 0, 0, 0, 0, 0, 0, 0, 0, 0, 0, 0, 0, 0, 0, 0, 0, 0, 0, 0, 0, 0, 0, 0, 2, 1, 0, 0, 0, 0, 0, 999, 0, 999, 0, 0, 0, 0, 0, 999, 0, 999, 999, 1, 0, 0, 2, 0, 0, 999, 0, 999, 0, 0, 0, 0, 0, 999, 0, 999, 0, 999, 999, 999, 999, 999, 999, 999, 999]
time : 58.11 (+0.03 = 0.00 + 0.03)

83th Add (Sname, S, D) : g[15], 8388608, 21
Dist : [0, 0, 0, 0, 0, 0, 0, 0, 0, 0, 0, 0, 0, 0, 0, 0, 0, 0, 0, 0, 0, 0, 0, 0, 0, 0, 0, 2, 1, 0, 0, 0, 0, 0, 999, 0, 999, 0, 0, 0, 0, 0, 999, 0, 999, 999, 1, 0, 0, 2, 0, 0, 999, 0, 999, 0, 0, 0, 0, 0, 999, 0, 999, 0, 999, 999, 999, 999, 999, 999, 999, 999]
time : 58.13 (+0.02 = 0.00 + 0.02)

84th Add (Sname, S, D) : t[55], 1656132, 21
Dist : [0, 0, 0, 0, 0, 0, 0, 0, 0, 0, 0, 0, 0, 0, 0, 0, 0, 0, 0, 0, 0, 0, 0, 0, 0, 0, 0, 2, 0, 0, 0, 0, 0, 0, 999, 0, 999, 0, 0, 0, 0, 0, 999, 0, 999, 999, 0, 0, 0, 2, 0, 0, 999, 0, 999, 0, 0, 0, 0, 0, 999, 0, 999, 0, 999, 999, 999, 999, 999, 999, 999, 999]
time : 58.16 (+0.03 = 0.00 + 0.03)

85th Add (Sname, S, D) : g[14], 4194304, 22
Dist : [0, 0, 0, 0, 0, 0, 0, 0, 0, 0, 0, 0, 0, 0, 0, 0, 0, 0, 0, 0, 0, 0, 0, 0, 0, 0, 0, 2, 0, 0, 0, 0, 0, 0, 999, 0, 999, 0, 0, 0, 0, 0, 999, 0, 999, 999, 0, 0, 0, 2, 0, 0, 999, 0, 999, 0, 0, 0, 0, 0, 999, 0, 999, 0, 999, 999, 999, 999, 999, 999, 999, 999]
time : 58.21 (+0.05 = 0.00 + 0.05)

86th Add (Sname, S, D) : g[23], 2147483648, 22
Dist : [0, 0, 0, 0, 0, 0, 0, 0, 0, 0, 0, 0, 0, 0, 0, 0, 0, 0, 0, 0, 0, 0, 0, 0, 0, 0, 0, 2, 0, 0, 0, 0, 0, 0, 999, 0, 999, 0, 0, 0, 0, 0, 999, 0, 999, 999, 0, 0, 0, 2, 0, 0, 999, 0, 999, 0, 0, 0, 0, 0, 999, 0, 999, 0, 999, 999, 999, 999, 999, 999, 999, 999]
time : 58.24 (+0.03 = 0.00 + 0.03)

87th Add (Sname, S, D) : t[56], 131303, 13
Dist : [0, 0, 0, 0, 0, 0, 0, 0, 0, 0, 0, 0, 0, 0, 0, 0, 0, 0, 0, 0, 0, 0, 0, 0, 0, 0, 0, 2, 0, 0, 0, 0, 0, 0, 999, 0, 999, 0, 0, 0, 0, 0, 999, 0, 999, 999, 0, 0, 0, 1, 0, 0, 999, 0, 999, 0, 0, 0, 0, 0, 999, 0, 999, 0, 999, 999, 999, 999, 999, 999, 999, 999]
time : 103.67 (+45.43 = 0.00 + 45.38 + 0.00 + 0.00 + 0.04)

88th Add (Sname, S, D) : t[57], 1179879, 20
Dist : [0, 0, 0, 0, 0, 0, 0, 0, 0, 0, 0, 0, 0, 0, 0, 0, 0, 0, 0, 0, 0, 0, 0, 0, 0, 0, 0, 2, 0, 0, 0, 0, 0, 0, 999, 0, 999, 0, 0, 0, 0, 0, 999, 0, 999, 999, 0, 0, 0, 0, 0, 0, 999, 0, 999, 0, 0, 0, 0, 0, 999, 0, 999, 0, 999, 999, 999, 999, 999, 999, 999, 999]
time : 103.72 (+0.04 = 0.00 + 0.04)

89th Add (Sname, S, D) : g[24], 4294967296, 21
Dist : [0, 0, 0, 0, 0, 0, 0, 0, 0, 0, 0, 0, 0, 0, 0, 0, 0, 0, 0, 0, 0, 0, 0, 0, 0, 0, 0, 2, 0, 0, 0, 0, 0, 0, 999, 0, 999, 0, 0, 0, 0, 0, 999, 0, 999, 999, 0, 0, 0, 0, 0, 0, 999, 0, 999, 0, 0, 0, 0, 0, 999, 0, 999, 0, 999, 999, 999, 999, 999, 999, 999, 999]
time : 103.76 (+0.04 = 0.00 + 0.04)

90th Add (Sname, S, D) : t[58], 666887, 17
Dist : [0, 0, 0, 0, 0, 0, 0, 0, 0, 0, 0, 0, 0, 0, 0, 0, 0, 0, 0, 0, 0, 0, 0, 0, 0, 0, 0, 1, 0, 0, 0, 0, 0, 0, 999, 0, 999, 0, 0, 0, 0, 0, 999, 0, 999, 999, 0, 0, 0, 0, 0, 0, 999, 0, 999, 0, 0, 0, 0, 0, 999, 0, 999, 0, 999, 999, 999, 999, 999, 999, 999, 999]
time : 164.90 (+61.14 = 0.00 + 61.09 + 0.00 + 0.00 + 0.05)

91th Add (Sname, S, D) : t[59], 1715463, 20
Dist : [0, 0, 0, 0, 0, 0, 0, 0, 0, 0, 0, 0, 0, 0, 0, 0, 0, 0, 0, 0, 0, 0, 0, 0, 0, 0, 0, 0, 0, 0, 0, 0, 0, 0, 999, 0, 999, 0, 0, 0, 0, 0, 999, 0, 999, 999, 0, 0, 0, 0, 0, 0, 999, 0, 999, 0, 0, 0, 0, 0, 999, 0, 999, 0, 999, 999, 999, 999, 999, 999, 999, 999]
time : 164.95 (+0.05 = 0.00 + 0.05)

92th Add (Sname, S, D) : g[13], 2097152, 21
Dist : [0, 0, 0, 0, 0, 0, 0, 0, 0, 0, 0, 0, 0, 0, 0, 0, 0, 0, 0, 0, 0, 0, 0, 0, 0, 0, 0, 0, 0, 0, 0, 0, 0, 0, 2, 0, 1, 0, 0, 0, 0, 0, 3, 0, 2, 4, 0, 0, 0, 0, 0, 0, 2, 0, 1, 0, 0, 0, 0, 0, 4, 0, 3, 0, 999, 999, 999, 999, 999, 999, 999, 999]
time : 164.99 (+0.04 = 0.00 + 0.04)

93th Add (Sname, S, D) : t[60], 2196994, 22
Dist : [0, 0, 0, 0, 0, 0, 0, 0, 0, 0, 0, 0, 0, 0, 0, 0, 0, 0, 0, 0, 0, 0, 0, 0, 0, 0, 0, 0, 0, 0, 0, 0, 0, 0, 2, 0, 0, 0, 0, 0, 0, 0, 3, 0, 2, 4, 0, 0, 0, 0, 0, 0, 2, 0, 0, 0, 0, 0, 0, 0, 4, 0, 2, 0, 999, 999, 999, 999, 999, 999, 999, 999]
time : 165.05 (+0.05 = 0.00 + 0.05)

94th Add (Sname, S, D) : g[18], 67108864, 23
Dist : [0, 0, 0, 0, 0, 0, 0, 0, 0, 0, 0, 0, 0, 0, 0, 0, 0, 0, 0, 0, 0, 0, 0, 0, 0, 0, 0, 0, 0, 0, 0, 0, 0, 0, 2, 0, 0, 0, 0, 0, 0, 0, 3, 0, 2, 4, 0, 0, 0, 0, 0, 0, 2, 0, 0, 0, 0, 0, 0, 0, 4, 0, 2, 0, 999, 999, 999, 999, 999, 999, 999, 999]
time : 165.09 (+0.05 = 0.00 + 0.05)

95th Add (Sname, S, D) : g[27], 34359738368, 23
Dist : [0, 0, 0, 0, 0, 0, 0, 0, 0, 0, 0, 0, 0, 0, 0, 0, 0, 0, 0, 0, 0, 0, 0, 0, 0, 0, 0, 0, 0, 0, 0, 0, 0, 0, 2, 0, 0, 0, 0, 0, 0, 0, 3, 0, 2, 4, 0, 0, 0, 0, 0, 0, 2, 0, 0, 0, 0, 0, 0, 0, 4, 0, 2, 0, 999, 999, 999, 999, 999, 999, 999, 999]
time : 165.15 (+0.06 = 0.00 + 0.06)

96th Add (Sname, S, D) : t[61], 1279490, 20
Dist : [0, 0, 0, 0, 0, 0, 0, 0, 0, 0, 0, 0, 0, 0, 0, 0, 0, 0, 0, 0, 0, 0, 0, 0, 0, 0, 0, 0, 0, 0, 0, 0, 0, 0, 2, 0, 0, 0, 0, 0, 0, 0, 2, 0, 1, 3, 0, 0, 0, 0, 0, 0, 2, 0, 0, 0, 0, 0, 0, 0, 3, 0, 2, 0, 999, 999, 999, 999, 999, 999, 999, 999]
time : 259.88 (+94.72 = 0.00 + 94.65 + 0.00 + 0.00 + 0.07)

97th Add (Sname, S, D) : t[62], 3376642, 22
Dist : [0, 0, 0, 0, 0, 0, 0, 0, 0, 0, 0, 0, 0, 0, 0, 0, 0, 0, 0, 0, 0, 0, 0, 0, 0, 0, 0, 0, 0, 0, 0, 0, 0, 0, 2, 0, 0, 0, 0, 0, 0, 0, 2, 0, 0, 3, 0, 0, 0, 0, 0, 0, 2, 0, 0, 0, 0, 0, 0, 0, 3, 0, 1, 0, 999, 999, 999, 999, 999, 999, 999, 999]
time : 259.94 (+0.07 = 0.00 + 0.07)

98th Add (Sname, S, D) : t[63], 3376774, 23
Dist : [0, 0, 0, 0, 0, 0, 0, 0, 0, 0, 0, 0, 0, 0, 0, 0, 0, 0, 0, 0, 0, 0, 0, 0, 0, 0, 0, 0, 0, 0, 0, 0, 0, 0, 2, 0, 0, 0, 0, 0, 0, 0, 2, 0, 0, 3, 0, 0, 0, 0, 0, 0, 2, 0, 0, 0, 0, 0, 0, 0, 3, 0, 0, 0, 999, 999, 999, 999, 999, 999, 999, 999]
time : 260.02 (+0.08 = 0.00 + 0.07)

99th Add (Sname, S, D) : g[31], 549755813888, 24
Dist : [0, 0, 0, 0, 0, 0, 0, 0, 0, 0, 0, 0, 0, 0, 0, 0, 0, 0, 0, 0, 0, 0, 0, 0, 0, 0, 0, 0, 0, 0, 0, 0, 0, 0, 2, 0, 0, 0, 0, 0, 0, 0, 2, 0, 0, 3, 0, 0, 0, 0, 0, 0, 2, 0, 0, 0, 0, 0, 0, 0, 3, 0, 0, 0, 999, 999, 999, 999, 999, 999, 999, 999]
time : 260.14 (+0.13 = 0.00 + 0.13)

100th Add (Sname, S, D) : t[64], 312134, 17
Dist : [0, 0, 0, 0, 0, 0, 0, 0, 0, 0, 0, 0, 0, 0, 0, 0, 0, 0, 0, 0, 0, 0, 0, 0, 0, 0, 0, 0, 0, 0, 0, 0, 0, 0, 1, 0, 0, 0, 0, 0, 0, 0, 2, 0, 0, 3, 0, 0, 0, 0, 0, 0, 1, 0, 0, 0, 0, 0, 0, 0, 3, 0, 0, 0, 999, 999, 999, 999, 999, 999, 999, 999]
time : 387.29 (+127.14 = 0.01 + 127.06 + 0.00 + 0.00 + 0.08)

101th Add (Sname, S, D) : t[65], 2409286, 22
Dist : [0, 0, 0, 0, 0, 0, 0, 0, 0, 0, 0, 0, 0, 0, 0, 0, 0, 0, 0, 0, 0, 0, 0, 0, 0, 0, 0, 0, 0, 0, 0, 0, 0, 0, 0, 0, 0, 0, 0, 0, 0, 0, 2, 0, 0, 3, 0, 0, 0, 0, 0, 0, 0, 0, 0, 0, 0, 0, 0, 0, 3, 0, 0, 0, 999, 999, 999, 999, 999, 999, 999, 999]
time : 387.37 (+0.08 = 0.00 + 0.08)

102th Add (Sname, S, D) : g[17], 33554432, 23
Dist : [0, 0, 0, 0, 0, 0, 0, 0, 0, 0, 0, 0, 0, 0, 0, 0, 0, 0, 0, 0, 0, 0, 0, 0, 0, 0, 0, 0, 0, 0, 0, 0, 0, 0, 0, 0, 0, 0, 0, 0, 0, 0, 2, 0, 0, 3, 0, 0, 0, 0, 0, 0, 0, 0, 0, 0, 0, 0, 0, 0, 3, 0, 0, 0, 999, 999, 999, 999, 999, 999, 999, 999]
time : 387.43 (+0.07 = 0.00 + 0.07)

103th Add (Sname, S, D) : g[26], 17179869184, 23
Dist : [0, 0, 0, 0, 0, 0, 0, 0, 0, 0, 0, 0, 0, 0, 0, 0, 0, 0, 0, 0, 0, 0, 0, 0, 0, 0, 0, 0, 0, 0, 0, 0, 0, 0, 0, 0, 0, 0, 0, 0, 0, 0, 2, 0, 0, 3, 0, 0, 0, 0, 0, 0, 0, 0, 0, 0, 0, 0, 0, 0, 3, 0, 0, 0, 999, 999, 999, 999, 999, 999, 999, 999]
time : 387.51 (+0.08 = 0.00 + 0.08)

104th Add (Sname, S, D) : t[66], 1934850, 21
Dist : [0, 0, 0, 0, 0, 0, 0, 0, 0, 0, 0, 0, 0, 0, 0, 0, 0, 0, 0, 0, 0, 0, 0, 0, 0, 0, 0, 0, 0, 0, 0, 0, 0, 0, 0, 0, 0, 0, 0, 0, 0, 0, 1, 0, 0, 3, 0, 0, 0, 0, 0, 0, 0, 0, 0, 0, 0, 0, 0, 0, 3, 0, 0, 0, 999, 999, 999, 999, 999, 999, 999, 999]
time : 545.81 (+158.29 = 0.01 + 158.20 + 0.00 + 0.00 + 0.09)

105th Add (Sname, S, D) : t[67], 4032002, 22
Dist : [0, 0, 0, 0, 0, 0, 0, 0, 0, 0, 0, 0, 0, 0, 0, 0, 0, 0, 0, 0, 0, 0, 0, 0, 0, 0, 0, 0, 0, 0, 0, 0, 0, 0, 0, 0, 0, 0, 0, 0, 0, 0, 0, 0, 0, 3, 0, 0, 0, 0, 0, 0, 0, 0, 0, 0, 0, 0, 0, 0, 3, 0, 0, 0, 999, 999, 999, 999, 999, 999, 999, 999]
time : 545.90 (+0.09 = 0.00 + 0.09)

106th Add (Sname, S, D) : g[21], 536870912, 23
Dist : [0, 0, 0, 0, 0, 0, 0, 0, 0, 0, 0, 0, 0, 0, 0, 0, 0, 0, 0, 0, 0, 0, 0, 0, 0, 0, 0, 0, 0, 0, 0, 0, 0, 0, 0, 0, 0, 0, 0, 0, 0, 0, 0, 0, 0, 3, 0, 0, 0, 0, 0, 0, 0, 0, 0, 0, 0, 0, 0, 0, 3, 0, 0, 0, 999, 999, 999, 999, 999, 999, 999, 999]
time : 545.98 (+0.08 = 0.00 + 0.08)

107th Add (Sname, S, D) : t[68], 250, 4
Dist : [0, 0, 0, 0, 0, 0, 0, 0, 0, 0, 0, 0, 0, 0, 0, 0, 0, 0, 0, 0, 0, 0, 0, 0, 0, 0, 0, 0, 0, 0, 0, 0, 0, 0, 0, 0, 0, 0, 0, 0, 0, 0, 0, 0, 0, 2, 0, 0, 0, 0, 0, 0, 0, 0, 0, 0, 0, 0, 0, 0, 3, 0, 0, 0, 999, 999, 999, 999, 999, 999, 999, 999]
time : 736.43 (+190.45 = 0.01 + 190.33 + 0.00 + 0.00 + 0.11)

108th Add (Sname, S, D) : t[69], 1279736, 21
Dist : [0, 0, 0, 0, 0, 0, 0, 0, 0, 0, 0, 0, 0, 0, 0, 0, 0, 0, 0, 0, 0, 0, 0, 0, 0, 0, 0, 0, 0, 0, 0, 0, 0, 0, 0, 0, 0, 0, 0, 0, 0, 0, 0, 0, 0, 1, 0, 0, 0, 0, 0, 0, 0, 0, 0, 0, 0, 0, 0, 0, 3, 0, 0, 0, 999, 999, 999, 999, 999, 999, 999, 999]
time : 945.60 (+209.17 = 0.01 + 209.05 + 0.00 + 0.00 + 0.11)

109th Add (Sname, S, D) : t[70], 3376888, 22
Dist : [0, 0, 0, 0, 0, 0, 0, 0, 0, 0, 0, 0, 0, 0, 0, 0, 0, 0, 0, 0, 0, 0, 0, 0, 0, 0, 0, 0, 0, 0, 0, 0, 0, 0, 0, 0, 0, 0, 0, 0, 0, 0, 0, 0, 0, 0, 0, 0, 0, 0, 0, 0, 0, 0, 0, 0, 0, 0, 0, 0, 3, 0, 0, 0, 999, 999, 999, 999, 999, 999, 999, 999]
time : 945.72 (+0.11 = 0.00 + 0.11)

110th Add (Sname, S, D) : g[22], 1073741824, 23
Dist : [0, 0, 0, 0, 0, 0, 0, 0, 0, 0, 0, 0, 0, 0, 0, 0, 0, 0, 0, 0, 0, 0, 0, 0, 0, 0, 0, 0, 0, 0, 0, 0, 0, 0, 0, 0, 0, 0, 0, 0, 0, 0, 0, 0, 0, 0, 0, 0, 0, 0, 0, 0, 0, 0, 0, 0, 0, 0, 0, 0, 3, 0, 0, 0, 999, 999, 999, 999, 999, 999, 999, 999]
time : 948.21 (+2.49 = 0.00 + 2.49)

111th Add (Sname, S, D) : t[71], 917524, 18
Dist : [0, 0, 0, 0, 0, 0, 0, 0, 0, 0, 0, 0, 0, 0, 0, 0, 0, 0, 0, 0, 0, 0, 0, 0, 0, 0, 0, 0, 0, 0, 0, 0, 0, 0, 0, 0, 0, 0, 0, 0, 0, 0, 0, 0, 0, 0, 0, 0, 0, 0, 0, 0, 0, 0, 0, 0, 0, 0, 0, 0, 2, 0, 0, 0, 999, 999, 999, 999, 999, 999, 999, 999]
time : 1188.77 (+240.56 = 0.01 + 237.93 + 0.00 + 0.00 + 2.62)

112th Add (Sname, S, D) : t[72], 1934870, 21
Dist : [0, 0, 0, 0, 0, 0, 0, 0, 0, 0, 0, 0, 0, 0, 0, 0, 0, 0, 0, 0, 0, 0, 0, 0, 0, 0, 0, 0, 0, 0, 0, 0, 0, 0, 0, 0, 0, 0, 0, 0, 0, 0, 0, 0, 0, 0, 0, 0, 0, 0, 0, 0, 0, 0, 0, 0, 0, 0, 0, 0, 1, 0, 0, 0, 999, 999, 999, 999, 999, 999, 999, 999]
time : 1447.75 (+258.97 = 0.01 + 256.22 + 0.00 + 0.00 + 2.74)

113th Add (Sname, S, D) : t[73], 4032022, 22
Dist : [0, 0, 0, 0, 0, 0, 0, 0, 0, 0, 0, 0, 0, 0, 0, 0, 0, 0, 0, 0, 0, 0, 0, 0, 0, 0, 0, 0, 0, 0, 0, 0, 0, 0, 0, 0, 0, 0, 0, 0, 0, 0, 0, 0, 0, 0, 0, 0, 0, 0, 0, 0, 0, 0, 0, 0, 0, 0, 0, 0, 0, 0, 0, 0, 999, 999, 999, 999, 999, 999, 999, 999]
time : 1450.66 (+2.91 = 0.00 + 2.91)

114th Add (Sname, S, D) : g[30], 274877906944, 23
Dist : [0, 0, 0, 0, 0, 0, 0, 0, 0, 0, 0, 0, 0, 0, 0, 0, 0, 0, 0, 0, 0, 0, 0, 0, 0, 0, 0, 0, 0, 0, 0, 0, 0, 0, 0, 0, 0, 0, 0, 0, 0, 0, 0, 0, 0, 0, 0, 0, 0, 0, 0, 0, 0, 0, 0, 0, 0, 0, 0, 0, 0, 0, 0, 0, 999, 999, 999, 999, 999, 999, 999, 999]
time : 1473.65 (+22.99 = 0.00 + 22.99)

115th Add (Sname, S, D) : t[74], 18, 1
Dist : [0, 0, 0, 0, 0, 0, 0, 0, 0, 0, 0, 0, 0, 0, 0, 0, 0, 0, 0, 0, 0, 0, 0, 0, 0, 0, 0, 0, 0, 0, 0, 0, 0, 0, 0, 0, 0, 0, 0, 0, 0, 0, 0, 0, 0, 0, 0, 0, 0, 0, 0, 0, 0, 0, 0, 0, 0, 0, 0, 0, 0, 0, 0, 0, 999, 999, 999, 999, 999, 999, 999, 999]
time : 1497.63 (+23.98 = 0.00 + 23.98)

116th Add (Sname, S, D) : t[75], 82, 2
Dist : [0, 0, 0, 0, 0, 0, 0, 0, 0, 0, 0, 0, 0, 0, 0, 0, 0, 0, 0, 0, 0, 0, 0, 0, 0, 0, 0, 0, 0, 0, 0, 0, 0, 0, 0, 0, 0, 0, 0, 0, 0, 0, 0, 0, 0, 0, 0, 0, 0, 0, 0, 0, 0, 0, 0, 0, 0, 0, 0, 0, 0, 0, 0, 0, 999, 999, 999, 999, 999, 999, 999, 999]
time : 1522.52 (+24.89 = 0.00 + 24.89)

117th Add (Sname, S, D) : t[76], 131154, 13
Dist : [0, 0, 0, 0, 0, 0, 0, 0, 0, 0, 0, 0, 0, 0, 0, 0, 0, 0, 0, 0, 0, 0, 0, 0, 0, 0, 0, 0, 0, 0, 0, 0, 0, 0, 0, 0, 0, 0, 0, 0, 0, 0, 0, 0, 0, 0, 0, 0, 0, 0, 0, 0, 0, 0, 0, 0, 0, 0, 0, 0, 0, 0, 0, 0, 999, 999, 999, 999, 999, 999, 999, 999]
time : 1549.02 (+26.50 = 0.00 + 26.50)

118th Add (Sname, S, D) : t[77], 16908370, 19
Dist : [0, 0, 0, 0, 0, 0, 0, 0, 0, 0, 0, 0, 0, 0, 0, 0, 0, 0, 0, 0, 0, 0, 0, 0, 0, 0, 0, 0, 0, 0, 0, 0, 0, 0, 0, 0, 0, 0, 0, 0, 0, 0, 0, 0, 0, 0, 0, 0, 0, 0, 0, 0, 0, 0, 0, 0, 0, 0, 0, 0, 0, 0, 0, 0, 999, 999, 999, 999, 999, 999, 999, 999]
time : 1571.95 (+22.93 = 0.00 + 22.93)

119th Add (Sname, S, D) : t[78], 135266304, 20
Dist : [0, 0, 0, 0, 0, 0, 0, 0, 0, 0, 0, 0, 0, 0, 0, 0, 0, 0, 0, 0, 0, 0, 0, 0, 0, 0, 0, 0, 0, 0, 0, 0, 0, 0, 0, 0, 0, 0, 0, 0, 0, 0, 0, 0, 0, 0, 0, 0, 0, 0, 0, 0, 0, 0, 0, 0, 0, 0, 0, 0, 0, 0, 0, 0, 7, 999, 999, 999, 999, 999, 999, 999]
time : 1595.85 (+23.90 = 0.00 + 23.90)

120th Add (Sname, S, D) : t[79], 275013173248, 24
Dist : [0, 0, 0, 0, 0, 0, 0, 0, 0, 0, 0, 0, 0, 0, 0, 0, 0, 0, 0, 0, 0, 0, 0, 0, 0, 0, 0, 0, 0, 0, 0, 0, 0, 0, 0, 0, 0, 0, 0, 0, 0, 0, 0, 0, 0, 0, 0, 0, 0, 0, 0, 0, 0, 0, 0, 0, 0, 0, 0, 0, 0, 0, 0, 0, 6, 999, 999, 999, 999, 999, 999, 999]
time : 2618.58 (+1022.73 = 0.01 + 1001.21 + 0.00 + 0.00 + 21.51)

121th Add (Sname, S, D) : t[80], 292193042432, 25
Dist : [0, 0, 0, 0, 0, 0, 0, 0, 0, 0, 0, 0, 0, 0, 0, 0, 0, 0, 0, 0, 0, 0, 0, 0, 0, 0, 0, 0, 0, 0, 0, 0, 0, 0, 0, 0, 0, 0, 0, 0, 0, 0, 0, 0, 0, 0, 0, 0, 0, 0, 0, 0, 0, 0, 0, 0, 0, 0, 0, 0, 0, 0, 0, 0, 5, 999, 999, 999, 999, 999, 999, 999]
time : 3060.33 (+441.75 = 0.01 + 419.85 + 0.00 + 0.00 + 21.90)

122th Add (Sname, S, D) : t[81], 34376646738, 24
Dist : [0, 0, 0, 0, 0, 0, 0, 0, 0, 0, 0, 0, 0, 0, 0, 0, 0, 0, 0, 0, 0, 0, 0, 0, 0, 0, 0, 0, 0, 0, 0, 0, 0, 0, 0, 0, 0, 0, 0, 0, 0, 0, 0, 0, 0, 0, 0, 0, 0, 0, 0, 0, 0, 0, 0, 0, 0, 0, 0, 0, 0, 0, 0, 0, 4, 999, 999, 999, 999, 999, 999, 999]
time : 3477.06 (+416.73 = 0.01 + 393.85 + 0.00 + 0.00 + 22.87)

123th Add (Sname, S, D) : t[82], 137443147776, 23
Dist : [0, 0, 0, 0, 0, 0, 0, 0, 0, 0, 0, 0, 0, 0, 0, 0, 0, 0, 0, 0, 0, 0, 0, 0, 0, 0, 0, 0, 0, 0, 0, 0, 0, 0, 0, 0, 0, 0, 0, 0, 0, 0, 0, 0, 0, 0, 0, 0, 0, 0, 0, 0, 0, 0, 0, 0, 0, 0, 0, 0, 0, 0, 0, 0, 3, 999, 999, 999, 999, 999, 999, 999]
time : 3921.76 (+444.69 = 0.01 + 420.73 + 0.00 + 0.00 + 23.95)

124th Add (Sname, S, D) : t[83], 137476702208, 24
Dist : [0, 0, 0, 0, 0, 0, 0, 0, 0, 0, 0, 0, 0, 0, 0, 0, 0, 0, 0, 0, 0, 0, 0, 0, 0, 0, 0, 0, 0, 0, 0, 0, 0, 0, 0, 0, 0, 0, 0, 0, 0, 0, 0, 0, 0, 0, 0, 0, 0, 0, 0, 0, 0, 0, 0, 0, 0, 0, 0, 0, 0, 0, 0, 0, 2, 999, 999, 999, 999, 999, 999, 999]
time : 4386.25 (+464.49 = 0.01 + 439.98 + 0.00 + 0.00 + 24.51)

125th Add (Sname, S, D) : t[84], 171853348946, 25
Dist : [0, 0, 0, 0, 0, 0, 0, 0, 0, 0, 0, 0, 0, 0, 0, 0, 0, 0, 0, 0, 0, 0, 0, 0, 0, 0, 0, 0, 0, 0, 0, 0, 0, 0, 0, 0, 0, 0, 0, 0, 0, 0, 0, 0, 0, 0, 0, 0, 0, 0, 0, 0, 0, 0, 0, 0, 0, 0, 0, 0, 0, 0, 0, 0, 1, 999, 999, 999, 999, 999, 999, 999]
time : 4873.89 (+487.64 = 0.01 + 461.96 + 0.00 + 0.00 + 25.67)

126th Add (Sname, S, D) : t[85], 464046391378, 26
Dist : [0, 0, 0, 0, 0, 0, 0, 0, 0, 0, 0, 0, 0, 0, 0, 0, 0, 0, 0, 0, 0, 0, 0, 0, 0, 0, 0, 0, 0, 0, 0, 0, 0, 0, 0, 0, 0, 0, 0, 0, 0, 0, 0, 0, 0, 0, 0, 0, 0, 0, 0, 0, 0, 0, 0, 0, 0, 0, 0, 0, 0, 0, 0, 0, 0, 999, 999, 999, 999, 999, 999, 999]
time : 4900.54 (+26.65 = 0.00 + 26.65)

127th Add (Sname, S, D) : t[86], 140, 2
Dist : [0, 0, 0, 0, 0, 0, 0, 0, 0, 0, 0, 0, 0, 0, 0, 0, 0, 0, 0, 0, 0, 0, 0, 0, 0, 0, 0, 0, 0, 0, 0, 0, 0, 0, 0, 0, 0, 0, 0, 0, 0, 0, 0, 0, 0, 0, 0, 0, 0, 0, 0, 0, 0, 0, 0, 0, 0, 0, 0, 0, 0, 0, 0, 0, 0, 999, 999, 999, 999, 999, 999, 999]
time : 4928.44 (+27.89 = 0.00 + 27.89)

128th Add (Sname, S, D) : t[87], 396, 5
Dist : [0, 0, 0, 0, 0, 0, 0, 0, 0, 0, 0, 0, 0, 0, 0, 0, 0, 0, 0, 0, 0, 0, 0, 0, 0, 0, 0, 0, 0, 0, 0, 0, 0, 0, 0, 0, 0, 0, 0, 0, 0, 0, 0, 0, 0, 0, 0, 0, 0, 0, 0, 0, 0, 0, 0, 0, 0, 0, 0, 0, 0, 0, 0, 0, 0, 999, 999, 999, 999, 999, 999, 999]
time : 4958.03 (+29.59 = 0.00 + 29.59)

129th Add (Sname, S, D) : t[88], 1420, 6
Dist : [0, 0, 0, 0, 0, 0, 0, 0, 0, 0, 0, 0, 0, 0, 0, 0, 0, 0, 0, 0, 0, 0, 0, 0, 0, 0, 0, 0, 0, 0, 0, 0, 0, 0, 0, 0, 0, 0, 0, 0, 0, 0, 0, 0, 0, 0, 0, 0, 0, 0, 0, 0, 0, 0, 0, 0, 0, 0, 0, 0, 0, 0, 0, 0, 0, 999, 999, 999, 999, 999, 999, 999]
time : 5006.37 (+48.34 = 0.00 + 48.34)

130th Add (Sname, S, D) : t[89], 17804, 7
Dist : [0, 0, 0, 0, 0, 0, 0, 0, 0, 0, 0, 0, 0, 0, 0, 0, 0, 0, 0, 0, 0, 0, 0, 0, 0, 0, 0, 0, 0, 0, 0, 0, 0, 0, 0, 0, 0, 0, 0, 0, 0, 0, 0, 0, 0, 0, 0, 0, 0, 0, 0, 0, 0, 0, 0, 0, 0, 0, 0, 0, 0, 0, 0, 0, 0, 999, 999, 999, 999, 999, 999, 999]
time : 5056.44 (+50.07 = 0.00 + 50.07)

131th Add (Sname, S, D) : t[90], 83340, 8
Dist : [0, 0, 0, 0, 0, 0, 0, 0, 0, 0, 0, 0, 0, 0, 0, 0, 0, 0, 0, 0, 0, 0, 0, 0, 0, 0, 0, 0, 0, 0, 0, 0, 0, 0, 0, 0, 0, 0, 0, 0, 0, 0, 0, 0, 0, 0, 0, 0, 0, 0, 0, 0, 0, 0, 0, 0, 0, 0, 0, 0, 0, 0, 0, 0, 0, 999, 999, 999, 999, 999, 999, 999]
time : 5107.51 (+51.07 = 0.00 + 51.07)

132th Add (Sname, S, D) : t[91], 214412, 13
Dist : [0, 0, 0, 0, 0, 0, 0, 0, 0, 0, 0, 0, 0, 0, 0, 0, 0, 0, 0, 0, 0, 0, 0, 0, 0, 0, 0, 0, 0, 0, 0, 0, 0, 0, 0, 0, 0, 0, 0, 0, 0, 0, 0, 0, 0, 0, 0, 0, 0, 0, 0, 0, 0, 0, 0, 0, 0, 0, 0, 0, 0, 0, 0, 0, 0, 999, 999, 999, 999, 999, 999, 999]
time : 5160.16 (+52.65 = 0.00 + 52.65)

133th Add (Sname, S, D) : t[92], 738700, 17
Dist : [0, 0, 0, 0, 0, 0, 0, 0, 0, 0, 0, 0, 0, 0, 0, 0, 0, 0, 0, 0, 0, 0, 0, 0, 0, 0, 0, 0, 0, 0, 0, 0, 0, 0, 0, 0, 0, 0, 0, 0, 0, 0, 0, 0, 0, 0, 0, 0, 0, 0, 0, 0, 0, 0, 0, 0, 0, 0, 0, 0, 0, 0, 0, 0, 0, 999, 999, 999, 999, 999, 999, 999]
time : 5214.38 (+54.22 = 0.00 + 54.22)

134th Add (Sname, S, D) : t[93], 134956428, 20
Dist : [0, 0, 0, 0, 0, 0, 0, 0, 0, 0, 0, 0, 0, 0, 0, 0, 0, 0, 0, 0, 0, 0, 0, 0, 0, 0, 0, 0, 0, 0, 0, 0, 0, 0, 0, 0, 0, 0, 0, 0, 0, 0, 0, 0, 0, 0, 0, 0, 0, 0, 0, 0, 0, 0, 0, 0, 0, 0, 0, 0, 0, 0, 0, 0, 0, 7, 999, 999, 999, 999, 999, 999]
time : 5269.59 (+55.21 = 0.00 + 55.21)

135th Add (Sname, S, D) : t[94], 1208698252, 24
Dist : [0, 0, 0, 0, 0, 0, 0, 0, 0, 0, 0, 0, 0, 0, 0, 0, 0, 0, 0, 0, 0, 0, 0, 0, 0, 0, 0, 0, 0, 0, 0, 0, 0, 0, 0, 0, 0, 0, 0, 0, 0, 0, 0, 0, 0, 0, 0, 0, 0, 0, 0, 0, 0, 0, 0, 0, 0, 0, 0, 0, 0, 0, 0, 0, 0, 6, 999, 999, 999, 999, 999, 999]
time : 7552.81 (+2283.21 = 0.01 + 2233.83 + 0.00 + 0.00 + 49.37)

136th Add (Sname, S, D) : t[95], 292057776128, 24
Dist : [0, 0, 0, 0, 0, 0, 0, 0, 0, 0, 0, 0, 0, 0, 0, 0, 0, 0, 0, 0, 0, 0, 0, 0, 0, 0, 0, 0, 0, 0, 0, 0, 0, 0, 0, 0, 0, 0, 0, 0, 0, 0, 0, 0, 0, 0, 0, 0, 0, 0, 0, 0, 0, 0, 0, 0, 0, 0, 0, 0, 0, 0, 0, 0, 0, 5, 999, 999, 999, 999, 999, 999]
time : 8394.02 (+841.22 = 0.01 + 790.75 + 0.00 + 0.00 + 50.46)

137th Add (Sname, S, D) : t[96], 34896609280, 24
Dist : [0, 0, 0, 0, 0, 0, 0, 0, 0, 0, 0, 0, 0, 0, 0, 0, 0, 0, 0, 0, 0, 0, 0, 0, 0, 0, 0, 0, 0, 0, 0, 0, 0, 0, 0, 0, 0, 0, 0, 0, 0, 0, 0, 0, 0, 0, 0, 0, 0, 0, 0, 0, 0, 0, 0, 0, 0, 0, 0, 0, 0, 0, 0, 0, 0, 4, 999, 999, 999, 999, 999, 999]
time : 9235.09 (+841.06 = 0.01 + 794.85 + 0.00 + 0.00 + 46.20)

138th Add (Sname, S, D) : t[97], 326954385408, 25
Dist : [0, 0, 0, 0, 0, 0, 0, 0, 0, 0, 0, 0, 0, 0, 0, 0, 0, 0, 0, 0, 0, 0, 0, 0, 0, 0, 0, 0, 0, 0, 0, 0, 0, 0, 0, 0, 0, 0, 0, 0, 0, 0, 0, 0, 0, 0, 0, 0, 0, 0, 0, 0, 0, 0, 0, 0, 0, 0, 0, 0, 0, 0, 0, 0, 0, 3, 999, 999, 999, 999, 999, 999]
time : 10107.93 (+872.84 = 0.01 + 826.34 + 0.00 + 0.00 + 46.49)

139th Add (Sname, S, D) : t[98], 137506062336, 24
Dist : [0, 0, 0, 0, 0, 0, 0, 0, 0, 0, 0, 0, 0, 0, 0, 0, 0, 0, 0, 0, 0, 0, 0, 0, 0, 0, 0, 0, 0, 0, 0, 0, 0, 0, 0, 0, 0, 0, 0, 0, 0, 0, 0, 0, 0, 0, 0, 0, 0, 0, 0, 0, 0, 0, 0, 0, 0, 0, 0, 0, 0, 0, 0, 0, 0, 2, 999, 999, 999, 999, 999, 999]
time : 11009.36 (+901.43 = 0.01 + 853.98 + 0.00 + 0.00 + 47.44)

140th Add (Sname, S, D) : t[99], 138714760588, 25
Dist : [0, 0, 0, 0, 0, 0, 0, 0, 0, 0, 0, 0, 0, 0, 0, 0, 0, 0, 0, 0, 0, 0, 0, 0, 0, 0, 0, 0, 0, 0, 0, 0, 0, 0, 0, 0, 0, 0, 0, 0, 0, 0, 0, 0, 0, 0, 0, 0, 0, 0, 0, 0, 0, 0, 0, 0, 0, 0, 0, 0, 0, 0, 0, 0, 0, 1, 999, 999, 999, 999, 999, 999]
time : 11942.33 (+932.97 = 0.02 + 884.80 + 0.00 + 0.00 + 48.15)

141th Add (Sname, S, D) : t[100], 465669145996, 26
Dist : [0, 0, 0, 0, 0, 0, 0, 0, 0, 0, 0, 0, 0, 0, 0, 0, 0, 0, 0, 0, 0, 0, 0, 0, 0, 0, 0, 0, 0, 0, 0, 0, 0, 0, 0, 0, 0, 0, 0, 0, 0, 0, 0, 0, 0, 0, 0, 0, 0, 0, 0, 0, 0, 0, 0, 0, 0, 0, 0, 0, 0, 0, 0, 0, 0, 0, 999, 999, 999, 999, 999, 999]
time : 11991.53 (+49.20 = 0.00 + 49.20)

142th Add (Sname, S, D) : t[101], 80, 1
Dist : [0, 0, 0, 0, 0, 0, 0, 0, 0, 0, 0, 0, 0, 0, 0, 0, 0, 0, 0, 0, 0, 0, 0, 0, 0, 0, 0, 0, 0, 0, 0, 0, 0, 0, 0, 0, 0, 0, 0, 0, 0, 0, 0, 0, 0, 0, 0, 0, 0, 0, 0, 0, 0, 0, 0, 0, 0, 0, 0, 0, 0, 0, 0, 0, 0, 0, 999, 999, 999, 999, 999, 999]
time : 12042.21 (+50.69 = 0.00 + 50.69)

143th Add (Sname, S, D) : t[102], 92, 2
Dist : [0, 0, 0, 0, 0, 0, 0, 0, 0, 0, 0, 0, 0, 0, 0, 0, 0, 0, 0, 0, 0, 0, 0, 0, 0, 0, 0, 0, 0, 0, 0, 0, 0, 0, 0, 0, 0, 0, 0, 0, 0, 0, 0, 0, 0, 0, 0, 0, 0, 0, 0, 0, 0, 0, 0, 0, 0, 0, 0, 0, 0, 0, 0, 0, 0, 0, 999, 999, 999, 999, 999, 999]
time : 12094.03 (+51.81 = 0.00 + 51.81)

144th Add (Sname, S, D) : t[103], 348, 5
Dist : [0, 0, 0, 0, 0, 0, 0, 0, 0, 0, 0, 0, 0, 0, 0, 0, 0, 0, 0, 0, 0, 0, 0, 0, 0, 0, 0, 0, 0, 0, 0, 0, 0, 0, 0, 0, 0, 0, 0, 0, 0, 0, 0, 0, 0, 0, 0, 0, 0, 0, 0, 0, 0, 0, 0, 0, 0, 0, 0, 0, 0, 0, 0, 0, 0, 0, 999, 999, 999, 999, 999, 999]
time : 12146.46 (+52.43 = 0.00 + 52.43)

145th Add (Sname, S, D) : t[104], 1372, 6
Dist : [0, 0, 0, 0, 0, 0, 0, 0, 0, 0, 0, 0, 0, 0, 0, 0, 0, 0, 0, 0, 0, 0, 0, 0, 0, 0, 0, 0, 0, 0, 0, 0, 0, 0, 0, 0, 0, 0, 0, 0, 0, 0, 0, 0, 0, 0, 0, 0, 0, 0, 0, 0, 0, 0, 0, 0, 0, 0, 0, 0, 0, 0, 0, 0, 0, 0, 999, 999, 999, 999, 999, 999]
time : 12200.27 (+53.81 = 0.00 + 53.81)

146th Add (Sname, S, D) : t[105], 17756, 7
Dist : [0, 0, 0, 0, 0, 0, 0, 0, 0, 0, 0, 0, 0, 0, 0, 0, 0, 0, 0, 0, 0, 0, 0, 0, 0, 0, 0, 0, 0, 0, 0, 0, 0, 0, 0, 0, 0, 0, 0, 0, 0, 0, 0, 0, 0, 0, 0, 0, 0, 0, 0, 0, 0, 0, 0, 0, 0, 0, 0, 0, 0, 0, 0, 0, 0, 0, 999, 999, 999, 999, 999, 999]
time : 12257.24 (+56.97 = 0.00 + 56.97)

147th Add (Sname, S, D) : t[106], 83292, 8
Dist : [0, 0, 0, 0, 0, 0, 0, 0, 0, 0, 0, 0, 0, 0, 0, 0, 0, 0, 0, 0, 0, 0, 0, 0, 0, 0, 0, 0, 0, 0, 0, 0, 0, 0, 0, 0, 0, 0, 0, 0, 0, 0, 0, 0, 0, 0, 0, 0, 0, 0, 0, 0, 0, 0, 0, 0, 0, 0, 0, 0, 0, 0, 0, 0, 0, 0, 999, 999, 999, 999, 999, 999]
time : 12315.95 (+58.71 = 0.00 + 58.71)

148th Add (Sname, S, D) : t[107], 345436, 15
Dist : [0, 0, 0, 0, 0, 0, 0, 0, 0, 0, 0, 0, 0, 0, 0, 0, 0, 0, 0, 0, 0, 0, 0, 0, 0, 0, 0, 0, 0, 0, 0, 0, 0, 0, 0, 0, 0, 0, 0, 0, 0, 0, 0, 0, 0, 0, 0, 0, 0, 0, 0, 0, 0, 0, 0, 0, 0, 0, 0, 0, 0, 0, 0, 0, 0, 0, 999, 999, 999, 999, 999, 999]
time : 12375.96 (+60.01 = 0.00 + 60.01)

149th Add (Sname, S, D) : t[108], 17122652, 19
Dist : [0, 0, 0, 0, 0, 0, 0, 0, 0, 0, 0, 0, 0, 0, 0, 0, 0, 0, 0, 0, 0, 0, 0, 0, 0, 0, 0, 0, 0, 0, 0, 0, 0, 0, 0, 0, 0, 0, 0, 0, 0, 0, 0, 0, 0, 0, 0, 0, 0, 0, 0, 0, 0, 0, 0, 0, 0, 0, 0, 0, 0, 0, 0, 0, 0, 0, 999, 999, 999, 999, 999, 999]
time : 12437.70 (+61.74 = 0.00 + 61.74)

150th Add (Sname, S, D) : t[109], 77309411328, 20
Dist : [0, 0, 0, 0, 0, 0, 0, 0, 0, 0, 0, 0, 0, 0, 0, 0, 0, 0, 0, 0, 0, 0, 0, 0, 0, 0, 0, 0, 0, 0, 0, 0, 0, 0, 0, 0, 0, 0, 0, 0, 0, 0, 0, 0, 0, 0, 0, 0, 0, 0, 0, 0, 0, 0, 0, 0, 0, 0, 0, 0, 0, 0, 0, 0, 0, 0, 7, 999, 999, 999, 999, 999]
time : 12501.45 (+63.75 = 0.00 + 63.75)

151th Add (Sname, S, D) : t[110], 429534478336, 25
Dist : [0, 0, 0, 0, 0, 0, 0, 0, 0, 0, 0, 0, 0, 0, 0, 0, 0, 0, 0, 0, 0, 0, 0, 0, 0, 0, 0, 0, 0, 0, 0, 0, 0, 0, 0, 0, 0, 0, 0, 0, 0, 0, 0, 0, 0, 0, 0, 0, 0, 0, 0, 0, 0, 0, 0, 0, 0, 0, 0, 0, 0, 0, 0, 0, 0, 0, 6, 999, 999, 999, 999, 999]
time : 16290.54 (+3789.09 = 0.02 + 3735.11 + 0.00 + 0.00 + 53.96)

152th Add (Sname, S, D) : t[111], 1610612736, 24
Dist : [0, 0, 0, 0, 0, 0, 0, 0, 0, 0, 0, 0, 0, 0, 0, 0, 0, 0, 0, 0, 0, 0, 0, 0, 0, 0, 0, 0, 0, 0, 0, 0, 0, 0, 0, 0, 0, 0, 0, 0, 0, 0, 0, 0, 0, 0, 0, 0, 0, 0, 0, 0, 0, 0, 0, 0, 0, 0, 0, 0, 0, 0, 0, 0, 0, 0, 5, 999, 999, 999, 999, 999]
time : 17861.00 (+1570.46 = 0.02 + 1515.02 + 0.00 + 0.00 + 55.43)

153th Add (Sname, S, D) : t[112], 81604378624, 22
Dist : [0, 0, 0, 0, 0, 0, 0, 0, 0, 0, 0, 0, 0, 0, 0, 0, 0, 0, 0, 0, 0, 0, 0, 0, 0, 0, 0, 0, 0, 0, 0, 0, 0, 0, 0, 0, 0, 0, 0, 0, 0, 0, 0, 0, 0, 0, 0, 0, 0, 0, 0, 0, 0, 0, 0, 0, 0, 0, 0, 0, 0, 0, 0, 0, 0, 0, 4, 999, 999, 999, 999, 999]
time : 19453.83 (+1592.82 = 0.02 + 1534.89 + 0.00 + 0.00 + 57.91)

154th Add (Sname, S, D) : t[113], 81621501276, 23
Dist : [0, 0, 0, 0, 0, 0, 0, 0, 0, 0, 0, 0, 0, 0, 0, 0, 0, 0, 0, 0, 0, 0, 0, 0, 0, 0, 0, 0, 0, 0, 0, 0, 0, 0, 0, 0, 0, 0, 0, 0, 0, 0, 0, 0, 0, 0, 0, 0, 0, 0, 0, 0, 0, 0, 0, 0, 0, 0, 0, 0, 0, 0, 0, 0, 0, 0, 3, 999, 999, 999, 999, 999]
time : 21127.52 (+1673.69 = 0.02 + 1613.66 + 0.00 + 0.00 + 60.01)

155th Add (Sname, S, D) : t[114], 81688610140, 24
Dist : [0, 0, 0, 0, 0, 0, 0, 0, 0, 0, 0, 0, 0, 0, 0, 0, 0, 0, 0, 0, 0, 0, 0, 0, 0, 0, 0, 0, 0, 0, 0, 0, 0, 0, 0, 0, 0, 0, 0, 0, 0, 0, 0, 0, 0, 0, 0, 0, 0, 0, 0, 0, 0, 0, 0, 0, 0, 0, 0, 0, 0, 0, 0, 0, 0, 0, 2, 999, 999, 999, 999, 999]
time : 22964.90 (+1837.38 = 0.02 + 1775.96 + 0.00 + 0.00 + 61.40)

156th Add (Sname, S, D) : t[115], 83299222876, 25
Dist : [0, 0, 0, 0, 0, 0, 0, 0, 0, 0, 0, 0, 0, 0, 0, 0, 0, 0, 0, 0, 0, 0, 0, 0, 0, 0, 0, 0, 0, 0, 0, 0, 0, 0, 0, 0, 0, 0, 0, 0, 0, 0, 0, 0, 0, 0, 0, 0, 0, 0, 0, 0, 0, 0, 0, 0, 0, 0, 0, 0, 0, 0, 0, 0, 0, 0, 1, 999, 999, 999, 999, 999]
time : 24893.38 (+1928.48 = 0.02 + 1865.14 + 0.00 + 0.00 + 63.32)

157th Add (Sname, S, D) : t[116], 512833701212, 26
Dist : [0, 0, 0, 0, 0, 0, 0, 0, 0, 0, 0, 0, 0, 0, 0, 0, 0, 0, 0, 0, 0, 0, 0, 0, 0, 0, 0, 0, 0, 0, 0, 0, 0, 0, 0, 0, 0, 0, 0, 0, 0, 0, 0, 0, 0, 0, 0, 0, 0, 0, 0, 0, 0, 0, 0, 0, 0, 0, 0, 0, 0, 0, 0, 0, 0, 0, 0, 999, 999, 999, 999, 999]
time : 24959.34 (+65.95 = 0.00 + 65.95)

158th Add (Sname, S, D) : t[117], 1025, 5
Dist : [0, 0, 0, 0, 0, 0, 0, 0, 0, 0, 0, 0, 0, 0, 0, 0, 0, 0, 0, 0, 0, 0, 0, 0, 0, 0, 0, 0, 0, 0, 0, 0, 0, 0, 0, 0, 0, 0, 0, 0, 0, 0, 0, 0, 0, 0, 0, 0, 0, 0, 0, 0, 0, 0, 0, 0, 0, 0, 0, 0, 0, 0, 0, 0, 0, 0, 0, 999, 999, 999, 999, 999]
time : 25027.77 (+68.44 = 0.00 + 68.44)

159th Add (Sname, S, D) : t[118], 33280, 6
Dist : [0, 0, 0, 0, 0, 0, 0, 0, 0, 0, 0, 0, 0, 0, 0, 0, 0, 0, 0, 0, 0, 0, 0, 0, 0, 0, 0, 0, 0, 0, 0, 0, 0, 0, 0, 0, 0, 0, 0, 0, 0, 0, 0, 0, 0, 0, 0, 0, 0, 0, 0, 0, 0, 0, 0, 0, 0, 0, 0, 0, 0, 0, 0, 0, 0, 0, 0, 999, 999, 999, 999, 999]
time : 25097.25 (+69.48 = 0.00 + 69.48)

160th Add (Sname, S, D) : t[119], 34305, 7
Dist : [0, 0, 0, 0, 0, 0, 0, 0, 0, 0, 0, 0, 0, 0, 0, 0, 0, 0, 0, 0, 0, 0, 0, 0, 0, 0, 0, 0, 0, 0, 0, 0, 0, 0, 0, 0, 0, 0, 0, 0, 0, 0, 0, 0, 0, 0, 0, 0, 0, 0, 0, 0, 0, 0, 0, 0, 0, 0, 0, 0, 0, 0, 0, 0, 0, 0, 0, 999, 999, 999, 999, 999]
time : 25157.85 (+60.60 = 0.00 + 60.60)

161th Add (Sname, S, D) : t[120], 99841, 8
Dist : [0, 0, 0, 0, 0, 0, 0, 0, 0, 0, 0, 0, 0, 0, 0, 0, 0, 0, 0, 0, 0, 0, 0, 0, 0, 0, 0, 0, 0, 0, 0, 0, 0, 0, 0, 0, 0, 0, 0, 0, 0, 0, 0, 0, 0, 0, 0, 0, 0, 0, 0, 0, 0, 0, 0, 0, 0, 0, 0, 0, 0, 0, 0, 0, 0, 0, 0, 999, 999, 999, 999, 999]
time : 25220.22 (+62.37 = 0.00 + 62.37)

162th Add (Sname, S, D) : t[121], 361985, 15
Dist : [0, 0, 0, 0, 0, 0, 0, 0, 0, 0, 0, 0, 0, 0, 0, 0, 0, 0, 0, 0, 0, 0, 0, 0, 0, 0, 0, 0, 0, 0, 0, 0, 0, 0, 0, 0, 0, 0, 0, 0, 0, 0, 0, 0, 0, 0, 0, 0, 0, 0, 0, 0, 0, 0, 0, 0, 0, 0, 0, 0, 0, 0, 0, 0, 0, 0, 0, 999, 999, 999, 999, 999]
time : 25284.55 (+64.33 = 0.00 + 64.33)

163th Add (Sname, S, D) : t[122], 886273, 17
Dist : [0, 0, 0, 0, 0, 0, 0, 0, 0, 0, 0, 0, 0, 0, 0, 0, 0, 0, 0, 0, 0, 0, 0, 0, 0, 0, 0, 0, 0, 0, 0, 0, 0, 0, 0, 0, 0, 0, 0, 0, 0, 0, 0, 0, 0, 0, 0, 0, 0, 0, 0, 0, 0, 0, 0, 0, 0, 0, 0, 0, 0, 0, 0, 0, 0, 0, 0, 7, 999, 999, 999, 999]
time : 25348.85 (+64.30 = 0.00 + 64.30)

164th Add (Sname, S, D) : t[123], 275014059521, 25
Dist : [0, 0, 0, 0, 0, 0, 0, 0, 0, 0, 0, 0, 0, 0, 0, 0, 0, 0, 0, 0, 0, 0, 0, 0, 0, 0, 0, 0, 0, 0, 0, 0, 0, 0, 0, 0, 0, 0, 0, 0, 0, 0, 0, 0, 0, 0, 0, 0, 0, 0, 0, 0, 0, 0, 0, 0, 0, 0, 0, 0, 0, 0, 0, 0, 0, 0, 0, 6, 999, 999, 999, 999]
time : 31111.99 (+5763.14 = 0.02 + 5709.04 + 0.00 + 0.00 + 54.07)

165th Add (Sname, S, D) : t[124], 2149580800, 23
Dist : [0, 0, 0, 0, 0, 0, 0, 0, 0, 0, 0, 0, 0, 0, 0, 0, 0, 0, 0, 0, 0, 0, 0, 0, 0, 0, 0, 0, 0, 0, 0, 0, 0, 0, 0, 0, 0, 0, 0, 0, 0, 0, 0, 0, 0, 0, 0, 0, 0, 0, 0, 0, 0, 0, 0, 0, 0, 0, 0, 0, 0, 0, 0, 0, 0, 0, 0, 5, 999, 999, 999, 999]
time : 33533.42 (+2421.43 = 0.02 + 2366.03 + 0.00 + 0.00 + 55.37)

166th Add (Sname, S, D) : t[125], 4303355904, 22
Dist : [0, 0, 0, 0, 0, 0, 0, 0, 0, 0, 0, 0, 0, 0, 0, 0, 0, 0, 0, 0, 0, 0, 0, 0, 0, 0, 0, 0, 0, 0, 0, 0, 0, 0, 0, 0, 0, 0, 0, 0, 0, 0, 0, 0, 0, 0, 0, 0, 0, 0, 0, 0, 0, 0, 0, 0, 0, 0, 0, 0, 0, 0, 0, 0, 0, 0, 0, 4, 7, 999, 7, 999]
time : 36299.02 (+2765.61 = 0.02 + 2718.62 + 0.00 + 0.00 + 46.96)

167th Add (Sname, S, D) : t[126], 279181262848, 24
Dist : [0, 0, 0, 0, 0, 0, 0, 0, 0, 0, 0, 0, 0, 0, 0, 0, 0, 0, 0, 0, 0, 0, 0, 0, 0, 0, 0, 0, 0, 0, 0, 0, 0, 0, 0, 0, 0, 0, 0, 0, 0, 0, 0, 0, 0, 0, 0, 0, 0, 0, 0, 0, 0, 0, 0, 0, 0, 0, 0, 0, 0, 0, 0, 0, 0, 0, 0, 4, 6, 999, 6, 999]
time : 46672.60 (+10373.58 = 0.02 + 10342.54 + 0.00 + 0.00 + 31.00)

168th Add (Sname, S, D) : t[127], 4320133120, 23
Dist : [0, 0, 0, 0, 0, 0, 0, 0, 0, 0, 0, 0, 0, 0, 0, 0, 0, 0, 0, 0, 0, 0, 0, 0, 0, 0, 0, 0, 0, 0, 0, 0, 0, 0, 0, 0, 0, 0, 0, 0, 0, 0, 0, 0, 0, 0, 0, 0, 0, 0, 0, 0, 0, 0, 0, 0, 0, 0, 0, 0, 0, 0, 0, 0, 0, 0, 0, 3, 6, 999, 6, 999]
time : 49537.27 (+2864.67 = 0.03 + 2832.84 + 0.00 + 0.00 + 31.81)

169th Add (Sname, S, D) : t[128], 6469713920, 24
Dist : [0, 0, 0, 0, 0, 0, 0, 0, 0, 0, 0, 0, 0, 0, 0, 0, 0, 0, 0, 0, 0, 0, 0, 0, 0, 0, 0, 0, 0, 0, 0, 0, 0, 0, 0, 0, 0, 0, 0, 0, 0, 0, 0, 0, 0, 0, 0, 0, 0, 0, 0, 0, 0, 0, 0, 0, 0, 0, 0, 0, 0, 0, 0, 0, 0, 0, 0, 2, 6, 999, 6, 999]
time : 52399.43 (+2862.17 = 0.02 + 2830.71 + 0.00 + 0.00 + 31.43)

170th Add (Sname, S, D) : t[129], 143975776256, 25
Dist : [0, 0, 0, 0, 0, 0, 0, 0, 0, 0, 0, 0, 0, 0, 0, 0, 0, 0, 0, 0, 0, 0, 0, 0, 0, 0, 0, 0, 0, 0, 0, 0, 0, 0, 0, 0, 0, 0, 0, 0, 0, 0, 0, 0, 0, 0, 0, 0, 0, 0, 0, 0, 0, 0, 0, 0, 0, 0, 0, 0, 0, 0, 0, 0, 0, 0, 0, 1, 6, 999, 6, 999]
time : 55440.07 (+3040.63 = 0.02 + 3008.13 + 0.00 + 0.00 + 32.48)

171th Add (Sname, S, D) : t[130], 418989835777, 26
Dist : [0, 0, 0, 0, 0, 0, 0, 0, 0, 0, 0, 0, 0, 0, 0, 0, 0, 0, 0, 0, 0, 0, 0, 0, 0, 0, 0, 0, 0, 0, 0, 0, 0, 0, 0, 0, 0, 0, 0, 0, 0, 0, 0, 0, 0, 0, 0, 0, 0, 0, 0, 0, 0, 0, 0, 0, 0, 0, 0, 0, 0, 0, 0, 0, 0, 0, 0, 0, 6, 999, 6, 999]
time : 55473.22 (+33.15 = 0.00 + 33.15)

172th Add (Sname, S, D) : t[131], 281330843648, 25
Dist : [0, 0, 0, 0, 0, 0, 0, 0, 0, 0, 0, 0, 0, 0, 0, 0, 0, 0, 0, 0, 0, 0, 0, 0, 0, 0, 0, 0, 0, 0, 0, 0, 0, 0, 0, 0, 0, 0, 0, 0, 0, 0, 0, 0, 0, 0, 0, 0, 0, 0, 0, 0, 0, 0, 0, 0, 0, 0, 0, 0, 0, 0, 0, 0, 0, 0, 0, 0, 6, 999, 5, 999]
time : 58638.58 (+3165.36 = 0.02 + 3131.20 + 0.00 + 0.00 + 34.13)

173th Add (Sname, S, D) : t[132], 536970753, 24
Dist : [0, 0, 0, 0, 0, 0, 0, 0, 0, 0, 0, 0, 0, 0, 0, 0, 0, 0, 0, 0, 0, 0, 0, 0, 0, 0, 0, 0, 0, 0, 0, 0, 0, 0, 0, 0, 0, 0, 0, 0, 0, 0, 0, 0, 0, 0, 0, 0, 0, 0, 0, 0, 0, 0, 0, 0, 0, 0, 0, 0, 0, 0, 0, 0, 0, 0, 0, 0, 6, 999, 4, 999]
time : 61732.35 (+3093.77 = 0.02 + 3058.08 + 0.00 + 0.00 + 35.67)

174th Add (Sname, S, D) : t[133], 270091588, 22
Dist : [0, 0, 0, 0, 0, 0, 0, 0, 0, 0, 0, 0, 0, 0, 0, 0, 0, 0, 0, 0, 0, 0, 0, 0, 0, 0, 0, 0, 0, 0, 0, 0, 0, 0, 0, 0, 0, 0, 0, 0, 0, 0, 0, 0, 0, 0, 0, 0, 0, 0, 0, 0, 0, 0, 0, 0, 0, 0, 0, 0, 0, 0, 0, 0, 0, 0, 0, 0, 6, 999, 3, 999]
time : 64885.00 (+3152.64 = 0.03 + 3116.08 + 0.00 + 0.00 + 36.54)

175th Add (Sname, S, D) : t[134], 137713239364, 24
Dist : [0, 0, 0, 0, 0, 0, 0, 0, 0, 0, 0, 0, 0, 0, 0, 0, 0, 0, 0, 0, 0, 0, 0, 0, 0, 0, 0, 0, 0, 0, 0, 0, 0, 0, 0, 0, 0, 0, 0, 0, 0, 0, 0, 0, 0, 0, 0, 0, 0, 0, 0, 0, 0, 0, 0, 0, 0, 0, 0, 0, 0, 0, 0, 0, 0, 0, 0, 0, 6, 7, 2, 999]
time : 68139.56 (+3254.56 = 0.03 + 3232.84 + 0.00 + 0.00 + 21.69)

176th Add (Sname, S, D) : t[135], 138250076997, 25
Dist : [0, 0, 0, 0, 0, 0, 0, 0, 0, 0, 0, 0, 0, 0, 0, 0, 0, 0, 0, 0, 0, 0, 0, 0, 0, 0, 0, 0, 0, 0, 0, 0, 0, 0, 0, 0, 0, 0, 0, 0, 0, 0, 0, 0, 0, 0, 0, 0, 0, 0, 0, 0, 0, 0, 0, 0, 0, 0, 0, 0, 0, 0, 0, 0, 0, 0, 0, 0, 6, 7, 1, 999]
time : 76006.51 (+7866.95 = 0.03 + 7847.48 + 0.00 + 0.00 + 19.45)

177th Add (Sname, S, D) : t[136], 419580920645, 26
Dist : [0, 0, 0, 0, 0, 0, 0, 0, 0, 0, 0, 0, 0, 0, 0, 0, 0, 0, 0, 0, 0, 0, 0, 0, 0, 0, 0, 0, 0, 0, 0, 0, 0, 0, 0, 0, 0, 0, 0, 0, 0, 0, 0, 0, 0, 0, 0, 0, 0, 0, 0, 0, 0, 0, 0, 0, 0, 0, 0, 0, 0, 0, 0, 0, 0, 0, 0, 0, 6, 7, 0, 999]
time : 76026.56 (+20.05 = 0.00 + 20.05)

178th Add (Sname, S, D) : t[137], 279182001548, 25
Dist : [0, 0, 0, 0, 0, 0, 0, 0, 0, 0, 0, 0, 0, 0, 0, 0, 0, 0, 0, 0, 0, 0, 0, 0, 0, 0, 0, 0, 0, 0, 0, 0, 0, 0, 0, 0, 0, 0, 0, 0, 0, 0, 0, 0, 0, 0, 0, 0, 0, 0, 0, 0, 0, 0, 0, 0, 0, 0, 0, 0, 0, 0, 0, 0, 0, 0, 0, 0, 5, 7, 0, 999]
time : 84124.26 (+8097.69 = 0.03 + 8076.76 + 0.00 + 0.00 + 20.90)

