n : 8
m : 8
H : 15
Y : [150, 154, 231, 155, 113, 1, 130, 46, 2, 97, 225, 79, 144, 78, 20, 180, 132, 250, 7024, 49920, 240496, 100000, 231072, 110592, 49920, 92272, 100000, 1048576, 83360, 55408, 110592, 4194304, 9050992, 154, 8614656, 155, 616560, 1, 2490368, 46, 2311584, 97, 345504, 79, 798160, 78, 11279216, 180, 10499744, 250, 9050992, 150, 8614656, 231, 616560, 113, 2490368, 130, 2311584, 99, 345504, 225, 798160, 144, 11279216, 20, 10499744, 132, 1856180846592, 1862673629184, 2051333423104, 1675943215104, 1675490230272, 3097829048320, 1678308802560, 1678661124096]
XORs : {'r[0]': ['x[7]', 'x[1]', 'x[4]', 'x[2]'], 'r[1]': ['x[7]', 'x[4]', 'x[3]', 'x[1]'], 'r[2]': ['x[7]', 'x[2]', 'x[6]', 'x[5]', 'x[1]', 'x[0]'], 'r[3]': ['x[0]', 'x[7]', 'x[4]', 'x[3]', 'x[1]'], 'r[4]': ['x[6]', 'x[5]', 'x[4]', 'x[0]'], 'r[5]': ['x[0]'], 'r[6]': ['x[7]', 'x[1]'], 'r[7]': ['x[3]', 'x[1]', 'x[5]', 'x[2]'], 'r[8]': ['x[1]'], 'r[9]': ['x[0]', 'x[6]', 'x[5]'], 'r[10]': ['x[7]', 'x[6]', 'x[5]', 'x[0]'], 'r[11]': ['x[0]', 'x[6]', 'x[3]', 'x[1]', 'x[2]'], 'r[12]': ['x[7]', 'x[4]'], 'r[13]': ['x[3]', 'x[1]', 'x[6]', 'x[2]'], 'r[14]': ['x[4]', 'x[2]'], 'r[15]': ['x[7]', 'x[4]', 'x[5]', 'x[2]'], 'r[16]': ['x[7]', 'x[2]'], 'r[17]': ['x[6]', 'x[5]', 'x[7]', 'x[4]', 'x[3]', 'x[1]'], 'r[18]': ['g[4]', 'g[3]', 'x[4]', 'x[6]', 'x[5]', 'g[1]', 'g[0]'], 'r[19]': ['g[1]', 'g[7]', 'g[6]', 'g[0]'], 'r[20]': ['g[9]', 'g[5]', 'g[3]', 'g[8]', 'x[5]', 'x[4]', 'x[6]', 'g[1]', 'g[7]', 'g[0]'], 'r[21]': ['g[1]', 'g[7]', 'g[8]', 'g[2]', 'x[7]', 'x[5]'], 'r[22]': ['g[9]', 'g[8]', 'g[2]', 'x[5]', 'x[7]', 'g[1]', 'g[7]'], 'r[23]': ['g[4]', 'g[7]', 'g[5]', 'g[8]'], 'r[24]': ['g[1]', 'g[7]', 'g[6]', 'g[0]'], 'r[25]': ['g[5]', 'g[3]', 'g[8]', 'g[6]', 'x[5]', 'x[4]', 'x[6]'], 'r[26]': ['g[1]', 'g[7]', 'g[8]', 'g[2]', 'x[7]', 'x[5]'], 'r[27]': ['g[12]'], 'r[28]': ['g[8]', 'g[6]', 'g[2]', 'g[0]', 'x[5]', 'x[7]'], 'r[29]': ['g[4]', 'g[7]', 'g[6]', 'g[3]', 'x[4]', 'x[6]', 'x[5]'], 'r[30]': ['g[4]', 'g[7]', 'g[5]', 'g[8]'], 'r[31]': ['g[14]'], 'r[32]': ['g[11]', 'g[15]', 'g[9]', 'g[4]', 'g[3]', 'x[4]', 'x[6]', 'x[5]', 'g[1]', 'g[0]'], 'r[33]': ['x[7]', 'x[4]', 'x[3]', 'x[1]'], 'r[34]': ['g[15]', 'g[9]', 'g[4]', 'g[5]', 'g[8]', 'g[1]', 'g[6]', 'g[0]'], 'r[35]': ['x[0]', 'x[7]', 'x[4]', 'x[3]', 'x[1]'], 'r[36]': ['g[11]', 'g[5]', 'g[3]', 'g[8]', 'g[6]', 'x[5]', 'x[4]', 'x[6]'], 'r[37]': ['x[0]'], 'r[38]': ['g[10]', 'g[13]', 'g[9]'], 'r[39]': ['x[3]', 'x[1]', 'x[5]', 'x[2]'], 'r[40]': ['g[13]', 'g[9]', 'g[8]', 'g[2]', 'x[7]', 'x[5]', 'g[6]', 'g[0]'], 'r[41]': ['x[0]', 'x[6]', 'x[5]'], 'r[42]': ['g[10]', 'g[8]', 'g[6]', 'g[2]', 'g[0]', 'x[5]', 'x[7]'], 'r[43]': ['x[0]', 'x[6]', 'x[3]', 'x[1]', 'x[2]'], 'r[44]': ['g[10]', 'g[11]', 'g[2]', 'g[0]', 'g[5]', 'g[3]', 'x[6]', 'x[7]', 'x[4]'], 'r[45]': ['x[3]', 'x[1]', 'x[6]', 'x[2]'], 'r[46]': ['g[10]', 'g[11]', 'g[13]', 'g[15]', 'g[1]', 'g[4]', 'g[0]', 'g[3]', 'x[4]', 'x[6]', 'x[5]'], 'r[47]': ['x[7]', 'x[4]', 'x[5]', 'x[2]'], 'r[48]': ['g[13]', 'g[15]', 'g[1]', 'g[4]', 'g[2]', 'g[5]', 'x[7]', 'x[5]'], 'r[49]': ['x[6]', 'x[5]', 'x[7]', 'x[4]', 'x[3]', 'x[1]'], 'r[50]': ['g[11]', 'g[15]', 'g[9]', 'g[4]', 'g[3]', 'x[4]', 'x[6]', 'x[5]', 'g[1]', 'g[0]'], 'r[51]': ['x[7]', 'x[1]', 'x[4]', 'x[2]'], 'r[52]': ['g[15]', 'g[9]', 'g[4]', 'g[5]', 'g[8]', 'g[1]', 'g[6]', 'g[0]'], 'r[53]': ['x[7]', 'x[2]', 'x[6]', 'x[5]', 'x[1]', 'x[0]'], 'r[54]': ['g[11]', 'g[5]', 'g[3]', 'g[8]', 'g[6]', 'x[5]', 'x[4]', 'x[6]'], 'r[55]': ['x[6]', 'x[5]', 'x[4]', 'x[0]'], 'r[56]': ['g[10]', 'g[13]', 'g[9]'], 'r[57]': ['x[7]', 'x[1]'], 'r[58]': ['g[13]', 'g[9]', 'g[8]', 'g[2]', 'x[7]', 'x[5]', 'g[6]', 'g[0]'], 'r[59]': ['x[6]', 'x[5]', 'x[1]', 'x[0]'], 'r[60]': ['g[10]', 'g[8]', 'g[6]', 'g[2]', 'g[0]', 'x[5]', 'x[7]'], 'r[61]': ['x[7]', 'x[6]', 'x[5]', 'x[0]'], 'r[62]': ['g[10]', 'g[11]', 'g[2]', 'g[0]', 'g[5]', 'g[3]', 'x[6]', 'x[7]', 'x[4]'], 'r[63]': ['x[7]', 'x[4]'], 'r[64]': ['g[10]', 'g[11]', 'g[13]', 'g[15]', 'g[1]', 'g[4]', 'g[0]', 'g[3]', 'x[4]', 'x[6]', 'x[5]'], 'r[65]': ['x[4]', 'x[2]'], 'r[66]': ['g[13]', 'g[15]', 'g[1]', 'g[4]', 'g[2]', 'g[5]', 'x[7]', 'x[5]'], 'r[67]': ['x[7]', 'x[2]'], 'y[7]': ['g[32]', 'g[19]', 'g[31]', 'g[25]', 'g[22]', 'g[23]', 'g[20]', 'g[26]'], 'y[6]': ['g[26]', 'g[31]', 'g[32]', 'g[16]', 'g[22]', 'g[23]', 'g[17]', 'g[25]'], 'y[5]': ['g[33]', 'g[24]', 'g[28]', 'g[30]', 'g[22]', 'g[31]', 'g[16]', 'g[18]'], 'y[4]': ['g[32]', 'g[19]', 'g[31]', 'g[20]', 'g[26]', 'g[16]', 'g[17]', 'g[25]'], 'y[3]': ['g[31]', 'g[32]', 'g[20]', 'g[26]', 'g[17]', 'g[25]', 'g[18]', 'g[21]'], 'y[2]': ['g[32]', 'g[23]', 'g[30]', 'g[27]', 'g[19]', 'g[31]', 'g[24]', 'g[28]', 'g[16]', 'g[18]', 'g[20]', 'g[26]'], 'y[1]': ['g[20]', 'g[31]', 'g[32]', 'g[21]', 'g[29]', 'g[23]', 'g[24]', 'g[28]'], 'y[0]': ['g[32]', 'g[19]', 'g[31]', 'g[28]', 'g[16]', 'g[18]', 'g[21]', 'g[29]']}
HY : [3, 3, 3, 3, 5, 0, 1, 3, 0, 2, 3, 3, 1, 2, 1, 3, 1, 3, 6, 6, 8, 7, 8, 8, 6, 6, 7, 7, 7, 7, 8, 8, 11, 3, 10, 3, 10, 0, 10, 3, 10, 2, 10, 3, 11, 2, 11, 3, 10, 3, 11, 3, 10, 3, 10, 5, 10, 1, 10, 12, 10, 3, 11, 1, 11, 1, 10, 1, 15, 15, 15, 15, 15, 15, 15, 15]
sbp_pool_size : 2

Dist : [3, 3, 5, 4, 3, 0, 1, 3, 0, 2, 3, 4, 1, 3, 1, 3, 1, 5, 999, 999, 999, 999, 999, 999, 999, 999, 999, 999, 999, 999, 999, 999, 999, 3, 999, 4, 999, 0, 999, 3, 999, 2, 999, 4, 999, 3, 999, 3, 999, 5, 999, 3, 999, 5, 999, 3, 999, 1, 999, 3, 999, 3, 999, 1, 999, 1, 999, 1, 999, 999, 999, 999, 999, 999, 999, 999]
time : 0.01 (+0.01)

9th Add (Sname, S, D) : t[0], 130, 1
Dist : [2, 2, 4, 3, 3, 0, 0, 3, 0, 2, 3, 4, 1, 3, 1, 3, 1, 4, 999, 999, 999, 999, 999, 999, 999, 999, 999, 999, 999, 999, 999, 999, 999, 2, 999, 3, 999, 0, 999, 3, 999, 2, 999, 4, 999, 3, 999, 3, 999, 4, 999, 2, 999, 4, 999, 3, 999, 0, 999, 3, 999, 3, 999, 1, 999, 1, 999, 1, 999, 999, 999, 999, 999, 999, 999, 999]
time : 0.01 (+0.01 = 0.00 + 0.00)

10th Add (Sname, S, D) : t[1], 144, 1
Dist : [2, 2, 4, 3, 3, 0, 0, 3, 0, 2, 3, 4, 0, 3, 1, 2, 1, 4, 999, 999, 999, 999, 999, 999, 999, 999, 999, 999, 999, 999, 999, 999, 999, 2, 999, 3, 999, 0, 999, 3, 999, 2, 999, 4, 999, 3, 999, 2, 999, 4, 999, 2, 999, 4, 999, 3, 999, 0, 999, 3, 999, 3, 999, 0, 999, 1, 999, 1, 999, 999, 999, 999, 999, 999, 999, 999]
time : 0.01 (+0.00 = 0.00 + 0.00)

11th Add (Sname, S, D) : t[2], 20, 1
Dist : [1, 2, 4, 3, 3, 0, 0, 3, 0, 2, 3, 4, 0, 3, 0, 2, 1, 4, 999, 999, 999, 999, 999, 999, 999, 999, 999, 999, 999, 999, 999, 999, 999, 2, 999, 3, 999, 0, 999, 3, 999, 2, 999, 4, 999, 3, 999, 2, 999, 4, 999, 1, 999, 4, 999, 3, 999, 0, 999, 3, 999, 3, 999, 0, 999, 0, 999, 1, 999, 999, 999, 999, 999, 999, 999, 999]
time : 0.01 (+0.00 = 0.00 + 0.00)

12th Add (Sname, S, D) : t[3], 150, 2
Dist : [0, 2, 4, 3, 3, 0, 0, 3, 0, 2, 3, 4, 0, 3, 0, 2, 1, 4, 999, 999, 999, 999, 999, 999, 999, 999, 999, 999, 999, 999, 999, 999, 999, 2, 999, 3, 999, 0, 999, 3, 999, 2, 999, 4, 999, 3, 999, 2, 999, 4, 999, 0, 999, 4, 999, 3, 999, 0, 999, 3, 999, 3, 999, 0, 999, 0, 999, 1, 999, 999, 999, 999, 999, 999, 999, 999]
time : 0.01 (+0.00 = 0.00 + 0.00)

13th Add (Sname, S, D) : t[4], 132, 1
Dist : [0, 2, 4, 3, 3, 0, 0, 3, 0, 2, 3, 4, 0, 3, 0, 2, 0, 4, 999, 999, 999, 999, 999, 999, 999, 999, 999, 999, 999, 999, 999, 999, 999, 2, 999, 3, 999, 0, 999, 3, 999, 2, 999, 4, 999, 3, 999, 2, 999, 4, 999, 0, 999, 4, 999, 3, 999, 0, 999, 3, 999, 3, 999, 0, 999, 0, 999, 0, 999, 999, 999, 999, 999, 999, 999, 999]
time : 0.01 (+0.00 = 0.00 + 0.00)

14th Add (Sname, S, D) : t[5], 12, 1
Dist : [0, 1, 4, 2, 3, 0, 0, 2, 0, 2, 3, 3, 0, 2, 0, 2, 0, 3, 999, 999, 999, 999, 999, 999, 999, 999, 999, 999, 999, 999, 999, 999, 999, 1, 999, 2, 999, 0, 999, 2, 999, 2, 999, 3, 999, 2, 999, 2, 999, 3, 999, 0, 999, 4, 999, 3, 999, 0, 999, 3, 999, 3, 999, 0, 999, 0, 999, 0, 999, 999, 999, 999, 999, 999, 999, 999]
time : 0.01 (+0.01 = 0.00 + 0.00 + 0.00 + 0.00 + 0.00)

15th Add (Sname, S, D) : t[6], 154, 3
Dist : [0, 0, 4, 2, 3, 0, 0, 2, 0, 2, 3, 3, 0, 2, 0, 2, 0, 3, 999, 999, 999, 999, 999, 999, 999, 999, 999, 999, 999, 999, 999, 999, 999, 0, 999, 2, 999, 0, 999, 2, 999, 2, 999, 3, 999, 2, 999, 2, 999, 3, 999, 0, 999, 4, 999, 3, 999, 0, 999, 3, 999, 3, 999, 0, 999, 0, 999, 0, 999, 999, 999, 999, 999, 999, 999, 999]
time : 0.02 (+0.00 = 0.00 + 0.00)

16th Add (Sname, S, D) : g[0], 256, 4
Dist : [0, 0, 4, 2, 3, 0, 0, 2, 0, 2, 3, 3, 0, 2, 0, 2, 0, 3, 999, 999, 999, 999, 999, 999, 999, 999, 999, 999, 999, 999, 999, 999, 999, 0, 999, 2, 999, 0, 999, 2, 999, 2, 999, 3, 999, 2, 999, 2, 999, 3, 999, 0, 999, 4, 999, 3, 999, 0, 999, 3, 999, 3, 999, 0, 999, 0, 999, 0, 999, 999, 999, 999, 999, 999, 999, 999]
time : 0.02 (+0.00 = 0.00 + 0.00)

17th Add (Sname, S, D) : t[7], 96, 1
Dist : [0, 0, 3, 2, 2, 0, 0, 2, 0, 1, 2, 3, 0, 2, 0, 2, 0, 2, 999, 999, 999, 999, 999, 999, 999, 999, 999, 999, 999, 999, 999, 999, 999, 0, 999, 2, 999, 0, 999, 2, 999, 1, 999, 3, 999, 2, 999, 2, 999, 2, 999, 0, 999, 3, 999, 2, 999, 0, 999, 2, 999, 2, 999, 0, 999, 0, 999, 0, 999, 999, 999, 999, 999, 999, 999, 999]
time : 0.02 (+0.01 = 0.00 + 0.01 + 0.00 + 0.00 + 0.00)

18th Add (Sname, S, D) : t[8], 97, 2
Dist : [0, 0, 2, 2, 1, 0, 0, 2, 0, 0, 1, 3, 0, 2, 0, 2, 0, 2, 999, 999, 999, 999, 999, 999, 999, 999, 999, 999, 999, 999, 999, 999, 999, 0, 999, 2, 999, 0, 999, 2, 999, 0, 999, 3, 999, 2, 999, 2, 999, 2, 999, 0, 999, 2, 999, 1, 999, 0, 999, 1, 999, 1, 999, 0, 999, 0, 999, 0, 999, 999, 999, 999, 999, 999, 999, 999]
time : 0.03 (+0.00 = 0.00 + 0.00)

19th Add (Sname, S, D) : g[4], 4096, 3
Dist : [0, 0, 2, 2, 1, 0, 0, 2, 0, 0, 1, 3, 0, 2, 0, 2, 0, 2, 999, 999, 999, 999, 999, 999, 999, 999, 999, 999, 999, 999, 999, 999, 999, 0, 999, 2, 999, 0, 999, 2, 999, 0, 999, 3, 999, 2, 999, 2, 999, 2, 999, 0, 999, 2, 999, 1, 999, 0, 999, 1, 999, 1, 999, 0, 999, 0, 999, 0, 999, 999, 999, 999, 999, 999, 999, 999]
time : 0.03 (+0.00 = 0.00 + 0.00)

20th Add (Sname, S, D) : t[9], 113, 3
Dist : [0, 0, 2, 2, 0, 0, 0, 2, 0, 0, 1, 3, 0, 2, 0, 2, 0, 2, 999, 999, 999, 999, 999, 999, 999, 999, 999, 999, 999, 999, 999, 999, 999, 0, 999, 2, 999, 0, 999, 2, 999, 0, 999, 3, 999, 2, 999, 2, 999, 2, 999, 0, 999, 2, 999, 0, 999, 0, 999, 1, 999, 1, 999, 0, 999, 0, 999, 0, 999, 999, 999, 999, 999, 999, 999, 999]
time : 0.03 (+0.00 = 0.00 + 0.00)

21th Add (Sname, S, D) : g[2], 1024, 4
Dist : [0, 0, 2, 2, 0, 0, 0, 2, 0, 0, 1, 3, 0, 2, 0, 2, 0, 2, 999, 999, 999, 999, 999, 999, 999, 999, 999, 999, 999, 999, 999, 999, 999, 0, 999, 2, 999, 0, 999, 2, 999, 0, 999, 3, 999, 2, 999, 2, 999, 2, 999, 0, 999, 2, 999, 0, 999, 0, 999, 1, 999, 1, 999, 0, 999, 0, 999, 0, 999, 999, 999, 999, 999, 999, 999, 999]
time : 0.03 (+0.00 = 0.00 + 0.00)

22th Add (Sname, S, D) : t[10], 225, 3
Dist : [0, 0, 2, 2, 0, 0, 0, 2, 0, 0, 0, 3, 0, 2, 0, 2, 0, 2, 999, 999, 999, 999, 999, 999, 999, 999, 999, 999, 999, 999, 999, 999, 999, 0, 999, 2, 999, 0, 999, 2, 999, 0, 999, 3, 999, 2, 999, 2, 999, 2, 999, 0, 999, 2, 999, 0, 999, 0, 999, 1, 999, 0, 999, 0, 999, 0, 999, 0, 999, 999, 999, 999, 999, 999, 999, 999]
time : 0.03 (+0.00 = 0.00 + 0.00)

23th Add (Sname, S, D) : t[11], 99, 3
Dist : [0, 0, 2, 2, 0, 0, 0, 2, 0, 0, 0, 3, 0, 2, 0, 2, 0, 2, 999, 999, 999, 999, 999, 999, 999, 999, 999, 999, 999, 999, 999, 999, 999, 0, 999, 2, 999, 0, 999, 2, 999, 0, 999, 3, 999, 2, 999, 2, 999, 2, 999, 0, 999, 2, 999, 0, 999, 0, 999, 0, 999, 0, 999, 0, 999, 0, 999, 0, 999, 999, 999, 999, 999, 999, 999, 999]
time : 0.03 (+0.00 = 0.00 + 0.00)

24th Add (Sname, S, D) : t[12], 34, 1
Dist : [0, 0, 2, 2, 0, 0, 0, 1, 0, 0, 0, 2, 0, 2, 0, 1, 0, 2, 999, 999, 999, 999, 999, 999, 999, 999, 999, 999, 999, 999, 999, 999, 999, 0, 999, 2, 999, 0, 999, 1, 999, 0, 999, 2, 999, 2, 999, 1, 999, 2, 999, 0, 999, 2, 999, 0, 999, 0, 999, 0, 999, 0, 999, 0, 999, 0, 999, 0, 999, 999, 999, 999, 999, 999, 999, 999]
time : 0.06 (+0.04 = 0.00 + 0.03 + 0.00 + 0.00 + 0.00)

25th Add (Sname, S, D) : t[13], 46, 2
Dist : [0, 0, 2, 2, 0, 0, 0, 0, 0, 0, 0, 1, 0, 2, 0, 1, 0, 2, 999, 999, 999, 999, 999, 999, 999, 999, 999, 999, 999, 999, 999, 999, 999, 0, 999, 2, 999, 0, 999, 0, 999, 0, 999, 1, 999, 2, 999, 1, 999, 2, 999, 0, 999, 2, 999, 0, 999, 0, 999, 0, 999, 0, 999, 0, 999, 0, 999, 0, 999, 999, 999, 999, 999, 999, 999, 999]
time : 0.06 (+0.00 = 0.00 + 0.00)

26th Add (Sname, S, D) : g[3], 2048, 3
Dist : [0, 0, 2, 2, 0, 0, 0, 0, 0, 0, 0, 1, 0, 2, 0, 1, 0, 2, 999, 999, 999, 999, 999, 999, 999, 999, 999, 999, 999, 999, 999, 999, 999, 0, 999, 2, 999, 0, 999, 0, 999, 0, 999, 1, 999, 2, 999, 1, 999, 2, 999, 0, 999, 2, 999, 0, 999, 0, 999, 0, 999, 0, 999, 0, 999, 0, 999, 0, 999, 999, 999, 999, 999, 999, 999, 999]
time : 0.06 (+0.00 = 0.00 + 0.00)

27th Add (Sname, S, D) : t[14], 79, 3
Dist : [0, 0, 2, 2, 0, 0, 0, 0, 0, 0, 0, 0, 0, 2, 0, 1, 0, 2, 999, 999, 999, 999, 999, 999, 999, 999, 999, 999, 999, 999, 999, 999, 999, 0, 999, 2, 999, 0, 999, 0, 999, 0, 999, 0, 999, 2, 999, 1, 999, 2, 999, 0, 999, 2, 999, 0, 999, 0, 999, 0, 999, 0, 999, 0, 999, 0, 999, 0, 999, 999, 999, 999, 999, 999, 999, 999]
time : 0.06 (+0.00 = 0.00 + 0.00)

28th Add (Sname, S, D) : g[5], 8192, 4
Dist : [0, 0, 2, 2, 0, 0, 0, 0, 0, 0, 0, 0, 0, 2, 0, 1, 0, 2, 999, 999, 999, 999, 999, 999, 999, 999, 999, 999, 999, 999, 999, 999, 999, 0, 999, 2, 999, 0, 999, 0, 999, 0, 999, 0, 999, 2, 999, 1, 999, 2, 999, 0, 999, 2, 999, 0, 999, 0, 999, 0, 999, 0, 999, 0, 999, 0, 999, 0, 999, 999, 999, 999, 999, 999, 999, 999]
time : 0.07 (+0.00 = 0.00 + 0.00)

29th Add (Sname, S, D) : t[15], 180, 3
Dist : [0, 0, 2, 2, 0, 0, 0, 0, 0, 0, 0, 0, 0, 2, 0, 0, 0, 2, 999, 999, 999, 999, 999, 999, 999, 999, 999, 999, 999, 999, 999, 999, 999, 0, 999, 2, 999, 0, 999, 0, 999, 0, 999, 0, 999, 2, 999, 0, 999, 2, 999, 0, 999, 2, 999, 0, 999, 0, 999, 0, 999, 0, 999, 0, 999, 0, 999, 0, 999, 999, 999, 999, 999, 999, 999, 999]
time : 0.07 (+0.00 = 0.00 + 0.00)

30th Add (Sname, S, D) : g[7], 32768, 4
Dist : [0, 0, 2, 2, 0, 0, 0, 0, 0, 0, 0, 0, 0, 2, 0, 0, 0, 2, 999, 999, 999, 999, 999, 999, 999, 999, 999, 999, 999, 999, 999, 999, 999, 0, 999, 2, 999, 0, 999, 0, 999, 0, 999, 0, 999, 2, 999, 0, 999, 2, 999, 0, 999, 2, 999, 0, 999, 0, 999, 0, 999, 0, 999, 0, 999, 0, 999, 0, 999, 999, 999, 999, 999, 999, 999, 999]
time : 0.07 (+0.00 = 0.00 + 0.00)

31th Add (Sname, S, D) : t[16], 134, 2
Dist : [0, 0, 1, 2, 0, 0, 0, 0, 0, 0, 0, 0, 0, 2, 0, 0, 0, 2, 999, 999, 999, 999, 999, 999, 999, 999, 999, 999, 999, 999, 999, 999, 999, 0, 999, 2, 999, 0, 999, 0, 999, 0, 999, 0, 999, 2, 999, 0, 999, 2, 999, 0, 999, 1, 999, 0, 999, 0, 999, 0, 999, 0, 999, 0, 999, 0, 999, 0, 999, 999, 999, 999, 999, 999, 999, 999]
time : 0.18 (+0.12 = 0.00 + 0.12 + 0.00 + 0.00 + 0.00)

32th Add (Sname, S, D) : t[17], 231, 3
Dist : [0, 0, 0, 2, 0, 0, 0, 0, 0, 0, 0, 0, 0, 2, 0, 0, 0, 2, 999, 999, 999, 999, 999, 999, 999, 999, 999, 999, 999, 999, 999, 999, 999, 0, 999, 2, 999, 0, 999, 0, 999, 0, 999, 0, 999, 2, 999, 0, 999, 2, 999, 0, 999, 0, 999, 0, 999, 0, 999, 0, 999, 0, 999, 0, 999, 0, 999, 0, 999, 999, 999, 999, 999, 999, 999, 999]
time : 0.19 (+0.00 = 0.00 + 0.00)

33th Add (Sname, S, D) : t[18], 108, 2
Dist : [0, 0, 0, 2, 0, 0, 0, 0, 0, 0, 0, 0, 0, 2, 0, 0, 0, 1, 999, 999, 999, 999, 999, 999, 999, 999, 999, 999, 999, 999, 999, 999, 999, 0, 999, 2, 999, 0, 999, 0, 999, 0, 999, 0, 999, 2, 999, 0, 999, 1, 999, 0, 999, 0, 999, 0, 999, 0, 999, 0, 999, 0, 999, 0, 999, 0, 999, 0, 999, 999, 999, 999, 999, 999, 999, 999]
time : 0.32 (+0.13 = 0.00 + 0.13 + 0.00 + 0.00 + 0.00)

34th Add (Sname, S, D) : t[19], 250, 3
Dist : [0, 0, 0, 2, 0, 0, 0, 0, 0, 0, 0, 0, 0, 2, 0, 0, 0, 0, 999, 999, 999, 999, 999, 999, 999, 999, 999, 999, 999, 999, 999, 999, 999, 0, 999, 2, 999, 0, 999, 0, 999, 0, 999, 0, 999, 2, 999, 0, 999, 0, 999, 0, 999, 0, 999, 0, 999, 0, 999, 0, 999, 0, 999, 0, 999, 0, 999, 0, 999, 999, 999, 999, 999, 999, 999, 999]
time : 0.32 (+0.00 = 0.00 + 0.00)

35th Add (Sname, S, D) : g[8], 65536, 4
Dist : [0, 0, 0, 2, 0, 0, 0, 0, 0, 0, 0, 0, 0, 2, 0, 0, 0, 0, 999, 999, 999, 999, 999, 3, 999, 999, 999, 999, 999, 999, 3, 999, 999, 0, 999, 2, 999, 0, 999, 0, 999, 0, 999, 0, 999, 2, 999, 0, 999, 0, 999, 0, 999, 0, 999, 0, 999, 0, 999, 0, 999, 0, 999, 0, 999, 0, 999, 0, 999, 999, 999, 999, 999, 999, 999, 999]
time : 0.32 (+0.00 = 0.00 + 0.00)

36th Add (Sname, S, D) : t[20], 66, 1
Dist : [0, 0, 0, 2, 0, 0, 0, 0, 0, 0, 0, 0, 0, 1, 0, 0, 0, 0, 999, 999, 999, 999, 999, 3, 999, 999, 999, 999, 999, 999, 3, 999, 999, 0, 999, 2, 999, 0, 999, 0, 999, 0, 999, 0, 999, 1, 999, 0, 999, 0, 999, 0, 999, 0, 999, 0, 999, 0, 999, 0, 999, 0, 999, 0, 999, 0, 999, 0, 999, 999, 999, 999, 999, 999, 999, 999]
time : 0.52 (+0.20 = 0.00 + 0.19 + 0.00 + 0.00 + 0.00)

37th Add (Sname, S, D) : t[21], 78, 2
Dist : [0, 0, 0, 2, 0, 0, 0, 0, 0, 0, 0, 0, 0, 0, 0, 0, 0, 0, 999, 999, 999, 999, 999, 3, 999, 999, 999, 999, 999, 999, 3, 999, 999, 0, 999, 2, 999, 0, 999, 0, 999, 0, 999, 0, 999, 0, 999, 0, 999, 0, 999, 0, 999, 0, 999, 0, 999, 0, 999, 0, 999, 0, 999, 0, 999, 0, 999, 0, 999, 999, 999, 999, 999, 999, 999, 999]
time : 0.52 (+0.00 = 0.00 + 0.00)

38th Add (Sname, S, D) : g[6], 16384, 3
Dist : [0, 0, 0, 2, 0, 0, 0, 0, 0, 0, 0, 0, 0, 0, 0, 0, 0, 0, 999, 999, 999, 999, 999, 3, 999, 5, 999, 999, 5, 5, 3, 999, 999, 0, 999, 2, 999, 0, 999, 0, 999, 0, 999, 0, 999, 0, 999, 0, 999, 0, 999, 0, 999, 0, 999, 0, 999, 0, 999, 0, 999, 0, 999, 0, 999, 0, 999, 0, 999, 999, 999, 999, 999, 999, 999, 999]
time : 0.52 (+0.00 = 0.00 + 0.00)

39th Add (Sname, S, D) : t[22], 36864, 5
Dist : [0, 0, 0, 2, 0, 0, 0, 0, 0, 0, 0, 0, 0, 0, 0, 0, 0, 0, 999, 999, 999, 999, 999, 2, 999, 5, 999, 999, 5, 4, 2, 999, 999, 0, 999, 2, 999, 0, 999, 0, 999, 0, 999, 0, 999, 0, 999, 0, 999, 0, 999, 0, 999, 0, 999, 0, 999, 0, 999, 0, 999, 0, 999, 0, 999, 0, 999, 0, 999, 999, 999, 999, 999, 999, 999, 999]
time : 0.85 (+0.33 = 0.00 + 0.33 + 0.00 + 0.00 + 0.00)

40th Add (Sname, S, D) : t[23], 73728, 5
Dist : [0, 0, 0, 2, 0, 0, 0, 0, 0, 0, 0, 0, 0, 0, 0, 0, 0, 0, 999, 999, 999, 999, 999, 1, 999, 4, 999, 999, 5, 4, 1, 999, 999, 0, 999, 2, 999, 0, 999, 0, 999, 0, 999, 0, 999, 0, 999, 0, 999, 0, 999, 0, 999, 0, 999, 0, 999, 0, 999, 0, 999, 0, 999, 0, 999, 0, 999, 0, 999, 999, 999, 999, 999, 999, 999, 999]
time : 1.21 (+0.36 = 0.00 + 0.36 + 0.00 + 0.00 + 0.00)

41th Add (Sname, S, D) : t[24], 110592, 6
Dist : [0, 0, 0, 2, 0, 0, 0, 0, 0, 0, 0, 0, 0, 0, 0, 0, 0, 0, 999, 999, 999, 999, 999, 0, 999, 4, 999, 999, 5, 4, 0, 999, 999, 0, 999, 2, 999, 0, 999, 0, 999, 0, 999, 0, 999, 0, 999, 0, 999, 0, 999, 0, 999, 0, 999, 0, 999, 0, 999, 0, 999, 0, 999, 0, 999, 0, 999, 0, 999, 999, 999, 999, 999, 999, 999, 999]
time : 1.22 (+0.00 = 0.00 + 0.00)

42th Add (Sname, S, D) : t[25], 13, 2
Dist : [0, 0, 0, 1, 0, 0, 0, 0, 0, 0, 0, 0, 0, 0, 0, 0, 0, 0, 999, 999, 999, 999, 999, 0, 999, 4, 999, 999, 5, 4, 0, 999, 999, 0, 999, 1, 999, 0, 999, 0, 999, 0, 999, 0, 999, 0, 999, 0, 999, 0, 999, 0, 999, 0, 999, 0, 999, 0, 999, 0, 999, 0, 999, 0, 999, 0, 999, 0, 999, 999, 999, 999, 999, 999, 999, 999]
time : 1.69 (+0.48 = 0.00 + 0.47 + 0.00 + 0.00 + 0.00)

43th Add (Sname, S, D) : t[26], 155, 3
Dist : [0, 0, 0, 0, 0, 0, 0, 0, 0, 0, 0, 0, 0, 0, 0, 0, 0, 0, 999, 999, 999, 999, 999, 0, 999, 4, 999, 999, 5, 4, 0, 999, 999, 0, 999, 0, 999, 0, 999, 0, 999, 0, 999, 0, 999, 0, 999, 0, 999, 0, 999, 0, 999, 0, 999, 0, 999, 0, 999, 0, 999, 0, 999, 0, 999, 0, 999, 0, 999, 999, 999, 999, 999, 999, 999, 999]
time : 1.70 (+0.00 = 0.00 + 0.00)

44th Add (Sname, S, D) : g[1], 512, 4
Dist : [0, 0, 0, 0, 0, 0, 0, 0, 0, 0, 0, 0, 0, 0, 0, 0, 0, 0, 5, 3, 999, 5, 999, 0, 3, 4, 5, 999, 5, 4, 0, 999, 999, 0, 999, 0, 999, 0, 999, 0, 999, 0, 999, 0, 999, 0, 999, 0, 999, 0, 999, 0, 999, 0, 999, 0, 999, 0, 999, 0, 999, 0, 999, 0, 999, 0, 999, 0, 999, 999, 999, 999, 999, 999, 999, 999]
time : 1.70 (+0.00 = 0.00 + 0.00)

45th Add (Sname, S, D) : t[27], 33280, 5
Dist : [0, 0, 0, 0, 0, 0, 0, 0, 0, 0, 0, 0, 0, 0, 0, 0, 0, 0, 5, 2, 999, 4, 999, 0, 2, 4, 4, 999, 5, 4, 0, 999, 999, 0, 999, 0, 999, 0, 999, 0, 999, 0, 999, 0, 999, 0, 999, 0, 999, 0, 999, 0, 999, 0, 999, 0, 999, 0, 999, 0, 999, 0, 999, 0, 999, 0, 999, 0, 999, 999, 999, 999, 999, 999, 999, 999]
time : 2.37 (+0.68 = 0.00 + 0.67 + 0.00 + 0.00 + 0.00)

46th Add (Sname, S, D) : t[28], 16640, 5
Dist : [0, 0, 0, 0, 0, 0, 0, 0, 0, 0, 0, 0, 0, 0, 0, 0, 0, 0, 5, 1, 999, 4, 999, 0, 1, 4, 4, 999, 4, 4, 0, 999, 999, 0, 999, 0, 999, 0, 999, 0, 999, 0, 999, 0, 999, 0, 999, 0, 999, 0, 999, 0, 999, 0, 999, 0, 999, 0, 999, 0, 999, 0, 999, 0, 999, 0, 999, 0, 999, 999, 999, 999, 999, 999, 999, 999]
time : 3.17 (+0.79 = 0.00 + 0.79 + 0.00 + 0.00 + 0.00)

47th Add (Sname, S, D) : t[29], 49920, 6
Dist : [0, 0, 0, 0, 0, 0, 0, 0, 0, 0, 0, 0, 0, 0, 0, 0, 0, 0, 5, 0, 999, 4, 999, 0, 0, 4, 4, 999, 4, 4, 0, 999, 999, 0, 999, 0, 999, 0, 999, 0, 999, 0, 999, 0, 999, 0, 999, 0, 999, 0, 999, 0, 999, 0, 999, 0, 999, 0, 999, 0, 999, 0, 999, 0, 999, 0, 999, 0, 999, 999, 999, 999, 999, 999, 999, 999]
time : 3.17 (+0.00 = 0.00 + 0.00)

48th Add (Sname, S, D) : t[30], 65570, 5
Dist : [0, 0, 0, 0, 0, 0, 0, 0, 0, 0, 0, 0, 0, 0, 0, 0, 0, 0, 5, 0, 999, 3, 999, 0, 0, 4, 3, 999, 3, 4, 0, 999, 999, 0, 999, 0, 999, 0, 999, 0, 999, 0, 999, 0, 999, 0, 999, 0, 999, 0, 999, 0, 999, 0, 999, 0, 999, 0, 999, 0, 999, 0, 999, 0, 999, 0, 999, 0, 999, 999, 999, 999, 999, 999, 999, 999]
time : 4.20 (+1.03 = 0.00 + 1.03 + 0.00 + 0.00 + 0.00)

49th Add (Sname, S, D) : t[31], 65696, 6
Dist : [0, 0, 0, 0, 0, 0, 0, 0, 0, 0, 0, 0, 0, 0, 0, 0, 0, 0, 5, 0, 999, 2, 999, 0, 0, 4, 2, 999, 2, 4, 0, 999, 999, 0, 999, 0, 999, 0, 999, 0, 999, 0, 999, 0, 999, 0, 999, 0, 999, 0, 999, 0, 999, 0, 999, 0, 999, 0, 999, 0, 999, 0, 999, 0, 999, 0, 999, 0, 999, 999, 999, 999, 999, 999, 999, 999]
time : 5.32 (+1.12 = 0.00 + 1.11 + 0.00 + 0.00 + 0.00)

50th Add (Sname, S, D) : t[32], 2144, 4
Dist : [0, 0, 0, 0, 0, 0, 0, 0, 0, 0, 0, 0, 0, 0, 0, 0, 0, 0, 4, 0, 999, 2, 999, 0, 0, 3, 2, 999, 2, 3, 0, 999, 999, 0, 999, 0, 999, 0, 999, 0, 999, 0, 999, 0, 999, 0, 999, 0, 999, 0, 999, 0, 999, 0, 999, 0, 999, 0, 999, 0, 999, 0, 999, 0, 999, 0, 999, 0, 999, 999, 999, 999, 999, 999, 999, 999]
time : 6.57 (+1.25 = 0.00 + 1.24 + 0.00 + 0.00 + 0.00)

51th Add (Sname, S, D) : t[33], 34304, 6
Dist : [0, 0, 0, 0, 0, 0, 0, 0, 0, 0, 0, 0, 0, 0, 0, 0, 0, 0, 4, 0, 999, 1, 999, 0, 0, 3, 1, 999, 2, 3, 0, 999, 999, 0, 999, 0, 999, 0, 999, 0, 999, 0, 999, 0, 999, 0, 999, 0, 999, 0, 999, 0, 999, 0, 999, 0, 999, 0, 999, 0, 999, 0, 999, 0, 999, 0, 999, 0, 999, 999, 999, 999, 999, 999, 999, 999]
time : 7.85 (+1.28 = 0.00 + 1.27 + 0.00 + 0.00 + 0.00)

52th Add (Sname, S, D) : t[34], 100000, 7
Dist : [0, 0, 0, 0, 0, 0, 0, 0, 0, 0, 0, 0, 0, 0, 0, 0, 0, 0, 4, 0, 999, 0, 999, 0, 0, 3, 0, 999, 2, 3, 0, 999, 999, 0, 999, 0, 999, 0, 999, 0, 999, 0, 999, 0, 999, 0, 999, 0, 999, 0, 999, 0, 999, 0, 999, 0, 999, 0, 999, 0, 999, 0, 999, 0, 999, 0, 999, 0, 999, 999, 999, 999, 999, 999, 999, 999]
time : 7.85 (+0.00 = 0.00 + 0.00)

53th Add (Sname, S, D) : t[35], 16400, 4
Dist : [0, 0, 0, 0, 0, 0, 0, 0, 0, 0, 0, 0, 0, 0, 0, 0, 0, 0, 4, 0, 999, 0, 999, 0, 0, 2, 0, 999, 2, 2, 0, 999, 999, 0, 999, 0, 999, 0, 999, 0, 999, 0, 999, 0, 999, 0, 999, 0, 999, 0, 999, 0, 999, 0, 999, 0, 999, 0, 999, 0, 999, 0, 999, 0, 999, 0, 999, 0, 999, 999, 999, 999, 999, 999, 999, 999]
time : 9.41 (+1.56 = 0.00 + 1.55 + 0.00 + 0.00 + 0.01)

54th Add (Sname, S, D) : t[36], 18544, 5
Dist : [0, 0, 0, 0, 0, 0, 0, 0, 0, 0, 0, 0, 0, 0, 0, 0, 0, 0, 4, 0, 999, 0, 999, 0, 0, 1, 0, 999, 2, 1, 0, 999, 999, 0, 999, 0, 999, 0, 999, 0, 999, 0, 999, 0, 999, 0, 999, 0, 999, 0, 999, 0, 999, 0, 999, 0, 999, 0, 999, 0, 999, 0, 999, 0, 999, 0, 999, 0, 999, 999, 999, 999, 999, 999, 999, 999]
time : 11.43 (+2.03 = 0.00 + 2.02 + 0.00 + 0.00 + 0.01)

55th Add (Sname, S, D) : t[37], 92272, 6
Dist : [0, 0, 0, 0, 0, 0, 0, 0, 0, 0, 0, 0, 0, 0, 0, 0, 0, 0, 4, 0, 999, 0, 999, 0, 0, 0, 0, 999, 2, 1, 0, 999, 999, 0, 999, 0, 999, 0, 999, 0, 999, 0, 999, 0, 999, 0, 999, 0, 999, 0, 999, 0, 999, 0, 999, 0, 999, 0, 999, 0, 999, 0, 999, 0, 999, 0, 999, 0, 999, 999, 999, 999, 999, 999, 999, 999]
time : 11.44 (+0.01 = 0.00 + 0.01)

56th Add (Sname, S, D) : g[12], 1048576, 7
Dist : [0, 0, 0, 0, 0, 0, 0, 0, 0, 0, 0, 0, 0, 0, 0, 0, 0, 0, 4, 0, 999, 0, 999, 0, 0, 0, 0, 0, 2, 1, 0, 999, 999, 0, 999, 0, 999, 0, 999, 0, 999, 0, 999, 0, 999, 0, 999, 0, 999, 0, 999, 0, 999, 0, 999, 0, 999, 0, 999, 0, 999, 0, 999, 0, 999, 0, 999, 0, 999, 999, 999, 999, 999, 999, 999, 999]
time : 11.45 (+0.01 = 0.00 + 0.01)

57th Add (Sname, S, D) : g[13], 2097152, 8
Dist : [0, 0, 0, 0, 0, 0, 0, 0, 0, 0, 0, 0, 0, 0, 0, 0, 0, 0, 4, 0, 999, 0, 999, 0, 0, 0, 0, 0, 2, 1, 0, 999, 999, 0, 999, 0, 999, 0, 999, 0, 999, 0, 999, 0, 999, 0, 999, 0, 999, 0, 999, 0, 999, 0, 999, 0, 999, 0, 999, 0, 999, 0, 999, 0, 999, 0, 999, 0, 999, 999, 999, 999, 999, 999, 999, 999]
time : 11.45 (+0.01 = 0.00 + 0.01)

58th Add (Sname, S, D) : t[38], 55408, 6
Dist : [0, 0, 0, 0, 0, 0, 0, 0, 0, 0, 0, 0, 0, 0, 0, 0, 0, 0, 4, 0, 999, 0, 999, 0, 0, 0, 0, 0, 2, 0, 0, 999, 999, 0, 999, 0, 999, 0, 999, 0, 999, 0, 999, 0, 999, 0, 999, 0, 999, 0, 999, 0, 999, 0, 999, 0, 999, 0, 999, 0, 999, 0, 999, 0, 999, 0, 999, 0, 999, 999, 999, 999, 999, 999, 999, 999]
time : 11.46 (+0.01 = 0.00 + 0.01)

59th Add (Sname, S, D) : t[39], 17664, 6
Dist : [0, 0, 0, 0, 0, 0, 0, 0, 0, 0, 0, 0, 0, 0, 0, 0, 0, 0, 4, 0, 999, 0, 999, 0, 0, 0, 0, 0, 1, 0, 0, 999, 999, 0, 999, 0, 999, 0, 999, 0, 999, 0, 999, 0, 999, 0, 999, 0, 999, 0, 999, 0, 999, 0, 999, 0, 999, 0, 999, 0, 999, 0, 999, 0, 999, 0, 999, 0, 999, 999, 999, 999, 999, 999, 999, 999]
time : 15.31 (+3.85 = 0.00 + 3.83 + 0.00 + 0.00 + 0.01)

60th Add (Sname, S, D) : t[40], 83360, 7
Dist : [0, 0, 0, 0, 0, 0, 0, 0, 0, 0, 0, 0, 0, 0, 0, 0, 0, 0, 4, 0, 999, 0, 999, 0, 0, 0, 0, 0, 0, 0, 0, 999, 999, 0, 999, 0, 999, 0, 999, 0, 999, 0, 999, 0, 999, 0, 999, 0, 999, 0, 999, 0, 999, 0, 999, 0, 999, 0, 999, 0, 999, 0, 999, 0, 999, 0, 999, 0, 999, 999, 999, 999, 999, 999, 999, 999]
time : 15.32 (+0.01 = 0.00 + 0.01)

61th Add (Sname, S, D) : g[14], 4194304, 8
Dist : [0, 0, 0, 0, 0, 0, 0, 0, 0, 0, 0, 0, 0, 0, 0, 0, 0, 0, 4, 0, 999, 0, 999, 0, 0, 0, 0, 0, 0, 0, 0, 0, 999, 0, 999, 0, 999, 0, 999, 0, 999, 0, 999, 0, 999, 0, 999, 0, 999, 0, 999, 0, 999, 0, 999, 0, 999, 0, 999, 0, 999, 0, 999, 0, 999, 0, 999, 0, 999, 999, 999, 999, 999, 999, 999, 999]
time : 15.33 (+0.01 = 0.00 + 0.01)

62th Add (Sname, S, D) : g[15], 8388608, 9
Dist : [0, 0, 0, 0, 0, 0, 0, 0, 0, 0, 0, 0, 0, 0, 0, 0, 0, 0, 4, 0, 999, 0, 999, 0, 0, 0, 0, 0, 0, 0, 0, 0, 999, 0, 999, 0, 999, 0, 999, 0, 999, 0, 999, 0, 999, 0, 999, 0, 3, 0, 999, 0, 999, 0, 999, 0, 999, 0, 999, 0, 999, 0, 999, 0, 999, 0, 3, 0, 999, 999, 999, 999, 999, 999, 999, 999]
time : 15.34 (+0.01 = 0.00 + 0.01)

63th Add (Sname, S, D) : t[41], 13984, 8
Dist : [0, 0, 0, 0, 0, 0, 0, 0, 0, 0, 0, 0, 0, 0, 0, 0, 0, 0, 4, 0, 999, 0, 999, 0, 0, 0, 0, 0, 0, 0, 0, 0, 999, 0, 999, 0, 999, 0, 999, 0, 999, 0, 999, 0, 999, 0, 999, 0, 2, 0, 999, 0, 999, 0, 999, 0, 999, 0, 999, 0, 999, 0, 999, 0, 999, 0, 2, 0, 999, 999, 999, 999, 999, 999, 999, 999]
time : 21.16 (+5.82 = 0.00 + 5.81 + 0.00 + 0.00 + 0.01)

64th Add (Sname, S, D) : t[42], 2111136, 9
Dist : [0, 0, 0, 0, 0, 0, 0, 0, 0, 0, 0, 0, 0, 0, 0, 0, 0, 0, 4, 0, 999, 0, 999, 0, 0, 0, 0, 0, 0, 0, 0, 0, 999, 0, 999, 0, 999, 0, 999, 0, 999, 0, 999, 0, 999, 0, 999, 0, 1, 0, 999, 0, 999, 0, 999, 0, 999, 0, 999, 0, 999, 0, 999, 0, 999, 0, 1, 0, 999, 999, 999, 999, 999, 999, 999, 999]
time : 27.72 (+6.57 = 0.00 + 6.55 + 0.00 + 0.00 + 0.01)

65th Add (Sname, S, D) : t[43], 10499744, 10
Dist : [0, 0, 0, 0, 0, 0, 0, 0, 0, 0, 0, 0, 0, 0, 0, 0, 0, 0, 4, 0, 999, 0, 999, 0, 0, 0, 0, 0, 0, 0, 0, 0, 999, 0, 999, 0, 999, 0, 999, 0, 999, 0, 999, 0, 999, 0, 999, 0, 0, 0, 999, 0, 999, 0, 999, 0, 999, 0, 999, 0, 999, 0, 999, 0, 999, 0, 0, 0, 999, 999, 999, 999, 999, 999, 999, 999]
time : 27.74 (+0.01 = 0.00 + 0.01)

66th Add (Sname, S, D) : g[24], 4294967296, 11
Dist : [0, 0, 0, 0, 0, 0, 0, 0, 0, 0, 0, 0, 0, 0, 0, 0, 0, 0, 4, 0, 999, 0, 999, 0, 0, 0, 0, 0, 0, 0, 0, 0, 999, 0, 999, 0, 999, 0, 999, 0, 999, 0, 999, 0, 999, 0, 999, 0, 0, 0, 999, 0, 999, 0, 999, 0, 999, 0, 999, 0, 999, 0, 999, 0, 999, 0, 0, 0, 999, 999, 999, 999, 999, 999, 999, 999]
time : 27.75 (+0.01 = 0.00 + 0.01)

67th Add (Sname, S, D) : g[33], 2199023255552, 11
Dist : [0, 0, 0, 0, 0, 0, 0, 0, 0, 0, 0, 0, 0, 0, 0, 0, 0, 0, 4, 0, 999, 0, 999, 0, 0, 0, 0, 0, 0, 0, 0, 0, 999, 0, 999, 0, 999, 0, 999, 0, 999, 0, 999, 0, 999, 0, 999, 0, 0, 0, 999, 0, 999, 0, 999, 0, 999, 0, 999, 0, 999, 0, 999, 0, 999, 0, 0, 0, 999, 999, 999, 999, 999, 999, 999, 999]
time : 27.77 (+0.02 = 0.00 + 0.02)

68th Add (Sname, S, D) : t[44], 2656, 5
Dist : [0, 0, 0, 0, 0, 0, 0, 0, 0, 0, 0, 0, 0, 0, 0, 0, 0, 0, 3, 0, 999, 0, 999, 0, 0, 0, 0, 0, 0, 0, 0, 0, 999, 0, 999, 0, 999, 0, 999, 0, 999, 0, 999, 0, 999, 0, 999, 0, 0, 0, 999, 0, 999, 0, 999, 0, 999, 0, 999, 0, 999, 0, 999, 0, 999, 0, 0, 0, 999, 999, 999, 999, 999, 999, 999, 999]
time : 38.94 (+11.16 = 0.00 + 11.14 + 0.00 + 0.00 + 0.02)

69th Add (Sname, S, D) : t[45], 4112, 4
Dist : [0, 0, 0, 0, 0, 0, 0, 0, 0, 0, 0, 0, 0, 0, 0, 0, 0, 0, 2, 0, 999, 0, 999, 0, 0, 0, 0, 0, 0, 0, 0, 0, 999, 0, 999, 0, 999, 0, 999, 0, 999, 0, 999, 0, 999, 0, 999, 0, 0, 0, 999, 0, 999, 0, 999, 0, 999, 0, 999, 0, 999, 0, 999, 0, 999, 0, 0, 0, 999, 999, 999, 999, 999, 999, 999, 999]
time : 51.57 (+12.63 = 0.00 + 12.61 + 0.00 + 0.00 + 0.02)

70th Add (Sname, S, D) : t[46], 4368, 5
Dist : [0, 0, 0, 0, 0, 0, 0, 0, 0, 0, 0, 0, 0, 0, 0, 0, 0, 0, 1, 0, 999, 0, 999, 0, 0, 0, 0, 0, 0, 0, 0, 0, 999, 0, 999, 0, 999, 0, 999, 0, 999, 0, 999, 0, 999, 0, 999, 0, 0, 0, 999, 0, 999, 0, 999, 0, 999, 0, 999, 0, 999, 0, 999, 0, 999, 0, 0, 0, 999, 999, 999, 999, 999, 999, 999, 999]
time : 65.31 (+13.74 = 0.00 + 13.71 + 0.00 + 0.00 + 0.02)

71th Add (Sname, S, D) : t[47], 7024, 6
Dist : [0, 0, 0, 0, 0, 0, 0, 0, 0, 0, 0, 0, 0, 0, 0, 0, 0, 0, 0, 0, 999, 0, 999, 0, 0, 0, 0, 0, 0, 0, 0, 0, 999, 0, 999, 0, 999, 0, 999, 0, 999, 0, 999, 0, 999, 0, 999, 0, 0, 0, 999, 0, 999, 0, 999, 0, 999, 0, 999, 0, 999, 0, 999, 0, 999, 0, 0, 0, 999, 999, 999, 999, 999, 999, 999, 999]
time : 65.33 (+0.02 = 0.00 + 0.02)

72th Add (Sname, S, D) : g[9], 131072, 7
Dist : [0, 0, 0, 0, 0, 0, 0, 0, 0, 0, 0, 0, 0, 0, 0, 0, 0, 0, 0, 0, 2, 0, 1, 0, 0, 0, 0, 0, 0, 0, 0, 0, 999, 0, 3, 0, 999, 0, 999, 0, 2, 0, 999, 0, 999, 0, 999, 0, 0, 0, 999, 0, 3, 0, 999, 0, 999, 0, 2, 0, 999, 0, 999, 0, 999, 0, 0, 0, 999, 999, 999, 999, 999, 999, 999, 999]
time : 65.35 (+0.02 = 0.00 + 0.01)

73th Add (Sname, S, D) : t[48], 231072, 8
Dist : [0, 0, 0, 0, 0, 0, 0, 0, 0, 0, 0, 0, 0, 0, 0, 0, 0, 0, 0, 0, 2, 0, 0, 0, 0, 0, 0, 0, 0, 0, 0, 0, 999, 0, 3, 0, 999, 0, 999, 0, 2, 0, 999, 0, 999, 0, 999, 0, 0, 0, 999, 0, 3, 0, 999, 0, 999, 0, 2, 0, 999, 0, 999, 0, 999, 0, 0, 0, 999, 999, 999, 999, 999, 999, 999, 999]
time : 65.37 (+0.02 = 0.00 + 0.02)

74th Add (Sname, S, D) : g[11], 524288, 9
Dist : [0, 0, 0, 0, 0, 0, 0, 0, 0, 0, 0, 0, 0, 0, 0, 0, 0, 0, 0, 0, 2, 0, 0, 0, 0, 0, 0, 0, 0, 0, 0, 0, 3, 0, 3, 0, 1, 0, 999, 0, 2, 0, 999, 0, 999, 0, 999, 0, 0, 0, 3, 0, 3, 0, 1, 0, 999, 0, 2, 0, 999, 0, 999, 0, 999, 0, 0, 0, 999, 999, 999, 999, 999, 999, 999, 999]
time : 65.39 (+0.02 = 0.00 + 0.02)

75th Add (Sname, S, D) : t[49], 616560, 10
Dist : [0, 0, 0, 0, 0, 0, 0, 0, 0, 0, 0, 0, 0, 0, 0, 0, 0, 0, 0, 0, 2, 0, 0, 0, 0, 0, 0, 0, 0, 0, 0, 0, 3, 0, 3, 0, 0, 0, 999, 0, 2, 0, 999, 0, 999, 0, 999, 0, 0, 0, 3, 0, 3, 0, 0, 0, 999, 0, 2, 0, 999, 0, 999, 0, 999, 0, 0, 0, 999, 999, 999, 999, 999, 999, 999, 999]
time : 65.41 (+0.03 = 0.00 + 0.03)

76th Add (Sname, S, D) : g[18], 67108864, 11
Dist : [0, 0, 0, 0, 0, 0, 0, 0, 0, 0, 0, 0, 0, 0, 0, 0, 0, 0, 0, 0, 2, 0, 0, 0, 0, 0, 0, 0, 0, 0, 0, 0, 3, 0, 3, 0, 0, 0, 999, 0, 2, 0, 999, 0, 999, 0, 999, 0, 0, 0, 3, 0, 3, 0, 0, 0, 999, 0, 2, 0, 999, 0, 999, 0, 999, 0, 0, 0, 999, 999, 999, 999, 999, 999, 999, 999]
time : 65.45 (+0.04 = 0.00 + 0.04)

77th Add (Sname, S, D) : g[27], 34359738368, 11
Dist : [0, 0, 0, 0, 0, 0, 0, 0, 0, 0, 0, 0, 0, 0, 0, 0, 0, 0, 0, 0, 2, 0, 0, 0, 0, 0, 0, 0, 0, 0, 0, 0, 3, 0, 3, 0, 0, 0, 999, 0, 2, 0, 999, 0, 999, 0, 999, 0, 0, 0, 3, 0, 3, 0, 0, 0, 999, 0, 2, 0, 999, 0, 999, 0, 999, 0, 0, 0, 999, 999, 999, 999, 999, 999, 999, 999]
time : 65.48 (+0.03 = 0.00 + 0.03)

78th Add (Sname, S, D) : t[50], 214432, 8
Dist : [0, 0, 0, 0, 0, 0, 0, 0, 0, 0, 0, 0, 0, 0, 0, 0, 0, 0, 0, 0, 2, 0, 0, 0, 0, 0, 0, 0, 0, 0, 0, 0, 3, 0, 2, 0, 0, 0, 999, 0, 1, 0, 999, 0, 999, 0, 999, 0, 0, 0, 3, 0, 2, 0, 0, 0, 999, 0, 1, 0, 999, 0, 999, 0, 999, 0, 0, 0, 999, 999, 999, 999, 999, 999, 999, 999]
time : 93.06 (+27.58 = 0.00 + 27.54 + 0.00 + 0.00 + 0.03)

79th Add (Sname, S, D) : t[51], 2311584, 9
Dist : [0, 0, 0, 0, 0, 0, 0, 0, 0, 0, 0, 0, 0, 0, 0, 0, 0, 0, 0, 0, 2, 0, 0, 0, 0, 0, 0, 0, 0, 0, 0, 0, 3, 0, 2, 0, 0, 0, 999, 0, 0, 0, 999, 0, 999, 0, 999, 0, 0, 0, 3, 0, 2, 0, 0, 0, 999, 0, 0, 0, 999, 0, 999, 0, 999, 0, 0, 0, 999, 999, 999, 999, 999, 999, 999, 999]
time : 93.09 (+0.03 = 0.00 + 0.03)

80th Add (Sname, S, D) : g[20], 268435456, 10
Dist : [0, 0, 0, 0, 0, 0, 0, 0, 0, 0, 0, 0, 0, 0, 0, 0, 0, 0, 0, 0, 2, 0, 0, 0, 0, 0, 0, 0, 0, 0, 0, 0, 3, 0, 2, 0, 0, 0, 999, 0, 0, 0, 999, 0, 999, 0, 999, 0, 0, 0, 3, 0, 2, 0, 0, 0, 999, 0, 0, 0, 999, 0, 999, 0, 999, 0, 0, 0, 999, 999, 999, 999, 999, 999, 999, 999]
time : 93.12 (+0.03 = 0.00 + 0.03)

81th Add (Sname, S, D) : g[29], 137438953472, 10
Dist : [0, 0, 0, 0, 0, 0, 0, 0, 0, 0, 0, 0, 0, 0, 0, 0, 0, 0, 0, 0, 2, 0, 0, 0, 0, 0, 0, 0, 0, 0, 0, 0, 3, 0, 2, 0, 0, 0, 999, 0, 0, 0, 999, 0, 999, 0, 999, 0, 0, 0, 3, 0, 2, 0, 0, 0, 999, 0, 0, 0, 999, 0, 999, 0, 999, 0, 0, 0, 999, 999, 999, 999, 999, 999, 999, 999]
time : 93.15 (+0.04 = 0.00 + 0.04)

82th Add (Sname, S, D) : t[52], 226048, 9
Dist : [0, 0, 0, 0, 0, 0, 0, 0, 0, 0, 0, 0, 0, 0, 0, 0, 0, 0, 0, 0, 2, 0, 0, 0, 0, 0, 0, 0, 0, 0, 0, 0, 2, 0, 1, 0, 0, 0, 999, 0, 0, 0, 999, 0, 999, 0, 999, 0, 0, 0, 2, 0, 1, 0, 0, 0, 999, 0, 0, 0, 999, 0, 999, 0, 999, 0, 0, 0, 999, 999, 999, 999, 999, 999, 999, 999]
time : 132.99 (+39.83 = 0.00 + 39.79 + 0.00 + 0.00 + 0.04)

83th Add (Sname, S, D) : t[53], 8614656, 10
Dist : [0, 0, 0, 0, 0, 0, 0, 0, 0, 0, 0, 0, 0, 0, 0, 0, 0, 0, 0, 0, 2, 0, 0, 0, 0, 0, 0, 0, 0, 0, 0, 0, 1, 0, 0, 0, 0, 0, 999, 0, 0, 0, 999, 0, 999, 0, 999, 0, 0, 0, 1, 0, 0, 0, 0, 0, 999, 0, 0, 0, 999, 0, 999, 0, 999, 0, 0, 0, 999, 999, 999, 999, 999, 999, 999, 999]
time : 133.03 (+0.04 = 0.00 + 0.04)

84th Add (Sname, S, D) : g[17], 33554432, 11
Dist : [0, 0, 0, 0, 0, 0, 0, 0, 0, 0, 0, 0, 0, 0, 0, 0, 0, 0, 0, 0, 2, 0, 0, 0, 0, 0, 0, 0, 0, 0, 0, 0, 1, 0, 0, 0, 0, 0, 999, 0, 0, 0, 999, 0, 999, 0, 999, 0, 0, 0, 1, 0, 0, 0, 0, 0, 999, 0, 0, 0, 999, 0, 999, 0, 999, 0, 0, 0, 999, 999, 999, 999, 999, 999, 999, 999]
time : 133.07 (+0.04 = 0.00 + 0.04)

85th Add (Sname, S, D) : g[26], 17179869184, 11
Dist : [0, 0, 0, 0, 0, 0, 0, 0, 0, 0, 0, 0, 0, 0, 0, 0, 0, 0, 0, 0, 2, 0, 0, 0, 0, 0, 0, 0, 0, 0, 0, 0, 1, 0, 0, 0, 0, 0, 999, 0, 0, 0, 999, 0, 999, 0, 999, 0, 0, 0, 1, 0, 0, 0, 0, 0, 999, 0, 0, 0, 999, 0, 999, 0, 999, 0, 0, 0, 999, 999, 999, 999, 999, 999, 999, 999]
time : 133.11 (+0.04 = 0.00 + 0.04)

86th Add (Sname, S, D) : t[54], 9050992, 11
Dist : [0, 0, 0, 0, 0, 0, 0, 0, 0, 0, 0, 0, 0, 0, 0, 0, 0, 0, 0, 0, 2, 0, 0, 0, 0, 0, 0, 0, 0, 0, 0, 0, 0, 0, 0, 0, 0, 0, 999, 0, 0, 0, 999, 0, 999, 0, 999, 0, 0, 0, 0, 0, 0, 0, 0, 0, 999, 0, 0, 0, 999, 0, 999, 0, 999, 0, 0, 0, 999, 999, 999, 999, 999, 999, 999, 999]
time : 133.19 (+0.08 = 0.00 + 0.08)

87th Add (Sname, S, D) : g[16], 16777216, 12
Dist : [0, 0, 0, 0, 0, 0, 0, 0, 0, 0, 0, 0, 0, 0, 0, 0, 0, 0, 0, 0, 2, 0, 0, 0, 0, 0, 0, 0, 0, 0, 0, 0, 0, 0, 0, 0, 0, 0, 999, 0, 0, 0, 999, 0, 999, 0, 999, 0, 0, 0, 0, 0, 0, 0, 0, 0, 999, 0, 0, 0, 999, 0, 999, 0, 999, 0, 0, 0, 999, 999, 999, 999, 999, 999, 999, 999]
time : 133.23 (+0.04 = 0.00 + 0.04)

88th Add (Sname, S, D) : g[25], 8589934592, 12
Dist : [0, 0, 0, 0, 0, 0, 0, 0, 0, 0, 0, 0, 0, 0, 0, 0, 0, 0, 0, 0, 2, 0, 0, 0, 0, 0, 0, 0, 0, 0, 0, 0, 0, 0, 0, 0, 0, 0, 999, 0, 0, 0, 999, 0, 999, 0, 999, 0, 0, 0, 0, 0, 0, 0, 0, 0, 999, 0, 0, 0, 999, 0, 999, 0, 999, 0, 0, 0, 999, 999, 999, 999, 999, 999, 999, 999]
time : 133.27 (+0.05 = 0.00 + 0.05)

89th Add (Sname, S, D) : t[55], 109424, 7
Dist : [0, 0, 0, 0, 0, 0, 0, 0, 0, 0, 0, 0, 0, 0, 0, 0, 0, 0, 0, 0, 1, 0, 0, 0, 0, 0, 0, 0, 0, 0, 0, 0, 0, 0, 0, 0, 0, 0, 999, 0, 0, 0, 999, 0, 999, 0, 999, 0, 0, 0, 0, 0, 0, 0, 0, 0, 999, 0, 0, 0, 999, 0, 999, 0, 999, 0, 0, 0, 999, 999, 999, 999, 999, 999, 999, 999]
time : 202.14 (+68.87 = 0.01 + 68.80 + 0.00 + 0.00 + 0.06)

90th Add (Sname, S, D) : t[56], 240496, 8
Dist : [0, 0, 0, 0, 0, 0, 0, 0, 0, 0, 0, 0, 0, 0, 0, 0, 0, 0, 0, 0, 0, 0, 0, 0, 0, 0, 0, 0, 0, 0, 0, 0, 0, 0, 0, 0, 0, 0, 999, 0, 0, 0, 999, 0, 999, 0, 999, 0, 0, 0, 0, 0, 0, 0, 0, 0, 999, 0, 0, 0, 999, 0, 999, 0, 999, 0, 0, 0, 999, 999, 999, 999, 999, 999, 999, 999]
time : 202.20 (+0.06 = 0.00 + 0.06)

91th Add (Sname, S, D) : g[10], 262144, 9
Dist : [0, 0, 0, 0, 0, 0, 0, 0, 0, 0, 0, 0, 0, 0, 0, 0, 0, 0, 0, 0, 0, 0, 0, 0, 0, 0, 0, 0, 0, 0, 0, 0, 0, 0, 0, 0, 0, 0, 2, 0, 0, 0, 1, 0, 2, 0, 4, 0, 0, 0, 0, 0, 0, 0, 0, 0, 2, 0, 0, 0, 1, 0, 2, 0, 4, 0, 0, 0, 999, 999, 999, 999, 999, 999, 999, 999]
time : 202.25 (+0.05 = 0.00 + 0.05)

92th Add (Sname, S, D) : t[57], 345504, 10
Dist : [0, 0, 0, 0, 0, 0, 0, 0, 0, 0, 0, 0, 0, 0, 0, 0, 0, 0, 0, 0, 0, 0, 0, 0, 0, 0, 0, 0, 0, 0, 0, 0, 0, 0, 0, 0, 0, 0, 2, 0, 0, 0, 0, 0, 1, 0, 4, 0, 0, 0, 0, 0, 0, 0, 0, 0, 2, 0, 0, 0, 0, 0, 1, 0, 4, 0, 0, 0, 999, 999, 999, 999, 999, 999, 999, 999]
time : 202.31 (+0.06 = 0.00 + 0.06)

93th Add (Sname, S, D) : g[21], 536870912, 11
Dist : [0, 0, 0, 0, 0, 0, 0, 0, 0, 0, 0, 0, 0, 0, 0, 0, 0, 0, 0, 0, 0, 0, 0, 0, 0, 0, 0, 0, 0, 0, 0, 0, 0, 0, 0, 0, 0, 0, 2, 0, 0, 0, 0, 0, 1, 0, 4, 0, 0, 0, 0, 0, 0, 0, 0, 0, 2, 0, 0, 0, 0, 0, 1, 0, 4, 0, 0, 0, 999, 999, 999, 999, 999, 999, 999, 999]
time : 202.37 (+0.06 = 0.00 + 0.06)

94th Add (Sname, S, D) : g[30], 274877906944, 11
Dist : [0, 0, 0, 0, 0, 0, 0, 0, 0, 0, 0, 0, 0, 0, 0, 0, 0, 0, 0, 0, 0, 0, 0, 0, 0, 0, 0, 0, 0, 0, 0, 0, 0, 0, 0, 0, 0, 0, 2, 0, 0, 0, 0, 0, 1, 0, 4, 0, 0, 0, 0, 0, 0, 0, 0, 0, 2, 0, 0, 0, 0, 0, 1, 0, 4, 0, 0, 0, 999, 999, 999, 999, 999, 999, 999, 999]
time : 202.44 (+0.07 = 0.00 + 0.07)

95th Add (Sname, S, D) : t[58], 798160, 11
Dist : [0, 0, 0, 0, 0, 0, 0, 0, 0, 0, 0, 0, 0, 0, 0, 0, 0, 0, 0, 0, 0, 0, 0, 0, 0, 0, 0, 0, 0, 0, 0, 0, 0, 0, 0, 0, 0, 0, 2, 0, 0, 0, 0, 0, 0, 0, 4, 0, 0, 0, 0, 0, 0, 0, 0, 0, 2, 0, 0, 0, 0, 0, 0, 0, 4, 0, 0, 0, 999, 999, 999, 999, 999, 999, 999, 999]
time : 202.51 (+0.08 = 0.00 + 0.08)

96th Add (Sname, S, D) : g[22], 1073741824, 12
Dist : [0, 0, 0, 0, 0, 0, 0, 0, 0, 0, 0, 0, 0, 0, 0, 0, 0, 0, 0, 0, 0, 0, 0, 0, 0, 0, 0, 0, 0, 0, 0, 0, 0, 0, 0, 0, 0, 0, 2, 0, 0, 0, 0, 0, 0, 0, 4, 0, 0, 0, 0, 0, 0, 0, 0, 0, 2, 0, 0, 0, 0, 0, 0, 0, 4, 0, 0, 0, 999, 999, 999, 999, 999, 999, 999, 999]
time : 202.59 (+0.08 = 0.00 + 0.08)

97th Add (Sname, S, D) : g[31], 549755813888, 12
Dist : [0, 0, 0, 0, 0, 0, 0, 0, 0, 0, 0, 0, 0, 0, 0, 0, 0, 0, 0, 0, 0, 0, 0, 0, 0, 0, 0, 0, 0, 0, 0, 0, 0, 0, 0, 0, 0, 0, 2, 0, 0, 0, 0, 0, 0, 0, 4, 0, 0, 0, 0, 0, 0, 0, 0, 0, 2, 0, 0, 0, 0, 0, 0, 0, 4, 0, 0, 0, 999, 999, 999, 999, 999, 999, 999, 999]
time : 202.76 (+0.17 = 0.00 + 0.17)

98th Add (Sname, S, D) : t[59], 2228224, 9
Dist : [0, 0, 0, 0, 0, 0, 0, 0, 0, 0, 0, 0, 0, 0, 0, 0, 0, 0, 0, 0, 0, 0, 0, 0, 0, 0, 0, 0, 0, 0, 0, 0, 0, 0, 0, 0, 0, 0, 1, 0, 0, 0, 0, 0, 0, 0, 4, 0, 0, 0, 0, 0, 0, 0, 0, 0, 1, 0, 0, 0, 0, 0, 0, 0, 4, 0, 0, 0, 999, 999, 999, 999, 999, 999, 999, 999]
time : 339.06 (+136.30 = 0.01 + 136.21 + 0.00 + 0.00 + 0.08)

99th Add (Sname, S, D) : t[60], 2490368, 10
Dist : [0, 0, 0, 0, 0, 0, 0, 0, 0, 0, 0, 0, 0, 0, 0, 0, 0, 0, 0, 0, 0, 0, 0, 0, 0, 0, 0, 0, 0, 0, 0, 0, 0, 0, 0, 0, 0, 0, 0, 0, 0, 0, 0, 0, 0, 0, 4, 0, 0, 0, 0, 0, 0, 0, 0, 0, 0, 0, 0, 0, 0, 0, 0, 0, 4, 0, 0, 0, 999, 999, 999, 999, 999, 999, 999, 999]
time : 339.15 (+0.09 = 0.00 + 0.09)

100th Add (Sname, S, D) : g[19], 134217728, 11
Dist : [0, 0, 0, 0, 0, 0, 0, 0, 0, 0, 0, 0, 0, 0, 0, 0, 0, 0, 0, 0, 0, 0, 0, 0, 0, 0, 0, 0, 0, 0, 0, 0, 0, 0, 0, 0, 0, 0, 0, 0, 0, 0, 0, 0, 0, 0, 4, 0, 0, 0, 0, 0, 0, 0, 0, 0, 0, 0, 0, 0, 0, 0, 0, 0, 4, 0, 0, 0, 999, 999, 999, 999, 999, 999, 999, 999]
time : 339.23 (+0.08 = 0.00 + 0.08)

101th Add (Sname, S, D) : g[28], 68719476736, 11
Dist : [0, 0, 0, 0, 0, 0, 0, 0, 0, 0, 0, 0, 0, 0, 0, 0, 0, 0, 0, 0, 0, 0, 0, 0, 0, 0, 0, 0, 0, 0, 0, 0, 0, 0, 0, 0, 0, 0, 0, 0, 0, 0, 0, 0, 0, 0, 4, 0, 0, 0, 0, 0, 0, 0, 0, 0, 0, 0, 0, 0, 0, 0, 0, 0, 4, 0, 0, 0, 999, 999, 999, 999, 999, 7, 999, 999]
time : 341.52 (+2.29 = 0.00 + 2.29)

102th Add (Sname, S, D) : t[61], 8650752, 10
Dist : [0, 0, 0, 0, 0, 0, 0, 0, 0, 0, 0, 0, 0, 0, 0, 0, 0, 0, 0, 0, 0, 0, 0, 0, 0, 0, 0, 0, 0, 0, 0, 0, 0, 0, 0, 0, 0, 0, 0, 0, 0, 0, 0, 0, 0, 0, 3, 0, 0, 0, 0, 0, 0, 0, 0, 0, 0, 0, 0, 0, 0, 0, 0, 0, 3, 0, 0, 0, 999, 999, 999, 999, 999, 7, 999, 999]
time : 873.80 (+532.28 = 0.01 + 532.08 + 0.00 + 0.00 + 0.19)

103th Add (Sname, S, D) : t[62], 2104176, 9
Dist : [0, 0, 0, 0, 0, 0, 0, 0, 0, 0, 0, 0, 0, 0, 0, 0, 0, 0, 0, 0, 0, 0, 0, 0, 0, 0, 0, 0, 0, 0, 0, 0, 0, 0, 0, 0, 0, 0, 0, 0, 0, 0, 0, 0, 0, 0, 2, 0, 0, 0, 0, 0, 0, 0, 0, 0, 0, 0, 0, 0, 0, 0, 0, 0, 2, 0, 0, 0, 999, 999, 999, 999, 999, 7, 999, 999]
time : 1433.63 (+559.83 = 0.01 + 559.61 + 0.00 + 0.00 + 0.20)

104th Add (Sname, S, D) : t[63], 2628464, 10
Dist : [0, 0, 0, 0, 0, 0, 0, 0, 0, 0, 0, 0, 0, 0, 0, 0, 0, 0, 0, 0, 0, 0, 0, 0, 0, 0, 0, 0, 0, 0, 0, 0, 0, 0, 0, 0, 0, 0, 0, 0, 0, 0, 0, 0, 0, 0, 1, 0, 0, 0, 0, 0, 0, 0, 0, 0, 0, 0, 0, 0, 0, 0, 0, 0, 1, 0, 0, 0, 999, 999, 999, 999, 999, 7, 999, 999]
time : 2029.61 (+595.98 = 0.01 + 595.76 + 0.00 + 0.00 + 0.21)

105th Add (Sname, S, D) : t[64], 11279216, 11
Dist : [0, 0, 0, 0, 0, 0, 0, 0, 0, 0, 0, 0, 0, 0, 0, 0, 0, 0, 0, 0, 0, 0, 0, 0, 0, 0, 0, 0, 0, 0, 0, 0, 0, 0, 0, 0, 0, 0, 0, 0, 0, 0, 0, 0, 0, 0, 0, 0, 0, 0, 0, 0, 0, 0, 0, 0, 0, 0, 0, 0, 0, 0, 0, 0, 0, 0, 0, 0, 999, 999, 999, 999, 999, 7, 999, 999]
time : 2029.83 (+0.22 = 0.00 + 0.22)

106th Add (Sname, S, D) : g[23], 2147483648, 12
Dist : [0, 0, 0, 0, 0, 0, 0, 0, 0, 0, 0, 0, 0, 0, 0, 0, 0, 0, 0, 0, 0, 0, 0, 0, 0, 0, 0, 0, 0, 0, 0, 0, 0, 0, 0, 0, 0, 0, 0, 0, 0, 0, 0, 0, 0, 0, 0, 0, 0, 0, 0, 0, 0, 0, 0, 0, 0, 0, 0, 0, 0, 0, 0, 0, 0, 0, 0, 0, 999, 999, 999, 999, 999, 7, 999, 999]
time : 2030.04 (+0.22 = 0.00 + 0.21)

107th Add (Sname, S, D) : g[32], 1099511627776, 12
Dist : [0, 0, 0, 0, 0, 0, 0, 0, 0, 0, 0, 0, 0, 0, 0, 0, 0, 0, 0, 0, 0, 0, 0, 0, 0, 0, 0, 0, 0, 0, 0, 0, 0, 0, 0, 0, 0, 0, 0, 0, 0, 0, 0, 0, 0, 0, 0, 0, 0, 0, 0, 0, 0, 0, 0, 0, 0, 0, 0, 0, 0, 0, 0, 0, 0, 0, 0, 0, 7, 7, 999, 7, 7, 7, 7, 7]
time : 2049.59 (+19.55 = 0.00 + 19.55)

108th Add (Sname, S, D) : t[65], 1649267441664, 13
Dist : [0, 0, 0, 0, 0, 0, 0, 0, 0, 0, 0, 0, 0, 0, 0, 0, 0, 0, 0, 0, 0, 0, 0, 0, 0, 0, 0, 0, 0, 0, 0, 0, 0, 0, 0, 0, 0, 0, 0, 0, 0, 0, 0, 0, 0, 0, 0, 0, 0, 0, 0, 0, 0, 0, 0, 0, 0, 0, 0, 0, 0, 0, 0, 0, 0, 0, 0, 0, 6, 6, 999, 6, 6, 7, 6, 6]
time : 5622.59 (+3573.00 = 0.01 + 3569.18 + 0.00 + 0.00 + 3.81)

109th Add (Sname, S, D) : t[66], 1657857376256, 14
Dist : [0, 0, 0, 0, 0, 0, 0, 0, 0, 0, 0, 0, 0, 0, 0, 0, 0, 0, 0, 0, 0, 0, 0, 0, 0, 0, 0, 0, 0, 0, 0, 0, 0, 0, 0, 0, 0, 0, 0, 0, 0, 0, 0, 0, 0, 0, 0, 0, 0, 0, 0, 0, 0, 0, 0, 0, 0, 0, 0, 0, 0, 0, 0, 0, 0, 0, 0, 0, 6, 6, 999, 5, 5, 7, 5, 5]
time : 6477.67 (+855.09 = 0.01 + 851.84 + 0.00 + 0.00 + 3.24)

110th Add (Sname, S, D) : t[67], 17448304640, 12
Dist : [0, 0, 0, 0, 0, 0, 0, 0, 0, 0, 0, 0, 0, 0, 0, 0, 0, 0, 0, 0, 0, 0, 0, 0, 0, 0, 0, 0, 0, 0, 0, 0, 0, 0, 0, 0, 0, 0, 0, 0, 0, 0, 0, 0, 0, 0, 0, 0, 0, 0, 0, 0, 0, 0, 0, 0, 0, 0, 0, 0, 0, 0, 0, 0, 0, 0, 0, 0, 6, 6, 999, 4, 4, 7, 5, 4]
time : 7308.71 (+831.03 = 0.01 + 827.61 + 0.00 + 0.00 + 3.41)

111th Add (Sname, S, D) : t[68], 17481859072, 13
Dist : [0, 0, 0, 0, 0, 0, 0, 0, 0, 0, 0, 0, 0, 0, 0, 0, 0, 0, 0, 0, 0, 0, 0, 0, 0, 0, 0, 0, 0, 0, 0, 0, 0, 0, 0, 0, 0, 0, 0, 0, 0, 0, 0, 0, 0, 0, 0, 0, 0, 0, 0, 0, 0, 0, 0, 0, 0, 0, 0, 0, 0, 0, 0, 0, 0, 0, 0, 0, 6, 6, 999, 3, 3, 7, 5, 4]
time : 8203.47 (+894.77 = 0.01 + 891.23 + 0.00 + 0.00 + 3.53)

112th Add (Sname, S, D) : t[69], 3221225472, 13
Dist : [0, 0, 0, 0, 0, 0, 0, 0, 0, 0, 0, 0, 0, 0, 0, 0, 0, 0, 0, 0, 0, 0, 0, 0, 0, 0, 0, 0, 0, 0, 0, 0, 0, 0, 0, 0, 0, 0, 0, 0, 0, 0, 0, 0, 0, 0, 0, 0, 0, 0, 0, 0, 0, 0, 0, 0, 0, 0, 0, 0, 0, 0, 0, 0, 0, 0, 0, 0, 6, 6, 999, 3, 3, 7, 4, 3]
time : 9137.61 (+934.13 = 0.01 + 930.62 + 0.00 + 0.00 + 3.50)

113th Add (Sname, S, D) : t[70], 150994944, 13
Dist : [0, 0, 0, 0, 0, 0, 0, 0, 0, 0, 0, 0, 0, 0, 0, 0, 0, 0, 0, 0, 0, 0, 0, 0, 0, 0, 0, 0, 0, 0, 0, 0, 0, 0, 0, 0, 0, 0, 0, 0, 0, 0, 0, 0, 0, 0, 0, 0, 0, 0, 0, 0, 0, 0, 0, 0, 0, 0, 0, 0, 0, 0, 0, 0, 0, 0, 0, 0, 5, 6, 999, 3, 2, 7, 4, 3]
time : 10123.19 (+985.58 = 0.01 + 982.13 + 0.00 + 0.00 + 3.44)

114th Add (Sname, S, D) : t[71], 603979776, 12
Dist : [0, 0, 0, 0, 0, 0, 0, 0, 0, 0, 0, 0, 0, 0, 0, 0, 0, 0, 0, 0, 0, 0, 0, 0, 0, 0, 0, 0, 0, 0, 0, 0, 0, 0, 0, 0, 0, 0, 0, 0, 0, 0, 0, 0, 0, 0, 0, 0, 0, 0, 0, 0, 0, 0, 0, 0, 0, 0, 0, 0, 0, 0, 0, 0, 0, 0, 0, 0, 4, 6, 999, 2, 2, 7, 4, 3]
time : 11187.03 (+1063.84 = 0.01 + 1060.10 + 0.00 + 0.00 + 3.73)

115th Add (Sname, S, D) : t[72], 1717986918400, 14
Dist : [0, 0, 0, 0, 0, 0, 0, 0, 0, 0, 0, 0, 0, 0, 0, 0, 0, 0, 0, 0, 0, 0, 0, 0, 0, 0, 0, 0, 0, 0, 0, 0, 0, 0, 0, 0, 0, 0, 0, 0, 0, 0, 0, 0, 0, 0, 0, 0, 0, 0, 0, 0, 0, 0, 0, 0, 0, 0, 0, 0, 0, 0, 0, 0, 0, 0, 0, 0, 3, 5, 999, 2, 2, 7, 4, 3]
time : 12336.88 (+1149.84 = 0.01 + 1145.99 + 0.00 + 0.00 + 3.85)

116th Add (Sname, S, D) : t[73], 17632854016, 14
Dist : [0, 0, 0, 0, 0, 0, 0, 0, 0, 0, 0, 0, 0, 0, 0, 0, 0, 0, 0, 0, 0, 0, 0, 0, 0, 0, 0, 0, 0, 0, 0, 0, 0, 0, 0, 0, 0, 0, 0, 0, 0, 0, 0, 0, 0, 0, 0, 0, 0, 0, 0, 0, 0, 0, 0, 0, 0, 0, 0, 0, 0, 0, 0, 0, 0, 0, 0, 0, 3, 5, 999, 2, 1, 7, 4, 3]
time : 13498.59 (+1161.72 = 0.01 + 1157.75 + 0.00 + 0.00 + 3.96)

117th Add (Sname, S, D) : t[74], 1675490230272, 15
Dist : [0, 0, 0, 0, 0, 0, 0, 0, 0, 0, 0, 0, 0, 0, 0, 0, 0, 0, 0, 0, 0, 0, 0, 0, 0, 0, 0, 0, 0, 0, 0, 0, 0, 0, 0, 0, 0, 0, 0, 0, 0, 0, 0, 0, 0, 0, 0, 0, 0, 0, 0, 0, 0, 0, 0, 0, 0, 0, 0, 0, 0, 0, 0, 0, 0, 0, 0, 0, 3, 5, 999, 2, 0, 7, 4, 3]
time : 13502.74 (+4.15 = 0.00 + 4.15)

118th Add (Sname, S, D) : t[75], 18085838848, 14
Dist : [0, 0, 0, 0, 0, 0, 0, 0, 0, 0, 0, 0, 0, 0, 0, 0, 0, 0, 0, 0, 0, 0, 0, 0, 0, 0, 0, 0, 0, 0, 0, 0, 0, 0, 0, 0, 0, 0, 0, 0, 0, 0, 0, 0, 0, 0, 0, 0, 0, 0, 0, 0, 0, 0, 0, 0, 0, 0, 0, 0, 0, 0, 0, 0, 0, 0, 0, 0, 3, 5, 999, 1, 0, 7, 4, 3]
time : 14607.55 (+1104.81 = 0.01 + 1101.02 + 0.00 + 0.00 + 3.77)

119th Add (Sname, S, D) : t[76], 1675943215104, 15
Dist : [0, 0, 0, 0, 0, 0, 0, 0, 0, 0, 0, 0, 0, 0, 0, 0, 0, 0, 0, 0, 0, 0, 0, 0, 0, 0, 0, 0, 0, 0, 0, 0, 0, 0, 0, 0, 0, 0, 0, 0, 0, 0, 0, 0, 0, 0, 0, 0, 0, 0, 0, 0, 0, 0, 0, 0, 0, 0, 0, 0, 0, 0, 0, 0, 0, 0, 0, 0, 3, 5, 999, 0, 0, 7, 4, 3]
time : 14611.46 (+3.91 = 0.00 + 3.91)

120th Add (Sname, S, D) : t[77], 17582522368, 13
Dist : [0, 0, 0, 0, 0, 0, 0, 0, 0, 0, 0, 0, 0, 0, 0, 0, 0, 0, 0, 0, 0, 0, 0, 0, 0, 0, 0, 0, 0, 0, 0, 0, 0, 0, 0, 0, 0, 0, 0, 0, 0, 0, 0, 0, 0, 0, 0, 0, 0, 0, 0, 0, 0, 0, 0, 0, 0, 0, 0, 0, 0, 0, 0, 0, 0, 0, 0, 0, 3, 5, 999, 0, 0, 7, 4, 2]
time : 15580.96 (+969.50 = 0.01 + 965.91 + 0.00 + 0.00 + 3.58)

121th Add (Sname, S, D) : t[78], 20803747840, 14
Dist : [0, 0, 0, 0, 0, 0, 0, 0, 0, 0, 0, 0, 0, 0, 0, 0, 0, 0, 0, 0, 0, 0, 0, 0, 0, 0, 0, 0, 0, 0, 0, 0, 0, 0, 0, 0, 0, 0, 0, 0, 0, 0, 0, 0, 0, 0, 0, 0, 0, 0, 0, 0, 0, 0, 0, 0, 0, 0, 0, 0, 0, 0, 0, 0, 0, 0, 0, 0, 3, 5, 999, 0, 0, 7, 4, 1]
time : 16572.14 (+991.19 = 0.01 + 987.40 + 0.00 + 0.00 + 3.78)

122th Add (Sname, S, D) : t[79], 1678661124096, 15
Dist : [0, 0, 0, 0, 0, 0, 0, 0, 0, 0, 0, 0, 0, 0, 0, 0, 0, 0, 0, 0, 0, 0, 0, 0, 0, 0, 0, 0, 0, 0, 0, 0, 0, 0, 0, 0, 0, 0, 0, 0, 0, 0, 0, 0, 0, 0, 0, 0, 0, 0, 0, 0, 0, 0, 0, 0, 0, 0, 0, 0, 0, 0, 0, 0, 0, 0, 0, 0, 3, 5, 999, 0, 0, 7, 4, 0]
time : 16576.06 (+3.92 = 0.00 + 3.92)

123th Add (Sname, S, D) : t[80], 138042933248, 13
Dist : [0, 0, 0, 0, 0, 0, 0, 0, 0, 0, 0, 0, 0, 0, 0, 0, 0, 0, 0, 0, 0, 0, 0, 0, 0, 0, 0, 0, 0, 0, 0, 0, 0, 0, 0, 0, 0, 0, 0, 0, 0, 0, 0, 0, 0, 0, 0, 0, 0, 0, 0, 0, 0, 0, 0, 0, 0, 0, 0, 0, 0, 0, 0, 0, 0, 0, 0, 0, 2, 5, 999, 0, 0, 7, 4, 0]
time : 17624.12 (+1048.06 = 0.01 + 1044.00 + 0.00 + 0.00 + 4.04)

124th Add (Sname, S, D) : t[81], 138193928192, 14
Dist : [0, 0, 0, 0, 0, 0, 0, 0, 0, 0, 0, 0, 0, 0, 0, 0, 0, 0, 0, 0, 0, 0, 0, 0, 0, 0, 0, 0, 0, 0, 0, 0, 0, 0, 0, 0, 0, 0, 0, 0, 0, 0, 0, 0, 0, 0, 0, 0, 0, 0, 0, 0, 0, 0, 0, 0, 0, 0, 0, 0, 0, 0, 0, 0, 0, 0, 0, 0, 1, 5, 999, 0, 0, 7, 4, 0]
time : 18732.02 (+1107.90 = 0.01 + 1103.60 + 0.00 + 0.00 + 4.29)

125th Add (Sname, S, D) : t[82], 1856180846592, 15
Dist : [0, 0, 0, 0, 0, 0, 0, 0, 0, 0, 0, 0, 0, 0, 0, 0, 0, 0, 0, 0, 0, 0, 0, 0, 0, 0, 0, 0, 0, 0, 0, 0, 0, 0, 0, 0, 0, 0, 0, 0, 0, 0, 0, 0, 0, 0, 0, 0, 0, 0, 0, 0, 0, 0, 0, 0, 0, 0, 0, 0, 0, 0, 0, 0, 0, 0, 0, 0, 0, 5, 999, 0, 0, 7, 4, 0]
time : 18736.47 (+4.45 = 0.00 + 4.45)

126th Add (Sname, S, D) : t[83], 17213423616, 12
Dist : [0, 0, 0, 0, 0, 0, 0, 0, 0, 0, 0, 0, 0, 0, 0, 0, 0, 0, 0, 0, 0, 0, 0, 0, 0, 0, 0, 0, 0, 0, 0, 0, 0, 0, 0, 0, 0, 0, 0, 0, 0, 0, 0, 0, 0, 0, 0, 0, 0, 0, 0, 0, 0, 0, 0, 0, 0, 0, 0, 0, 0, 0, 0, 0, 0, 0, 0, 0, 0, 5, 999, 0, 0, 7, 3, 0]
time : 19893.39 (+1156.92 = 0.01 + 1152.30 + 0.00 + 0.00 + 4.61)

127th Add (Sname, S, D) : t[84], 17230200832, 13
Dist : [0, 0, 0, 0, 0, 0, 0, 0, 0, 0, 0, 0, 0, 0, 0, 0, 0, 0, 0, 0, 0, 0, 0, 0, 0, 0, 0, 0, 0, 0, 0, 0, 0, 0, 0, 0, 0, 0, 0, 0, 0, 0, 0, 0, 0, 0, 0, 0, 0, 0, 0, 0, 0, 0, 0, 0, 0, 0, 0, 0, 0, 0, 0, 0, 0, 0, 0, 0, 0, 5, 999, 0, 0, 7, 2, 0]
time : 21114.45 (+1221.06 = 0.01 + 1216.26 + 0.00 + 0.00 + 4.79)

128th Add (Sname, S, D) : t[85], 20451426304, 14
Dist : [0, 0, 0, 0, 0, 0, 0, 0, 0, 0, 0, 0, 0, 0, 0, 0, 0, 0, 0, 0, 0, 0, 0, 0, 0, 0, 0, 0, 0, 0, 0, 0, 0, 0, 0, 0, 0, 0, 0, 0, 0, 0, 0, 0, 0, 0, 0, 0, 0, 0, 0, 0, 0, 0, 0, 0, 0, 0, 0, 0, 0, 0, 0, 0, 0, 0, 0, 0, 0, 5, 999, 0, 0, 7, 1, 0]
time : 22339.57 (+1225.12 = 0.01 + 1220.30 + 0.00 + 0.00 + 4.80)

129th Add (Sname, S, D) : t[86], 1678308802560, 15
Dist : [0, 0, 0, 0, 0, 0, 0, 0, 0, 0, 0, 0, 0, 0, 0, 0, 0, 0, 0, 0, 0, 0, 0, 0, 0, 0, 0, 0, 0, 0, 0, 0, 0, 0, 0, 0, 0, 0, 0, 0, 0, 0, 0, 0, 0, 0, 0, 0, 0, 0, 0, 0, 0, 0, 0, 0, 0, 0, 0, 0, 0, 0, 0, 0, 0, 0, 0, 0, 0, 5, 999, 0, 0, 7, 0, 0]
time : 22346.99 (+7.42 = 0.00 + 7.42)

130th Add (Sname, S, D) : t[87], 139586437120, 13
Dist : [0, 0, 0, 0, 0, 0, 0, 0, 0, 0, 0, 0, 0, 0, 0, 0, 0, 0, 0, 0, 0, 0, 0, 0, 0, 0, 0, 0, 0, 0, 0, 0, 0, 0, 0, 0, 0, 0, 0, 0, 0, 0, 0, 0, 0, 0, 0, 0, 0, 0, 0, 0, 0, 0, 0, 0, 0, 0, 0, 0, 0, 0, 0, 0, 0, 0, 0, 0, 0, 4, 999, 0, 0, 7, 0, 0]
time : 24010.32 (+1663.33 = 0.01 + 1655.45 + 0.00 + 0.00 + 7.87)

131th Add (Sname, S, D) : t[88], 805306368, 12
Dist : [0, 0, 0, 0, 0, 0, 0, 0, 0, 0, 0, 0, 0, 0, 0, 0, 0, 0, 0, 0, 0, 0, 0, 0, 0, 0, 0, 0, 0, 0, 0, 0, 0, 0, 0, 0, 0, 0, 0, 0, 0, 0, 0, 0, 0, 0, 0, 0, 0, 0, 0, 0, 0, 0, 0, 0, 0, 0, 0, 0, 0, 0, 0, 0, 0, 0, 0, 0, 0, 3, 999, 0, 0, 7, 0, 0]
time : 25778.47 (+1768.14 = 0.01 + 1760.57 + 0.00 + 0.00 + 7.56)

132th Add (Sname, S, D) : t[89], 5100273664, 13
Dist : [0, 0, 0, 0, 0, 0, 0, 0, 0, 0, 0, 0, 0, 0, 0, 0, 0, 0, 0, 0, 0, 0, 0, 0, 0, 0, 0, 0, 0, 0, 0, 0, 0, 0, 0, 0, 0, 0, 0, 0, 0, 0, 0, 0, 0, 0, 0, 0, 0, 0, 0, 0, 0, 0, 0, 0, 0, 0, 0, 0, 0, 0, 0, 0, 0, 0, 0, 0, 0, 2, 999, 0, 0, 7, 0, 0]
time : 27608.91 (+1830.44 = 0.01 + 1823.05 + 0.00 + 0.00 + 7.38)

133th Add (Sname, S, D) : t[90], 144686710784, 14
Dist : [0, 0, 0, 0, 0, 0, 0, 0, 0, 0, 0, 0, 0, 0, 0, 0, 0, 0, 0, 0, 0, 0, 0, 0, 0, 0, 0, 0, 0, 0, 0, 0, 0, 0, 0, 0, 0, 0, 0, 0, 0, 0, 0, 0, 0, 0, 0, 0, 0, 0, 0, 0, 0, 0, 0, 0, 0, 0, 0, 0, 0, 0, 0, 0, 0, 0, 0, 0, 0, 1, 999, 0, 0, 7, 0, 0]
time : 29507.16 (+1898.25 = 0.01 + 1890.66 + 0.00 + 0.00 + 7.57)

134th Add (Sname, S, D) : t[91], 1862673629184, 15
Dist : [0, 0, 0, 0, 0, 0, 0, 0, 0, 0, 0, 0, 0, 0, 0, 0, 0, 0, 0, 0, 0, 0, 0, 0, 0, 0, 0, 0, 0, 0, 0, 0, 0, 0, 0, 0, 0, 0, 0, 0, 0, 0, 0, 0, 0, 0, 0, 0, 0, 0, 0, 0, 0, 0, 0, 0, 0, 0, 0, 0, 0, 0, 0, 0, 0, 0, 0, 0, 0, 0, 999, 0, 0, 7, 0, 0]
time : 29514.92 (+7.76 = 0.00 + 7.76)

135th Add (Sname, S, D) : t[92], 69793218560, 13
Dist : [0, 0, 0, 0, 0, 0, 0, 0, 0, 0, 0, 0, 0, 0, 0, 0, 0, 0, 0, 0, 0, 0, 0, 0, 0, 0, 0, 0, 0, 0, 0, 0, 0, 0, 0, 0, 0, 0, 0, 0, 0, 0, 0, 0, 0, 0, 0, 0, 0, 0, 0, 0, 0, 0, 0, 0, 0, 0, 0, 0, 0, 0, 0, 0, 0, 0, 0, 0, 0, 0, 999, 0, 0, 6, 0, 0]
time : 31383.83 (+1868.92 = 0.01 + 1862.24 + 0.00 + 0.00 + 6.67)

136th Add (Sname, S, D) : t[93], 344671125504, 14
Dist : [0, 0, 0, 0, 0, 0, 0, 0, 0, 0, 0, 0, 0, 0, 0, 0, 0, 0, 0, 0, 0, 0, 0, 0, 0, 0, 0, 0, 0, 0, 0, 0, 0, 0, 0, 0, 0, 0, 0, 0, 0, 0, 0, 0, 0, 0, 0, 0, 0, 0, 0, 0, 0, 0, 0, 0, 0, 0, 0, 0, 0, 0, 0, 0, 0, 0, 0, 0, 0, 0, 999, 0, 0, 5, 0, 0]
time : 31968.40 (+584.57 = 0.01 + 577.89 + 0.00 + 0.00 + 6.67)

137th Add (Sname, S, D) : t[94], 549822922752, 13
Dist : [0, 0, 0, 0, 0, 0, 0, 0, 0, 0, 0, 0, 0, 0, 0, 0, 0, 0, 0, 0, 0, 0, 0, 0, 0, 0, 0, 0, 0, 0, 0, 0, 0, 0, 0, 0, 0, 0, 0, 0, 0, 0, 0, 0, 0, 0, 0, 0, 0, 0, 0, 0, 0, 0, 0, 0, 0, 0, 0, 0, 0, 0, 0, 0, 0, 0, 0, 0, 0, 0, 999, 0, 0, 4, 0, 0]
time : 32545.46 (+577.06 = 0.01 + 570.18 + 0.00 + 0.00 + 6.87)

138th Add (Sname, S, D) : t[95], 2203318222848, 12
Dist : [0, 0, 0, 0, 0, 0, 0, 0, 0, 0, 0, 0, 0, 0, 0, 0, 0, 0, 0, 0, 0, 0, 0, 0, 0, 0, 0, 0, 0, 0, 0, 0, 0, 0, 0, 0, 0, 0, 0, 0, 0, 0, 0, 0, 0, 0, 0, 0, 0, 0, 0, 0, 0, 0, 0, 0, 0, 0, 0, 0, 0, 0, 0, 0, 0, 0, 0, 0, 0, 0, 999, 0, 0, 3, 0, 0]
time : 33153.70 (+608.23 = 0.01 + 601.38 + 0.00 + 0.00 + 6.84)

139th Add (Sname, S, D) : t[96], 2203335000064, 13
Dist : [0, 0, 0, 0, 0, 0, 0, 0, 0, 0, 0, 0, 0, 0, 0, 0, 0, 0, 0, 0, 0, 0, 0, 0, 0, 0, 0, 0, 0, 0, 0, 0, 0, 0, 0, 0, 0, 0, 0, 0, 0, 0, 0, 0, 0, 0, 0, 0, 0, 0, 0, 0, 0, 0, 0, 0, 0, 0, 0, 0, 0, 0, 0, 0, 0, 0, 0, 0, 0, 0, 999, 0, 0, 2, 0, 0]
time : 33796.77 (+643.07 = 0.01 + 636.05 + 0.00 + 0.00 + 7.01)

140th Add (Sname, S, D) : t[97], 2753157922816, 14
Dist : [0, 0, 0, 0, 0, 0, 0, 0, 0, 0, 0, 0, 0, 0, 0, 0, 0, 0, 0, 0, 0, 0, 0, 0, 0, 0, 0, 0, 0, 0, 0, 0, 0, 0, 0, 0, 0, 0, 0, 0, 0, 0, 0, 0, 0, 0, 0, 0, 0, 0, 0, 0, 0, 0, 0, 0, 0, 0, 0, 0, 0, 0, 0, 0, 0, 0, 0, 0, 0, 0, 999, 0, 0, 1, 0, 0]
time : 34467.02 (+670.25 = 0.01 + 662.94 + 0.00 + 0.00 + 7.30)

141th Add (Sname, S, D) : t[98], 3097829048320, 15
Dist : [0, 0, 0, 0, 0, 0, 0, 0, 0, 0, 0, 0, 0, 0, 0, 0, 0, 0, 0, 0, 0, 0, 0, 0, 0, 0, 0, 0, 0, 0, 0, 0, 0, 0, 0, 0, 0, 0, 0, 0, 0, 0, 0, 0, 0, 0, 0, 0, 0, 0, 0, 0, 0, 0, 0, 0, 0, 0, 0, 0, 0, 0, 0, 0, 0, 0, 0, 0, 0, 0, 999, 0, 0, 0, 0, 0]
time : 34474.47 (+7.45 = 0.00 + 7.45)

142th Add (Sname, S, D) : t[99], 335544320, 12
Dist : [0, 0, 0, 0, 0, 0, 0, 0, 0, 0, 0, 0, 0, 0, 0, 0, 0, 0, 0, 0, 0, 0, 0, 0, 0, 0, 0, 0, 0, 0, 0, 0, 0, 0, 0, 0, 0, 0, 0, 0, 0, 0, 0, 0, 0, 0, 0, 0, 0, 0, 0, 0, 0, 0, 0, 0, 0, 0, 0, 0, 0, 0, 0, 0, 0, 0, 0, 0, 0, 0, 999, 0, 0, 0, 0, 0]
time : 34482.09 (+7.62 = 0.00 + 7.62)

143th Add (Sname, S, D) : t[100], 4429185024, 12
Dist : [0, 0, 0, 0, 0, 0, 0, 0, 0, 0, 0, 0, 0, 0, 0, 0, 0, 0, 0, 0, 0, 0, 0, 0, 0, 0, 0, 0, 0, 0, 0, 0, 0, 0, 0, 0, 0, 0, 0, 0, 0, 0, 0, 0, 0, 0, 0, 0, 0, 0, 0, 0, 0, 0, 0, 0, 0, 0, 0, 0, 0, 0, 0, 0, 0, 0, 0, 0, 0, 0, 999, 0, 0, 0, 0, 0]
time : 34489.91 (+7.82 = 0.00 + 7.82)

144th Add (Sname, S, D) : t[101], 51539607552, 12
Dist : [0, 0, 0, 0, 0, 0, 0, 0, 0, 0, 0, 0, 0, 0, 0, 0, 0, 0, 0, 0, 0, 0, 0, 0, 0, 0, 0, 0, 0, 0, 0, 0, 0, 0, 0, 0, 0, 0, 0, 0, 0, 0, 0, 0, 0, 0, 0, 0, 0, 0, 0, 0, 0, 0, 0, 0, 0, 0, 0, 0, 0, 0, 0, 0, 0, 0, 0, 0, 0, 0, 7, 0, 0, 0, 0, 0]
time : 34497.82 (+7.91 = 0.00 + 7.91)

145th Add (Sname, S, D) : t[102], 55968792576, 13
Dist : [0, 0, 0, 0, 0, 0, 0, 0, 0, 0, 0, 0, 0, 0, 0, 0, 0, 0, 0, 0, 0, 0, 0, 0, 0, 0, 0, 0, 0, 0, 0, 0, 0, 0, 0, 0, 0, 0, 0, 0, 0, 0, 0, 0, 0, 0, 0, 0, 0, 0, 0, 0, 0, 0, 0, 0, 0, 0, 0, 0, 0, 0, 0, 0, 0, 0, 0, 0, 0, 0, 6, 0, 0, 0, 0, 0]
time : 36674.65 (+2176.82 = 0.01 + 2176.28 + 0.00 + 0.00 + 0.53)

146th Add (Sname, S, D) : t[103], 1705236234240, 14
Dist : [0, 0, 0, 0, 0, 0, 0, 0, 0, 0, 0, 0, 0, 0, 0, 0, 0, 0, 0, 0, 0, 0, 0, 0, 0, 0, 0, 0, 0, 0, 0, 0, 0, 0, 0, 0, 0, 0, 0, 0, 0, 0, 0, 0, 0, 0, 0, 0, 0, 0, 0, 0, 0, 0, 0, 0, 0, 0, 0, 0, 0, 0, 0, 0, 0, 0, 0, 0, 0, 0, 5, 0, 0, 0, 0, 0]
time : 37808.51 (+1133.87 = 0.01 + 1133.46 + 0.00 + 0.00 + 0.39)

147th Add (Sname, S, D) : t[104], 343597383680, 12
Dist : [0, 0, 0, 0, 0, 0, 0, 0, 0, 0, 0, 0, 0, 0, 0, 0, 0, 0, 0, 0, 0, 0, 0, 0, 0, 0, 0, 0, 0, 0, 0, 0, 0, 0, 0, 0, 0, 0, 0, 0, 0, 0, 0, 0, 0, 0, 0, 0, 0, 0, 0, 0, 0, 0, 0, 0, 0, 0, 0, 0, 0, 0, 0, 0, 0, 0, 0, 0, 0, 0, 4, 0, 0, 0, 0, 0]
time : 39044.18 (+1235.66 = 0.02 + 1235.24 + 0.00 + 0.00 + 0.41)

148th Add (Sname, S, D) : t[105], 345744867328, 13
Dist : [0, 0, 0, 0, 0, 0, 0, 0, 0, 0, 0, 0, 0, 0, 0, 0, 0, 0, 0, 0, 0, 0, 0, 0, 0, 0, 0, 0, 0, 0, 0, 0, 0, 0, 0, 0, 0, 0, 0, 0, 0, 0, 0, 0, 0, 0, 0, 0, 0, 0, 0, 0, 0, 0, 0, 0, 0, 0, 0, 0, 0, 0, 0, 0, 0, 0, 0, 0, 0, 0, 3, 0, 0, 0, 0, 0]
time : 40360.68 (+1316.50 = 0.02 + 1316.05 + 0.00 + 0.00 + 0.44)

149th Add (Sname, S, D) : t[106], 352321536, 13
Dist : [0, 0, 0, 0, 0, 0, 0, 0, 0, 0, 0, 0, 0, 0, 0, 0, 0, 0, 0, 0, 0, 0, 0, 0, 0, 0, 0, 0, 0, 0, 0, 0, 0, 0, 0, 0, 0, 0, 0, 0, 0, 0, 0, 0, 0, 0, 0, 0, 0, 0, 0, 0, 0, 0, 0, 0, 0, 0, 0, 0, 0, 0, 0, 0, 0, 0, 0, 0, 0, 0, 2, 0, 0, 0, 0, 0]
time : 41748.12 (+1387.44 = 0.02 + 1386.98 + 0.00 + 0.00 + 0.44)

150th Add (Sname, S, D) : t[107], 346097188864, 14
Dist : [0, 0, 0, 0, 0, 0, 0, 0, 0, 0, 0, 0, 0, 0, 0, 0, 0, 0, 0, 0, 0, 0, 0, 0, 0, 0, 0, 0, 0, 0, 0, 0, 0, 0, 0, 0, 0, 0, 0, 0, 0, 0, 0, 0, 0, 0, 0, 0, 0, 0, 0, 0, 0, 0, 0, 0, 0, 0, 0, 0, 0, 0, 0, 0, 0, 0, 0, 0, 0, 0, 1, 0, 0, 0, 0, 0]
time : 43195.96 (+1447.84 = 0.02 + 1447.37 + 0.00 + 0.00 + 0.45)

151th Add (Sname, S, D) : t[108], 2051333423104, 15
Dist : [0, 0, 0, 0, 0, 0, 0, 0, 0, 0, 0, 0, 0, 0, 0, 0, 0, 0, 0, 0, 0, 0, 0, 0, 0, 0, 0, 0, 0, 0, 0, 0, 0, 0, 0, 0, 0, 0, 0, 0, 0, 0, 0, 0, 0, 0, 0, 0, 0, 0, 0, 0, 0, 0, 0, 0, 0, 0, 0, 0, 0, 0, 0, 0, 0, 0, 0, 0, 0, 0, 0, 0, 0, 0, 0, 0]
time : 43196.42 (+0.46 = 0.00 + 0.46)

XOR : 109
Circuit : ['r[5]=x[0]', 'r[37]=x[0]', 'r[8]=x[1]', 't[0]=x[1]^x[7]', 'r[6]=t[0]', 'r[57]=t[0]', 't[1]=x[4]^x[7]', 'r[12]=t[1]', 'r[63]=t[1]', 't[2]=x[2]^x[4]', 'r[14]=t[2]', 'r[65]=t[2]', 't[3]=t[0]^t[2]', 'r[0]=t[3]', 'r[51]=t[3]', 't[4]=x[2]^x[7]', 'r[16]=t[4]', 'r[67]=t[4]', 't[5]=x[2]^x[3]', 't[6]=t[3]^t[5]', 'r[1]=t[6]', 'r[33]=t[6]', 'g[0]=r[0]&r[1]', 't[7]=x[5]^x[6]', 't[8]=x[0]^t[7]', 'r[9]=t[8]', 'r[41]=t[8]', 'g[4]=(r[8]|r[9])^1', 't[9]=x[4]^t[8]', 'r[4]=t[9]', 'r[55]=t[9]', 'g[2]=r[4]&r[5]', 't[10]=x[7]^t[8]', 'r[10]=t[10]', 'r[61]=t[10]', 't[11]=x[1]^t[8]', 'r[59]=t[11]', 't[12]=x[1]^x[5]', 't[13]=t[5]^t[12]', 'r[7]=t[13]', 'r[39]=t[13]', 'g[3]=r[6]&r[7]', 't[14]=t[8]^t[13]', 'r[11]=t[14]', 'r[43]=t[14]', 'g[5]=r[10]&r[11]', 't[15]=t[3]^t[12]', 'r[15]=t[15]', 'r[47]=t[15]', 'g[7]=r[14]&r[15]', 't[16]=x[1]^t[4]', 't[17]=t[8]^t[16]', 'r[2]=t[17]', 'r[53]=t[17]', 't[18]=t[5]^t[7]', 't[19]=t[3]^t[18]', 'r[17]=t[19]', 'r[49]=t[19]', 'g[8]=r[16]&r[17]', 't[20]=x[1]^x[6]', 't[21]=t[5]^t[20]', 'r[13]=t[21]', 'r[45]=t[21]', 'g[6]=(r[12]|r[13])^1', 't[22]=g[4]^g[7]', 't[23]=g[5]^g[8]', 't[24]=t[22]^t[23]', 'r[23]=t[24]^1', 'r[30]=t[24]^1', 't[25]=x[0]^t[5]', 't[26]=t[3]^t[25]', 'r[3]=t[26]', 'r[35]=t[26]', 'g[1]=r[2]&r[3]', 't[27]=g[7]^g[1]', 't[28]=g[0]^g[6]', 't[29]=t[27]^t[28]', 'r[19]=t[29]^1', 'r[24]=t[29]^1', 't[30]=t[12]^g[8]', 't[31]=t[0]^t[30]', 't[32]=t[7]^g[3]', 't[33]=g[2]^t[27]', 't[34]=t[31]^t[33]', 'r[21]=t[34]', 'r[26]=t[34]', 't[35]=x[4]^g[6]', 't[36]=t[32]^t[35]', 't[37]=t[23]^t[36]', 'r[25]=t[37]^1', 'g[12]=r[24]&r[25]', 'r[27]=g[12]', 'g[13]=r[26]&r[27]', 't[38]=t[22]^t[36]', 'r[29]=t[38]', 't[39]=g[2]^t[28]', 't[40]=t[31]^t[39]', 'r[28]=t[40]^1', 'g[14]=r[28]&r[29]', 'r[31]=g[14]', 'g[15]=r[30]&r[31]', 't[41]=t[24]^t[34]', 't[42]=g[13]^t[41]', 't[43]=g[15]^t[42]', 'r[48]=t[43]^1', 'r[66]=t[43]^1', 'g[24]=r[48]&r[49]', 'g[33]=r[66]&r[67]', 't[44]=g[1]^t[32]', 't[45]=x[4]^g[4]', 't[46]=g[0]^t[45]', 't[47]=t[44]^t[46]', 'r[18]=t[47]^1', 'g[9]=r[18]&r[19]', 't[48]=t[34]^g[9]', 'r[22]=t[48]', 'g[11]=r[22]&r[23]', 't[49]=t[37]^g[11]', 'r[36]=t[49]^1', 'r[54]=t[49]^1', 'g[18]=r[36]&r[37]', 'g[27]=r[54]&r[55]', 't[50]=t[40]^g[9]', 't[51]=g[13]^t[50]', 'r[40]=t[51]^1', 'r[58]=t[51]^1', 'g[20]=r[40]&r[41]', 'g[29]=r[58]&r[59]', 't[52]=t[41]^t[50]', 't[53]=g[15]^t[52]', 'r[34]=t[53]', 'r[52]=t[53]', 'g[17]=r[34]&r[35]', 'g[26]=r[52]&r[53]', 't[54]=t[49]^t[53]', 'r[32]=t[54]^1', 'r[50]=t[54]^1', 'g[16]=r[32]&r[33]', 'g[25]=r[50]&r[51]', 't[55]=t[24]^t[47]', 't[56]=g[9]^t[55]', 'r[20]=t[56]', 'g[10]=r[20]&r[21]', 't[57]=t[40]^g[10]', 'r[42]=t[57]^1', 'r[60]=t[57]^1', 'g[21]=r[42]&r[43]', 'g[30]=r[60]&r[61]', 't[58]=t[49]^t[57]', 'r[44]=t[58]', 'r[62]=t[58]', 'g[22]=r[44]&r[45]', 'g[31]=r[62]&r[63]', 't[59]=g[13]^g[9]', 't[60]=g[10]^t[59]', 'r[38]=t[60]', 'r[56]=t[60]', 'g[19]=r[38]&r[39]', 'g[28]=r[56]&r[57]', 't[61]=g[15]^g[10]', 't[62]=g[13]^t[47]', 't[63]=g[11]^t[62]', 't[64]=t[61]^t[63]', 'r[46]=t[64]^1', 'r[64]=t[64]^1', 'g[23]=r[46]&r[47]', 'g[32]=r[64]&r[65]', 't[65]=g[31]^g[32]', 't[66]=g[25]^t[65]', 't[67]=g[20]^g[26]', 't[68]=g[17]^t[67]', 't[69]=g[22]^g[23]', 't[70]=g[16]^g[19]', 't[71]=g[18]^g[21]', 't[72]=g[28]^t[65]', 't[73]=t[68]^t[70]', 't[74]=t[66]^t[73]', 'y[4]=t[74]', 't[75]=t[68]^t[71]', 't[76]=t[66]^t[75]', 'y[3]=t[76]', 't[77]=g[19]^t[67]', 't[78]=t[69]^t[77]', 't[79]=t[66]^t[78]', 'y[7]=t[79]', 't[80]=g[29]^t[71]', 't[81]=t[70]^t[80]', 't[82]=t[72]^t[81]', 'y[0]=t[82]^1', 't[83]=g[17]^g[26]', 't[84]=g[16]^t[83]', 't[85]=t[69]^t[84]', 't[86]=t[66]^t[85]', 'y[6]=t[86]^1', 't[87]=g[29]^g[23]', 't[88]=g[20]^g[21]', 't[89]=g[24]^t[88]', 't[90]=t[87]^t[89]', 't[91]=t[72]^t[90]', 'y[1]=t[91]^1', 't[92]=g[22]^g[28]', 't[93]=g[30]^t[92]', 't[94]=g[18]^g[31]', 't[95]=g[24]^g[33]', 't[96]=g[16]^t[95]', 't[97]=t[94]^t[96]', 't[98]=t[93]^t[97]', 'y[5]=t[98]^1', 't[99]=g[18]^g[20]', 't[100]=g[24]^g[19]', 't[101]=g[27]^g[26]', 't[102]=t[100]^t[101]', 't[103]=t[65]^t[102]', 't[104]=g[30]^g[28]', 't[105]=g[23]^t[104]', 't[106]=g[16]^t[99]', 't[107]=t[105]^t[106]', 't[108]=t[103]^t[107]', 'y[2]=t[108]']