n : 8
m : 8
H : 15
Y : [150, 154, 231, 155, 113, 1, 130, 46, 2, 97, 225, 79, 144, 78, 20, 180, 132, 250, 7024, 49920, 240496, 100000, 231072, 110592, 49920, 92272, 100000, 1048576, 83360, 55408, 110592, 4194304, 9050992, 154, 8614656, 155, 616560, 1, 2490368, 46, 2311584, 97, 345504, 79, 798160, 78, 11279216, 180, 10499744, 250, 9050992, 150, 8614656, 231, 616560, 113, 2490368, 130, 2311584, 99, 345504, 225, 798160, 144, 11279216, 20, 10499744, 132, 1856180846592, 1862673629184, 2051333423104, 1675943215104, 1675490230272, 3097829048320, 1678308802560, 1678661124096]
XORs : {'r[0]': ['x[7]', 'x[1]', 'x[4]', 'x[2]'], 'r[1]': ['x[7]', 'x[4]', 'x[3]', 'x[1]'], 'r[2]': ['x[7]', 'x[2]', 'x[6]', 'x[5]', 'x[1]', 'x[0]'], 'r[3]': ['x[0]', 'x[7]', 'x[4]', 'x[3]', 'x[1]'], 'r[4]': ['x[6]', 'x[5]', 'x[4]', 'x[0]'], 'r[5]': ['x[0]'], 'r[6]': ['x[7]', 'x[1]'], 'r[7]': ['x[3]', 'x[1]', 'x[5]', 'x[2]'], 'r[8]': ['x[1]'], 'r[9]': ['x[0]', 'x[6]', 'x[5]'], 'r[10]': ['x[7]', 'x[6]', 'x[5]', 'x[0]'], 'r[11]': ['x[0]', 'x[6]', 'x[3]', 'x[1]', 'x[2]'], 'r[12]': ['x[7]', 'x[4]'], 'r[13]': ['x[3]', 'x[1]', 'x[6]', 'x[2]'], 'r[14]': ['x[4]', 'x[2]'], 'r[15]': ['x[7]', 'x[4]', 'x[5]', 'x[2]'], 'r[16]': ['x[7]', 'x[2]'], 'r[17]': ['x[6]', 'x[5]', 'x[7]', 'x[4]', 'x[3]', 'x[1]'], 'r[18]': ['g[4]', 'g[3]', 'x[4]', 'x[6]', 'x[5]', 'g[1]', 'g[0]'], 'r[19]': ['g[1]', 'g[7]', 'g[6]', 'g[0]'], 'r[20]': ['g[9]', 'g[5]', 'g[3]', 'g[8]', 'x[5]', 'x[4]', 'x[6]', 'g[1]', 'g[7]', 'g[0]'], 'r[21]': ['g[1]', 'g[7]', 'g[8]', 'g[2]', 'x[7]', 'x[5]'], 'r[22]': ['g[9]', 'g[8]', 'g[2]', 'x[5]', 'x[7]', 'g[1]', 'g[7]'], 'r[23]': ['g[4]', 'g[7]', 'g[5]', 'g[8]'], 'r[24]': ['g[1]', 'g[7]', 'g[6]', 'g[0]'], 'r[25]': ['g[5]', 'g[3]', 'g[8]', 'g[6]', 'x[5]', 'x[4]', 'x[6]'], 'r[26]': ['g[1]', 'g[7]', 'g[8]', 'g[2]', 'x[7]', 'x[5]'], 'r[27]': ['g[12]'], 'r[28]': ['g[8]', 'g[6]', 'g[2]', 'g[0]', 'x[5]', 'x[7]'], 'r[29]': ['g[4]', 'g[7]', 'g[6]', 'g[3]', 'x[4]', 'x[6]', 'x[5]'], 'r[30]': ['g[4]', 'g[7]', 'g[5]', 'g[8]'], 'r[31]': ['g[14]'], 'r[32]': ['g[11]', 'g[15]', 'g[9]', 'g[4]', 'g[3]', 'x[4]', 'x[6]', 'x[5]', 'g[1]', 'g[0]'], 'r[33]': ['x[7]', 'x[4]', 'x[3]', 'x[1]'], 'r[34]': ['g[15]', 'g[9]', 'g[4]', 'g[5]', 'g[8]', 'g[1]', 'g[6]', 'g[0]'], 'r[35]': ['x[0]', 'x[7]', 'x[4]', 'x[3]', 'x[1]'], 'r[36]': ['g[11]', 'g[5]', 'g[3]', 'g[8]', 'g[6]', 'x[5]', 'x[4]', 'x[6]'], 'r[37]': ['x[0]'], 'r[38]': ['g[10]', 'g[13]', 'g[9]'], 'r[39]': ['x[3]', 'x[1]', 'x[5]', 'x[2]'], 'r[40]': ['g[13]', 'g[9]', 'g[8]', 'g[2]', 'x[7]', 'x[5]', 'g[6]', 'g[0]'], 'r[41]': ['x[0]', 'x[6]', 'x[5]'], 'r[42]': ['g[10]', 'g[8]', 'g[6]', 'g[2]', 'g[0]', 'x[5]', 'x[7]'], 'r[43]': ['x[0]', 'x[6]', 'x[3]', 'x[1]', 'x[2]'], 'r[44]': ['g[10]', 'g[11]', 'g[2]', 'g[0]', 'g[5]', 'g[3]', 'x[6]', 'x[7]', 'x[4]'], 'r[45]': ['x[3]', 'x[1]', 'x[6]', 'x[2]'], 'r[46]': ['g[10]', 'g[11]', 'g[13]', 'g[15]', 'g[1]', 'g[4]', 'g[0]', 'g[3]', 'x[4]', 'x[6]', 'x[5]'], 'r[47]': ['x[7]', 'x[4]', 'x[5]', 'x[2]'], 'r[48]': ['g[13]', 'g[15]', 'g[1]', 'g[4]', 'g[2]', 'g[5]', 'x[7]', 'x[5]'], 'r[49]': ['x[6]', 'x[5]', 'x[7]', 'x[4]', 'x[3]', 'x[1]'], 'r[50]': ['g[11]', 'g[15]', 'g[9]', 'g[4]', 'g[3]', 'x[4]', 'x[6]', 'x[5]', 'g[1]', 'g[0]'], 'r[51]': ['x[7]', 'x[1]', 'x[4]', 'x[2]'], 'r[52]': ['g[15]', 'g[9]', 'g[4]', 'g[5]', 'g[8]', 'g[1]', 'g[6]', 'g[0]'], 'r[53]': ['x[7]', 'x[2]', 'x[6]', 'x[5]', 'x[1]', 'x[0]'], 'r[54]': ['g[11]', 'g[5]', 'g[3]', 'g[8]', 'g[6]', 'x[5]', 'x[4]', 'x[6]'], 'r[55]': ['x[6]', 'x[5]', 'x[4]', 'x[0]'], 'r[56]': ['g[10]', 'g[13]', 'g[9]'], 'r[57]': ['x[7]', 'x[1]'], 'r[58]': ['g[13]', 'g[9]', 'g[8]', 'g[2]', 'x[7]', 'x[5]', 'g[6]', 'g[0]'], 'r[59]': ['x[6]', 'x[5]', 'x[1]', 'x[0]'], 'r[60]': ['g[10]', 'g[8]', 'g[6]', 'g[2]', 'g[0]', 'x[5]', 'x[7]'], 'r[61]': ['x[7]', 'x[6]', 'x[5]', 'x[0]'], 'r[62]': ['g[10]', 'g[11]', 'g[2]', 'g[0]', 'g[5]', 'g[3]', 'x[6]', 'x[7]', 'x[4]'], 'r[63]': ['x[7]', 'x[4]'], 'r[64]': ['g[10]', 'g[11]', 'g[13]', 'g[15]', 'g[1]', 'g[4]', 'g[0]', 'g[3]', 'x[4]', 'x[6]', 'x[5]'], 'r[65]': ['x[4]', 'x[2]'], 'r[66]': ['g[13]', 'g[15]', 'g[1]', 'g[4]', 'g[2]', 'g[5]', 'x[7]', 'x[5]'], 'r[67]': ['x[7]', 'x[2]'], 'y[7]': ['g[32]', 'g[19]', 'g[31]', 'g[25]', 'g[22]', 'g[23]', 'g[20]', 'g[26]'], 'y[6]': ['g[26]', 'g[31]', 'g[32]', 'g[16]', 'g[22]', 'g[23]', 'g[17]', 'g[25]'], 'y[5]': ['g[33]', 'g[24]', 'g[28]', 'g[30]', 'g[22]', 'g[31]', 'g[16]', 'g[18]'], 'y[4]': ['g[32]', 'g[19]', 'g[31]', 'g[20]', 'g[26]', 'g[16]', 'g[17]', 'g[25]'], 'y[3]': ['g[31]', 'g[32]', 'g[20]', 'g[26]', 'g[17]', 'g[25]', 'g[18]', 'g[21]'], 'y[2]': ['g[32]', 'g[23]', 'g[30]', 'g[27]', 'g[19]', 'g[31]', 'g[24]', 'g[28]', 'g[16]', 'g[18]', 'g[20]', 'g[26]'], 'y[1]': ['g[20]', 'g[31]', 'g[32]', 'g[21]', 'g[29]', 'g[23]', 'g[24]', 'g[28]'], 'y[0]': ['g[32]', 'g[19]', 'g[31]', 'g[28]', 'g[16]', 'g[18]', 'g[21]', 'g[29]']}
HY : [3, 3, 3, 3, 5, 0, 1, 3, 0, 2, 3, 3, 1, 2, 1, 3, 1, 3, 6, 6, 8, 7, 8, 8, 6, 6, 7, 7, 7, 7, 8, 8, 11, 3, 10, 3, 10, 0, 10, 3, 10, 2, 10, 3, 11, 2, 11, 3, 10, 3, 11, 3, 10, 3, 10, 5, 10, 1, 10, 12, 10, 3, 11, 1, 11, 1, 10, 1, 15, 15, 15, 15, 15, 15, 15, 15]
sbp_pool_size : 2

Dist : [3, 3, 5, 4, 3, 0, 1, 3, 0, 2, 3, 4, 1, 3, 1, 3, 1, 5, 999, 999, 999, 999, 999, 999, 999, 999, 999, 999, 999, 999, 999, 999, 999, 3, 999, 4, 999, 0, 999, 3, 999, 2, 999, 4, 999, 3, 999, 3, 999, 5, 999, 3, 999, 5, 999, 3, 999, 1, 999, 3, 999, 3, 999, 1, 999, 1, 999, 1, 999, 999, 999, 999, 999, 999, 999, 999]
time : 0.01 (+0.01)

9th Add (Sname, S, D) : t[0], 130, 1
Dist : [2, 2, 4, 3, 3, 0, 0, 3, 0, 2, 3, 4, 1, 3, 1, 3, 1, 4, 999, 999, 999, 999, 999, 999, 999, 999, 999, 999, 999, 999, 999, 999, 999, 2, 999, 3, 999, 0, 999, 3, 999, 2, 999, 4, 999, 3, 999, 3, 999, 4, 999, 2, 999, 4, 999, 3, 999, 0, 999, 3, 999, 3, 999, 1, 999, 1, 999, 1, 999, 999, 999, 999, 999, 999, 999, 999]
time : 0.01 (+0.01 = 0.00 + 0.00)

10th Add (Sname, S, D) : t[1], 144, 1
Dist : [2, 2, 4, 3, 3, 0, 0, 3, 0, 2, 3, 4, 0, 3, 1, 2, 1, 4, 999, 999, 999, 999, 999, 999, 999, 999, 999, 999, 999, 999, 999, 999, 999, 2, 999, 3, 999, 0, 999, 3, 999, 2, 999, 4, 999, 3, 999, 2, 999, 4, 999, 2, 999, 4, 999, 3, 999, 0, 999, 3, 999, 3, 999, 0, 999, 1, 999, 1, 999, 999, 999, 999, 999, 999, 999, 999]
time : 0.01 (+0.00 = 0.00 + 0.00)

11th Add (Sname, S, D) : t[2], 20, 1
Dist : [1, 2, 4, 3, 3, 0, 0, 3, 0, 2, 3, 4, 0, 3, 0, 2, 1, 4, 999, 999, 999, 999, 999, 999, 999, 999, 999, 999, 999, 999, 999, 999, 999, 2, 999, 3, 999, 0, 999, 3, 999, 2, 999, 4, 999, 3, 999, 2, 999, 4, 999, 1, 999, 4, 999, 3, 999, 0, 999, 3, 999, 3, 999, 0, 999, 0, 999, 1, 999, 999, 999, 999, 999, 999, 999, 999]
time : 0.01 (+0.00 = 0.00 + 0.00)

12th Add (Sname, S, D) : t[3], 150, 2
Dist : [0, 2, 4, 3, 3, 0, 0, 3, 0, 2, 3, 4, 0, 3, 0, 2, 1, 4, 999, 999, 999, 999, 999, 999, 999, 999, 999, 999, 999, 999, 999, 999, 999, 2, 999, 3, 999, 0, 999, 3, 999, 2, 999, 4, 999, 3, 999, 2, 999, 4, 999, 0, 999, 4, 999, 3, 999, 0, 999, 3, 999, 3, 999, 0, 999, 0, 999, 1, 999, 999, 999, 999, 999, 999, 999, 999]
time : 0.01 (+0.00 = 0.00 + 0.00)

13th Add (Sname, S, D) : t[4], 132, 1
Dist : [0, 2, 4, 3, 3, 0, 0, 3, 0, 2, 3, 4, 0, 3, 0, 2, 0, 4, 999, 999, 999, 999, 999, 999, 999, 999, 999, 999, 999, 999, 999, 999, 999, 2, 999, 3, 999, 0, 999, 3, 999, 2, 999, 4, 999, 3, 999, 2, 999, 4, 999, 0, 999, 4, 999, 3, 999, 0, 999, 3, 999, 3, 999, 0, 999, 0, 999, 0, 999, 999, 999, 999, 999, 999, 999, 999]
time : 0.01 (+0.00 = 0.00 + 0.00)

14th Add (Sname, S, D) : t[5], 12, 1
Dist : [0, 1, 4, 2, 3, 0, 0, 2, 0, 2, 3, 3, 0, 2, 0, 2, 0, 3, 999, 999, 999, 999, 999, 999, 999, 999, 999, 999, 999, 999, 999, 999, 999, 1, 999, 2, 999, 0, 999, 2, 999, 2, 999, 3, 999, 2, 999, 2, 999, 3, 999, 0, 999, 4, 999, 3, 999, 0, 999, 3, 999, 3, 999, 0, 999, 0, 999, 0, 999, 999, 999, 999, 999, 999, 999, 999]
time : 0.01 (+0.01 = 0.00 + 0.00 + 0.00 + 0.00 + 0.00)

15th Add (Sname, S, D) : t[6], 154, 3
Dist : [0, 0, 4, 2, 3, 0, 0, 2, 0, 2, 3, 3, 0, 2, 0, 2, 0, 3, 999, 999, 999, 999, 999, 999, 999, 999, 999, 999, 999, 999, 999, 999, 999, 0, 999, 2, 999, 0, 999, 2, 999, 2, 999, 3, 999, 2, 999, 2, 999, 3, 999, 0, 999, 4, 999, 3, 999, 0, 999, 3, 999, 3, 999, 0, 999, 0, 999, 0, 999, 999, 999, 999, 999, 999, 999, 999]
time : 0.02 (+0.00 = 0.00 + 0.00)

16th Add (Sname, S, D) : g[0], 256, 4
Dist : [0, 0, 4, 2, 3, 0, 0, 2, 0, 2, 3, 3, 0, 2, 0, 2, 0, 3, 999, 999, 999, 999, 999, 999, 999, 999, 999, 999, 999, 999, 999, 999, 999, 0, 999, 2, 999, 0, 999, 2, 999, 2, 999, 3, 999, 2, 999, 2, 999, 3, 999, 0, 999, 4, 999, 3, 999, 0, 999, 3, 999, 3, 999, 0, 999, 0, 999, 0, 999, 999, 999, 999, 999, 999, 999, 999]
time : 0.02 (+0.00 = 0.00 + 0.00)

17th Add (Sname, S, D) : t[7], 65, 1
Dist : [0, 0, 3, 2, 2, 0, 0, 2, 0, 1, 2, 2, 0, 2, 0, 2, 0, 3, 999, 999, 999, 999, 999, 999, 999, 999, 999, 999, 999, 999, 999, 999, 999, 0, 999, 2, 999, 0, 999, 2, 999, 1, 999, 2, 999, 2, 999, 2, 999, 3, 999, 0, 999, 3, 999, 2, 999, 0, 999, 2, 999, 2, 999, 0, 999, 0, 999, 0, 999, 999, 999, 999, 999, 999, 999, 999]
time : 0.03 (+0.01 = 0.00 + 0.01 + 0.00 + 0.00 + 0.00)

18th Add (Sname, S, D) : t[8], 97, 2
Dist : [0, 0, 2, 2, 1, 0, 0, 2, 0, 0, 1, 2, 0, 2, 0, 2, 0, 3, 999, 999, 999, 999, 999, 999, 999, 999, 999, 999, 999, 999, 999, 999, 999, 0, 999, 2, 999, 0, 999, 2, 999, 0, 999, 2, 999, 2, 999, 2, 999, 3, 999, 0, 999, 2, 999, 1, 999, 0, 999, 1, 999, 1, 999, 0, 999, 0, 999, 0, 999, 999, 999, 999, 999, 999, 999, 999]
time : 0.03 (+0.00 = 0.00 + 0.00)

19th Add (Sname, S, D) : g[4], 4096, 3
Dist : [0, 0, 2, 2, 1, 0, 0, 2, 0, 0, 1, 2, 0, 2, 0, 2, 0, 3, 999, 999, 999, 999, 999, 999, 999, 999, 999, 999, 999, 999, 999, 999, 999, 0, 999, 2, 999, 0, 999, 2, 999, 0, 999, 2, 999, 2, 999, 2, 999, 3, 999, 0, 999, 2, 999, 1, 999, 0, 999, 1, 999, 1, 999, 0, 999, 0, 999, 0, 999, 999, 999, 999, 999, 999, 999, 999]
time : 0.03 (+0.00 = 0.00 + 0.00)

20th Add (Sname, S, D) : t[9], 113, 3
Dist : [0, 0, 2, 2, 0, 0, 0, 2, 0, 0, 1, 2, 0, 2, 0, 2, 0, 3, 999, 999, 999, 999, 999, 999, 999, 999, 999, 999, 999, 999, 999, 999, 999, 0, 999, 2, 999, 0, 999, 2, 999, 0, 999, 2, 999, 2, 999, 2, 999, 3, 999, 0, 999, 2, 999, 0, 999, 0, 999, 1, 999, 1, 999, 0, 999, 0, 999, 0, 999, 999, 999, 999, 999, 999, 999, 999]
time : 0.03 (+0.00 = 0.00 + 0.00)

21th Add (Sname, S, D) : g[2], 1024, 4
Dist : [0, 0, 2, 2, 0, 0, 0, 2, 0, 0, 1, 2, 0, 2, 0, 2, 0, 3, 999, 999, 999, 999, 999, 999, 999, 999, 999, 999, 999, 999, 999, 999, 999, 0, 999, 2, 999, 0, 999, 2, 999, 0, 999, 2, 999, 2, 999, 2, 999, 3, 999, 0, 999, 2, 999, 0, 999, 0, 999, 1, 999, 1, 999, 0, 999, 0, 999, 0, 999, 999, 999, 999, 999, 999, 999, 999]
time : 0.03 (+0.00 = 0.00 + 0.00)

22th Add (Sname, S, D) : t[10], 225, 3
Dist : [0, 0, 2, 2, 0, 0, 0, 2, 0, 0, 0, 2, 0, 2, 0, 2, 0, 3, 999, 999, 999, 999, 999, 999, 999, 999, 999, 999, 999, 999, 999, 999, 999, 0, 999, 2, 999, 0, 999, 2, 999, 0, 999, 2, 999, 2, 999, 2, 999, 3, 999, 0, 999, 2, 999, 0, 999, 0, 999, 1, 999, 0, 999, 0, 999, 0, 999, 0, 999, 999, 999, 999, 999, 999, 999, 999]
time : 0.03 (+0.00 = 0.00 + 0.00)

23th Add (Sname, S, D) : t[11], 99, 3
Dist : [0, 0, 2, 2, 0, 0, 0, 2, 0, 0, 0, 2, 0, 2, 0, 2, 0, 3, 999, 999, 999, 999, 999, 999, 999, 999, 999, 999, 999, 999, 999, 999, 999, 0, 999, 2, 999, 0, 999, 2, 999, 0, 999, 2, 999, 2, 999, 2, 999, 3, 999, 0, 999, 2, 999, 0, 999, 0, 999, 0, 999, 0, 999, 0, 999, 0, 999, 0, 999, 999, 999, 999, 999, 999, 999, 999]
time : 0.03 (+0.00 = 0.00 + 0.00)

24th Add (Sname, S, D) : t[12], 14, 2
Dist : [0, 0, 2, 2, 0, 0, 0, 1, 0, 0, 0, 1, 0, 2, 0, 2, 0, 3, 999, 999, 999, 999, 999, 999, 999, 999, 999, 999, 999, 999, 999, 999, 999, 0, 999, 2, 999, 0, 999, 1, 999, 0, 999, 1, 999, 2, 999, 2, 999, 3, 999, 0, 999, 2, 999, 0, 999, 0, 999, 0, 999, 0, 999, 0, 999, 0, 999, 0, 999, 999, 999, 999, 999, 999, 999, 999]
time : 0.06 (+0.04 = 0.00 + 0.03 + 0.00 + 0.00 + 0.00)

25th Add (Sname, S, D) : t[13], 46, 3
Dist : [0, 0, 2, 2, 0, 0, 0, 0, 0, 0, 0, 1, 0, 2, 0, 2, 0, 3, 999, 999, 999, 999, 999, 999, 999, 999, 999, 999, 999, 999, 999, 999, 999, 0, 999, 2, 999, 0, 999, 0, 999, 0, 999, 1, 999, 2, 999, 2, 999, 3, 999, 0, 999, 2, 999, 0, 999, 0, 999, 0, 999, 0, 999, 0, 999, 0, 999, 0, 999, 999, 999, 999, 999, 999, 999, 999]
time : 0.06 (+0.00 = 0.00 + 0.00)

26th Add (Sname, S, D) : g[3], 2048, 4
Dist : [0, 0, 2, 2, 0, 0, 0, 0, 0, 0, 0, 1, 0, 2, 0, 2, 0, 3, 999, 999, 999, 999, 999, 999, 999, 999, 999, 999, 999, 999, 999, 999, 999, 0, 999, 2, 999, 0, 999, 0, 999, 0, 999, 1, 999, 2, 999, 2, 999, 3, 999, 0, 999, 2, 999, 0, 999, 0, 999, 0, 999, 0, 999, 0, 999, 0, 999, 0, 999, 999, 999, 999, 999, 999, 999, 999]
time : 0.06 (+0.00 = 0.00 + 0.00)

27th Add (Sname, S, D) : t[14], 79, 3
Dist : [0, 0, 2, 2, 0, 0, 0, 0, 0, 0, 0, 0, 0, 2, 0, 2, 0, 3, 999, 999, 999, 999, 999, 999, 999, 999, 999, 999, 999, 999, 999, 999, 999, 0, 999, 2, 999, 0, 999, 0, 999, 0, 999, 0, 999, 2, 999, 2, 999, 3, 999, 0, 999, 2, 999, 0, 999, 0, 999, 0, 999, 0, 999, 0, 999, 0, 999, 0, 999, 999, 999, 999, 999, 999, 999, 999]
time : 0.07 (+0.00 = 0.00 + 0.00)

28th Add (Sname, S, D) : g[5], 8192, 4
Dist : [0, 0, 2, 2, 0, 0, 0, 0, 0, 0, 0, 0, 0, 2, 0, 2, 0, 3, 999, 999, 999, 999, 999, 999, 999, 999, 999, 999, 999, 999, 999, 999, 999, 0, 999, 2, 999, 0, 999, 0, 999, 0, 999, 0, 999, 2, 999, 2, 999, 3, 999, 0, 999, 2, 999, 0, 999, 0, 999, 0, 999, 0, 999, 0, 999, 0, 999, 0, 999, 999, 999, 999, 999, 999, 999, 999]
time : 0.07 (+0.00 = 0.00 + 0.00)

29th Add (Sname, S, D) : t[15], 52, 2
Dist : [0, 0, 2, 2, 0, 0, 0, 0, 0, 0, 0, 0, 0, 2, 0, 1, 0, 3, 999, 999, 999, 999, 999, 999, 999, 999, 999, 999, 999, 999, 999, 999, 999, 0, 999, 2, 999, 0, 999, 0, 999, 0, 999, 0, 999, 2, 999, 1, 999, 3, 999, 0, 999, 2, 999, 0, 999, 0, 999, 0, 999, 0, 999, 0, 999, 0, 999, 0, 999, 999, 999, 999, 999, 999, 999, 999]
time : 0.15 (+0.08 = 0.00 + 0.08 + 0.00 + 0.00 + 0.00)

30th Add (Sname, S, D) : t[16], 180, 3
Dist : [0, 0, 2, 2, 0, 0, 0, 0, 0, 0, 0, 0, 0, 2, 0, 0, 0, 3, 999, 999, 999, 999, 999, 999, 999, 999, 999, 999, 999, 999, 999, 999, 999, 0, 999, 2, 999, 0, 999, 0, 999, 0, 999, 0, 999, 2, 999, 0, 999, 3, 999, 0, 999, 2, 999, 0, 999, 0, 999, 0, 999, 0, 999, 0, 999, 0, 999, 0, 999, 999, 999, 999, 999, 999, 999, 999]
time : 0.15 (+0.00 = 0.00 + 0.00)

31th Add (Sname, S, D) : g[7], 32768, 4
Dist : [0, 0, 2, 2, 0, 0, 0, 0, 0, 0, 0, 0, 0, 2, 0, 0, 0, 3, 999, 999, 999, 999, 999, 999, 999, 999, 999, 999, 999, 999, 999, 999, 999, 0, 999, 2, 999, 0, 999, 0, 999, 0, 999, 0, 999, 2, 999, 0, 999, 3, 999, 0, 999, 2, 999, 0, 999, 0, 999, 0, 999, 0, 999, 0, 999, 0, 999, 0, 999, 999, 999, 999, 999, 999, 999, 999]
time : 0.15 (+0.00 = 0.00 + 0.00)

32th Add (Sname, S, D) : t[17], 134, 2
Dist : [0, 0, 1, 2, 0, 0, 0, 0, 0, 0, 0, 0, 0, 2, 0, 0, 0, 3, 999, 999, 999, 999, 999, 999, 999, 999, 999, 999, 999, 999, 999, 999, 999, 0, 999, 2, 999, 0, 999, 0, 999, 0, 999, 0, 999, 2, 999, 0, 999, 3, 999, 0, 999, 1, 999, 0, 999, 0, 999, 0, 999, 0, 999, 0, 999, 0, 999, 0, 999, 999, 999, 999, 999, 999, 999, 999]
time : 0.27 (+0.12 = 0.00 + 0.12 + 0.00 + 0.00 + 0.00)

33th Add (Sname, S, D) : t[18], 231, 3
Dist : [0, 0, 0, 2, 0, 0, 0, 0, 0, 0, 0, 0, 0, 2, 0, 0, 0, 3, 999, 999, 999, 999, 999, 999, 999, 999, 999, 999, 999, 999, 999, 999, 999, 0, 999, 2, 999, 0, 999, 0, 999, 0, 999, 0, 999, 2, 999, 0, 999, 3, 999, 0, 999, 0, 999, 0, 999, 0, 999, 0, 999, 0, 999, 0, 999, 0, 999, 0, 999, 999, 999, 999, 999, 999, 999, 999]
time : 0.27 (+0.00 = 0.00 + 0.00)

34th Add (Sname, S, D) : t[19], 13, 2
Dist : [0, 0, 0, 1, 0, 0, 0, 0, 0, 0, 0, 0, 0, 2, 0, 0, 0, 3, 999, 999, 999, 999, 999, 999, 999, 999, 999, 999, 999, 999, 999, 999, 999, 0, 999, 1, 999, 0, 999, 0, 999, 0, 999, 0, 999, 2, 999, 0, 999, 3, 999, 0, 999, 0, 999, 0, 999, 0, 999, 0, 999, 0, 999, 0, 999, 0, 999, 0, 999, 999, 999, 999, 999, 999, 999, 999]
time : 0.41 (+0.14 = 0.00 + 0.14 + 0.00 + 0.00 + 0.00)

35th Add (Sname, S, D) : t[20], 155, 3
Dist : [0, 0, 0, 0, 0, 0, 0, 0, 0, 0, 0, 0, 0, 2, 0, 0, 0, 3, 999, 999, 999, 999, 999, 999, 999, 999, 999, 999, 999, 999, 999, 999, 999, 0, 999, 0, 999, 0, 999, 0, 999, 0, 999, 0, 999, 2, 999, 0, 999, 3, 999, 0, 999, 0, 999, 0, 999, 0, 999, 0, 999, 0, 999, 0, 999, 0, 999, 0, 999, 999, 999, 999, 999, 999, 999, 999]
time : 0.42 (+0.00 = 0.00 + 0.00)

36th Add (Sname, S, D) : g[1], 512, 4
Dist : [0, 0, 0, 0, 0, 0, 0, 0, 0, 0, 0, 0, 0, 2, 0, 0, 0, 3, 6, 999, 999, 999, 999, 999, 999, 999, 999, 999, 999, 999, 999, 999, 999, 0, 999, 0, 999, 0, 999, 0, 999, 0, 999, 0, 999, 2, 999, 0, 999, 3, 999, 0, 999, 0, 999, 0, 999, 0, 999, 0, 999, 0, 999, 0, 999, 0, 999, 0, 999, 999, 999, 999, 999, 999, 999, 999]
time : 0.42 (+0.00 = 0.00 + 0.00)

37th Add (Sname, S, D) : t[21], 96, 1
Dist : [0, 0, 0, 0, 0, 0, 0, 0, 0, 0, 0, 0, 0, 2, 0, 0, 0, 2, 5, 999, 999, 999, 999, 999, 999, 999, 999, 999, 999, 999, 999, 999, 999, 0, 999, 0, 999, 0, 999, 0, 999, 0, 999, 0, 999, 2, 999, 0, 999, 2, 999, 0, 999, 0, 999, 0, 999, 0, 999, 0, 999, 0, 999, 0, 999, 0, 999, 0, 999, 999, 999, 999, 999, 999, 999, 999]
time : 0.70 (+0.28 = 0.00 + 0.28 + 0.00 + 0.00 + 0.00)

38th Add (Sname, S, D) : t[22], 108, 2
Dist : [0, 0, 0, 0, 0, 0, 0, 0, 0, 0, 0, 0, 0, 2, 0, 0, 0, 1, 5, 999, 999, 999, 999, 999, 999, 999, 999, 999, 999, 999, 999, 999, 999, 0, 999, 0, 999, 0, 999, 0, 999, 0, 999, 0, 999, 2, 999, 0, 999, 1, 999, 0, 999, 0, 999, 0, 999, 0, 999, 0, 999, 0, 999, 0, 999, 0, 999, 0, 999, 999, 999, 999, 999, 999, 999, 999]
time : 0.93 (+0.23 = 0.00 + 0.23 + 0.00 + 0.00 + 0.00)

39th Add (Sname, S, D) : t[23], 250, 3
Dist : [0, 0, 0, 0, 0, 0, 0, 0, 0, 0, 0, 0, 0, 2, 0, 0, 0, 0, 5, 999, 999, 999, 999, 999, 999, 999, 999, 999, 999, 999, 999, 999, 999, 0, 999, 0, 999, 0, 999, 0, 999, 0, 999, 0, 999, 2, 999, 0, 999, 0, 999, 0, 999, 0, 999, 0, 999, 0, 999, 0, 999, 0, 999, 0, 999, 0, 999, 0, 999, 999, 999, 999, 999, 999, 999, 999]
time : 0.93 (+0.00 = 0.00 + 0.00)

40th Add (Sname, S, D) : g[8], 65536, 4
Dist : [0, 0, 0, 0, 0, 0, 0, 0, 0, 0, 0, 0, 0, 2, 0, 0, 0, 0, 5, 999, 999, 5, 999, 3, 999, 999, 5, 999, 999, 999, 3, 999, 999, 0, 999, 0, 999, 0, 999, 0, 999, 0, 999, 0, 999, 2, 999, 0, 999, 0, 999, 0, 999, 0, 999, 0, 999, 0, 999, 0, 999, 0, 999, 0, 999, 0, 999, 0, 999, 999, 999, 999, 999, 999, 999, 999]
time : 0.93 (+0.00 = 0.00 + 0.00)

41th Add (Sname, S, D) : t[24], 98304, 5
Dist : [0, 0, 0, 0, 0, 0, 0, 0, 0, 0, 0, 0, 0, 2, 0, 0, 0, 0, 5, 999, 999, 4, 999, 2, 999, 999, 4, 999, 999, 999, 2, 999, 999, 0, 999, 0, 999, 0, 999, 0, 999, 0, 999, 0, 999, 2, 999, 0, 999, 0, 999, 0, 999, 0, 999, 0, 999, 0, 999, 0, 999, 0, 999, 0, 999, 0, 999, 0, 999, 999, 999, 999, 999, 999, 999, 999]
time : 1.26 (+0.33 = 0.00 + 0.33 + 0.00 + 0.00 + 0.00)

42th Add (Sname, S, D) : t[25], 106496, 6
Dist : [0, 0, 0, 0, 0, 0, 0, 0, 0, 0, 0, 0, 0, 2, 0, 0, 0, 0, 5, 999, 999, 4, 999, 1, 999, 999, 4, 999, 999, 999, 1, 999, 999, 0, 999, 0, 999, 0, 999, 0, 999, 0, 999, 0, 999, 2, 999, 0, 999, 0, 999, 0, 999, 0, 999, 0, 999, 0, 999, 0, 999, 0, 999, 0, 999, 0, 999, 0, 999, 999, 999, 999, 999, 999, 999, 999]
time : 1.64 (+0.38 = 0.00 + 0.38 + 0.00 + 0.00 + 0.00)

43th Add (Sname, S, D) : t[26], 110592, 7
Dist : [0, 0, 0, 0, 0, 0, 0, 0, 0, 0, 0, 0, 0, 2, 0, 0, 0, 0, 5, 999, 999, 4, 999, 0, 999, 999, 4, 999, 999, 999, 0, 999, 999, 0, 999, 0, 999, 0, 999, 0, 999, 0, 999, 0, 999, 2, 999, 0, 999, 0, 999, 0, 999, 0, 999, 0, 999, 0, 999, 0, 999, 0, 999, 0, 999, 0, 999, 0, 999, 999, 999, 999, 999, 999, 999, 999]
time : 1.65 (+0.00 = 0.00 + 0.00)

44th Add (Sname, S, D) : t[27], 66, 1
Dist : [0, 0, 0, 0, 0, 0, 0, 0, 0, 0, 0, 0, 0, 1, 0, 0, 0, 0, 5, 999, 999, 4, 999, 0, 999, 999, 4, 999, 999, 999, 0, 999, 999, 0, 999, 0, 999, 0, 999, 0, 999, 0, 999, 0, 999, 1, 999, 0, 999, 0, 999, 0, 999, 0, 999, 0, 999, 0, 999, 0, 999, 0, 999, 0, 999, 0, 999, 0, 999, 999, 999, 999, 999, 999, 999, 999]
time : 2.16 (+0.51 = 0.00 + 0.51 + 0.00 + 0.00 + 0.00)

45th Add (Sname, S, D) : t[28], 78, 2
Dist : [0, 0, 0, 0, 0, 0, 0, 0, 0, 0, 0, 0, 0, 0, 0, 0, 0, 0, 5, 999, 999, 4, 999, 0, 999, 999, 4, 999, 999, 999, 0, 999, 999, 0, 999, 0, 999, 0, 999, 0, 999, 0, 999, 0, 999, 0, 999, 0, 999, 0, 999, 0, 999, 0, 999, 0, 999, 0, 999, 0, 999, 0, 999, 0, 999, 0, 999, 0, 999, 999, 999, 999, 999, 999, 999, 999]
time : 2.16 (+0.00 = 0.00 + 0.00)

46th Add (Sname, S, D) : g[6], 16384, 3
Dist : [0, 0, 0, 0, 0, 0, 0, 0, 0, 0, 0, 0, 0, 0, 0, 0, 0, 0, 5, 3, 999, 4, 999, 0, 3, 5, 4, 999, 5, 5, 0, 999, 999, 0, 999, 0, 999, 0, 999, 0, 999, 0, 999, 0, 999, 0, 999, 0, 999, 0, 999, 0, 999, 0, 999, 0, 999, 0, 999, 0, 999, 0, 999, 0, 999, 0, 999, 0, 999, 999, 999, 999, 999, 999, 999, 999]
time : 2.17 (+0.00 = 0.00 + 0.00)

47th Add (Sname, S, D) : t[29], 49152, 5
Dist : [0, 0, 0, 0, 0, 0, 0, 0, 0, 0, 0, 0, 0, 0, 0, 0, 0, 0, 5, 2, 999, 4, 999, 0, 2, 5, 4, 999, 5, 4, 0, 999, 999, 0, 999, 0, 999, 0, 999, 0, 999, 0, 999, 0, 999, 0, 999, 0, 999, 0, 999, 0, 999, 0, 999, 0, 999, 0, 999, 0, 999, 0, 999, 0, 999, 0, 999, 0, 999, 999, 999, 999, 999, 999, 999, 999]
time : 2.93 (+0.76 = 0.00 + 0.75 + 0.00 + 0.00 + 0.00)

48th Add (Sname, S, D) : t[30], 768, 5
Dist : [0, 0, 0, 0, 0, 0, 0, 0, 0, 0, 0, 0, 0, 0, 0, 0, 0, 0, 4, 1, 999, 4, 999, 0, 1, 5, 4, 999, 5, 4, 0, 999, 999, 0, 999, 0, 999, 0, 999, 0, 999, 0, 999, 0, 999, 0, 999, 0, 999, 0, 999, 0, 999, 0, 999, 0, 999, 0, 999, 0, 999, 0, 999, 0, 999, 0, 999, 0, 999, 999, 999, 999, 999, 999, 999, 999]
time : 3.83 (+0.90 = 0.00 + 0.90 + 0.00 + 0.00 + 0.00)

49th Add (Sname, S, D) : t[31], 49920, 6
Dist : [0, 0, 0, 0, 0, 0, 0, 0, 0, 0, 0, 0, 0, 0, 0, 0, 0, 0, 4, 0, 999, 4, 999, 0, 0, 5, 4, 999, 5, 4, 0, 999, 999, 0, 999, 0, 999, 0, 999, 0, 999, 0, 999, 0, 999, 0, 999, 0, 999, 0, 999, 0, 999, 0, 999, 0, 999, 0, 999, 0, 999, 0, 999, 0, 999, 0, 999, 0, 999, 999, 999, 999, 999, 999, 999, 999]
time : 3.83 (+0.00 = 0.00 + 0.00)

50th Add (Sname, S, D) : t[32], 99328, 6
Dist : [0, 0, 0, 0, 0, 0, 0, 0, 0, 0, 0, 0, 0, 0, 0, 0, 0, 0, 4, 0, 999, 3, 999, 0, 0, 5, 3, 999, 4, 4, 0, 999, 999, 0, 999, 0, 999, 0, 999, 0, 999, 0, 999, 0, 999, 0, 999, 0, 999, 0, 999, 0, 999, 0, 999, 0, 999, 0, 999, 0, 999, 0, 999, 0, 999, 0, 999, 0, 999, 999, 999, 999, 999, 999, 999, 999]
time : 4.97 (+1.13 = 0.00 + 1.13 + 0.00 + 0.00 + 0.00)

51th Add (Sname, S, D) : t[33], 160, 1
Dist : [0, 0, 0, 0, 0, 0, 0, 0, 0, 0, 0, 0, 0, 0, 0, 0, 0, 0, 4, 0, 999, 2, 999, 0, 0, 5, 2, 999, 3, 4, 0, 999, 999, 0, 999, 0, 999, 0, 999, 0, 999, 0, 999, 0, 999, 0, 999, 0, 999, 0, 999, 0, 999, 0, 999, 0, 999, 0, 999, 0, 999, 0, 999, 0, 999, 0, 999, 0, 999, 999, 999, 999, 999, 999, 999, 999]
time : 6.26 (+1.29 = 0.00 + 1.29 + 0.00 + 0.00 + 0.01)

52th Add (Sname, S, D) : t[34], 112, 2
Dist : [0, 0, 0, 0, 0, 0, 0, 0, 0, 0, 0, 0, 0, 0, 0, 0, 0, 0, 3, 0, 999, 2, 999, 0, 0, 4, 2, 999, 3, 3, 0, 999, 999, 0, 999, 0, 999, 0, 999, 0, 999, 0, 999, 0, 999, 0, 999, 0, 999, 0, 999, 0, 999, 0, 999, 0, 999, 0, 999, 0, 999, 0, 999, 0, 999, 0, 999, 0, 999, 999, 999, 999, 999, 999, 999, 999]
time : 7.56 (+1.30 = 0.00 + 1.30 + 0.00 + 0.00 + 0.00)

53th Add (Sname, S, D) : t[35], 672, 5
Dist : [0, 0, 0, 0, 0, 0, 0, 0, 0, 0, 0, 0, 0, 0, 0, 0, 0, 0, 3, 0, 999, 1, 999, 0, 0, 4, 1, 999, 3, 3, 0, 999, 999, 0, 999, 0, 999, 0, 999, 0, 999, 0, 999, 0, 999, 0, 999, 0, 999, 0, 999, 0, 999, 0, 999, 0, 999, 0, 999, 0, 999, 0, 999, 0, 999, 0, 999, 0, 999, 999, 999, 999, 999, 999, 999, 999]
time : 8.84 (+1.28 = 0.00 + 1.27 + 0.00 + 0.00 + 0.00)

54th Add (Sname, S, D) : t[36], 100000, 7
Dist : [0, 0, 0, 0, 0, 0, 0, 0, 0, 0, 0, 0, 0, 0, 0, 0, 0, 0, 3, 0, 999, 0, 999, 0, 0, 4, 0, 999, 3, 3, 0, 999, 999, 0, 999, 0, 999, 0, 999, 0, 999, 0, 999, 0, 999, 0, 999, 0, 999, 0, 999, 0, 999, 0, 999, 0, 999, 0, 999, 0, 999, 0, 999, 0, 999, 0, 999, 0, 999, 999, 999, 999, 999, 999, 999, 999]
time : 8.85 (+0.00 = 0.00 + 0.00)

55th Add (Sname, S, D) : t[37], 4208, 4
Dist : [0, 0, 0, 0, 0, 0, 0, 0, 0, 0, 0, 0, 0, 0, 0, 0, 0, 0, 2, 0, 999, 0, 999, 0, 0, 4, 0, 999, 3, 2, 0, 999, 999, 0, 999, 0, 999, 0, 999, 0, 999, 0, 999, 0, 999, 0, 999, 0, 999, 0, 999, 0, 999, 0, 999, 0, 999, 0, 999, 0, 999, 0, 999, 0, 999, 0, 999, 0, 999, 999, 999, 999, 999, 999, 999, 999]
time : 10.49 (+1.64 = 0.00 + 1.63 + 0.00 + 0.00 + 0.01)

56th Add (Sname, S, D) : t[38], 6256, 5
Dist : [0, 0, 0, 0, 0, 0, 0, 0, 0, 0, 0, 0, 0, 0, 0, 0, 0, 0, 1, 0, 999, 0, 999, 0, 0, 4, 0, 999, 3, 1, 0, 999, 999, 0, 999, 0, 999, 0, 999, 0, 999, 0, 999, 0, 999, 0, 999, 0, 999, 0, 999, 0, 999, 0, 999, 0, 999, 0, 999, 0, 999, 0, 999, 0, 999, 0, 999, 0, 999, 999, 999, 999, 999, 999, 999, 999]
time : 12.60 (+2.11 = 0.00 + 2.11 + 0.00 + 0.00 + 0.01)

57th Add (Sname, S, D) : t[39], 7024, 6
Dist : [0, 0, 0, 0, 0, 0, 0, 0, 0, 0, 0, 0, 0, 0, 0, 0, 0, 0, 0, 0, 999, 0, 999, 0, 0, 4, 0, 999, 3, 1, 0, 999, 999, 0, 999, 0, 999, 0, 999, 0, 999, 0, 999, 0, 999, 0, 999, 0, 999, 0, 999, 0, 999, 0, 999, 0, 999, 0, 999, 0, 999, 0, 999, 0, 999, 0, 999, 0, 999, 999, 999, 999, 999, 999, 999, 999]
time : 12.61 (+0.01 = 0.00 + 0.01)

58th Add (Sname, S, D) : g[9], 131072, 7
Dist : [0, 0, 0, 0, 0, 0, 0, 0, 0, 0, 0, 0, 0, 0, 0, 0, 0, 0, 0, 0, 4, 0, 1, 0, 0, 4, 0, 999, 3, 1, 0, 999, 999, 0, 999, 0, 999, 0, 999, 0, 999, 0, 999, 0, 999, 0, 999, 0, 999, 0, 999, 0, 999, 0, 999, 0, 999, 0, 999, 0, 999, 0, 999, 0, 999, 0, 999, 0, 999, 999, 999, 999, 999, 999, 999, 999]
time : 12.61 (+0.00 = 0.00 + 0.00)

59th Add (Sname, S, D) : t[40], 231072, 8
Dist : [0, 0, 0, 0, 0, 0, 0, 0, 0, 0, 0, 0, 0, 0, 0, 0, 0, 0, 0, 0, 4, 0, 0, 0, 0, 4, 0, 999, 3, 1, 0, 999, 999, 0, 999, 0, 999, 0, 999, 0, 999, 0, 999, 0, 999, 0, 999, 0, 999, 0, 999, 0, 999, 0, 999, 0, 999, 0, 999, 0, 999, 0, 999, 0, 999, 0, 999, 0, 999, 999, 999, 999, 999, 999, 999, 999]
time : 12.62 (+0.01 = 0.00 + 0.01)

60th Add (Sname, S, D) : g[11], 524288, 9
Dist : [0, 0, 0, 0, 0, 0, 0, 0, 0, 0, 0, 0, 0, 0, 0, 0, 0, 0, 0, 0, 4, 0, 0, 0, 0, 4, 0, 999, 3, 1, 0, 999, 999, 0, 999, 0, 3, 0, 999, 0, 999, 0, 999, 0, 999, 0, 999, 0, 999, 0, 999, 0, 999, 0, 3, 0, 999, 0, 999, 0, 999, 0, 999, 0, 999, 0, 999, 0, 999, 999, 999, 999, 999, 999, 999, 999]
time : 12.63 (+0.01 = 0.00 + 0.01)

61th Add (Sname, S, D) : t[41], 55408, 6
Dist : [0, 0, 0, 0, 0, 0, 0, 0, 0, 0, 0, 0, 0, 0, 0, 0, 0, 0, 0, 0, 4, 0, 0, 0, 0, 4, 0, 999, 3, 0, 0, 999, 999, 0, 999, 0, 2, 0, 999, 0, 999, 0, 999, 0, 999, 0, 999, 0, 999, 0, 999, 0, 999, 0, 2, 0, 999, 0, 999, 0, 999, 0, 999, 0, 999, 0, 999, 0, 999, 999, 999, 999, 999, 999, 999, 999]
time : 12.64 (+0.01 = 0.00 + 0.01)

62th Add (Sname, S, D) : t[42], 92272, 8
Dist : [0, 0, 0, 0, 0, 0, 0, 0, 0, 0, 0, 0, 0, 0, 0, 0, 0, 0, 0, 0, 4, 0, 0, 0, 0, 4, 0, 999, 3, 0, 0, 999, 999, 0, 999, 0, 1, 0, 999, 0, 999, 0, 999, 0, 999, 0, 999, 0, 999, 0, 999, 0, 999, 0, 1, 0, 999, 0, 999, 0, 999, 0, 999, 0, 999, 0, 999, 0, 999, 999, 999, 999, 999, 999, 999, 999]
time : 17.01 (+4.38 = 0.00 + 4.37 + 0.00 + 0.00 + 0.01)

63th Add (Sname, S, D) : t[43], 616560, 10
Dist : [0, 0, 0, 0, 0, 0, 0, 0, 0, 0, 0, 0, 0, 0, 0, 0, 0, 0, 0, 0, 4, 0, 0, 0, 0, 4, 0, 999, 3, 0, 0, 999, 999, 0, 999, 0, 0, 0, 999, 0, 999, 0, 999, 0, 999, 0, 999, 0, 999, 0, 999, 0, 999, 0, 0, 0, 999, 0, 999, 0, 999, 0, 999, 0, 999, 0, 999, 0, 999, 999, 999, 999, 999, 999, 999, 999]
time : 17.03 (+0.01 = 0.00 + 0.01)

64th Add (Sname, S, D) : g[18], 67108864, 11
Dist : [0, 0, 0, 0, 0, 0, 0, 0, 0, 0, 0, 0, 0, 0, 0, 0, 0, 0, 0, 0, 4, 0, 0, 0, 0, 4, 0, 999, 3, 0, 0, 999, 999, 0, 999, 0, 0, 0, 999, 0, 999, 0, 999, 0, 999, 0, 999, 0, 999, 0, 999, 0, 999, 0, 0, 0, 999, 0, 999, 0, 999, 0, 999, 0, 999, 0, 999, 0, 999, 999, 999, 999, 999, 999, 999, 999]
time : 17.03 (+0.01 = 0.00 + 0.01)

65th Add (Sname, S, D) : g[27], 34359738368, 11
Dist : [0, 0, 0, 0, 0, 0, 0, 0, 0, 0, 0, 0, 0, 0, 0, 0, 0, 0, 0, 0, 4, 0, 0, 0, 0, 4, 0, 999, 3, 0, 0, 999, 999, 0, 999, 0, 0, 0, 999, 0, 999, 0, 999, 0, 999, 0, 999, 0, 999, 0, 999, 0, 999, 0, 0, 0, 999, 0, 999, 0, 999, 0, 999, 0, 999, 0, 999, 0, 999, 999, 999, 999, 999, 999, 999, 999]
time : 17.04 (+0.01 = 0.00 + 0.01)

66th Add (Sname, S, D) : t[44], 416, 5
Dist : [0, 0, 0, 0, 0, 0, 0, 0, 0, 0, 0, 0, 0, 0, 0, 0, 0, 0, 0, 0, 4, 0, 0, 0, 0, 4, 0, 999, 2, 0, 0, 999, 999, 0, 999, 0, 0, 0, 999, 0, 999, 0, 999, 0, 999, 0, 999, 0, 999, 0, 999, 0, 999, 0, 0, 0, 999, 0, 999, 0, 999, 0, 999, 0, 999, 0, 999, 0, 999, 999, 999, 999, 999, 999, 999, 999]
time : 24.21 (+7.17 = 0.00 + 7.15 + 0.00 + 0.00 + 0.01)

67th Add (Sname, S, D) : t[45], 49568, 6
Dist : [0, 0, 0, 0, 0, 0, 0, 0, 0, 0, 0, 0, 0, 0, 0, 0, 0, 0, 0, 0, 4, 0, 0, 0, 0, 4, 0, 999, 1, 0, 0, 999, 999, 0, 999, 0, 0, 0, 999, 0, 999, 0, 999, 0, 999, 0, 999, 0, 999, 0, 999, 0, 999, 0, 0, 0, 999, 0, 999, 0, 999, 0, 999, 0, 999, 0, 999, 0, 999, 999, 999, 999, 999, 999, 999, 999]
time : 32.11 (+7.90 = 0.00 + 7.88 + 0.00 + 0.00 + 0.01)

68th Add (Sname, S, D) : t[46], 83360, 7
Dist : [0, 0, 0, 0, 0, 0, 0, 0, 0, 0, 0, 0, 0, 0, 0, 0, 0, 0, 0, 0, 4, 0, 0, 0, 0, 4, 0, 999, 0, 0, 0, 999, 999, 0, 999, 0, 0, 0, 999, 0, 999, 0, 999, 0, 999, 0, 999, 0, 999, 0, 999, 0, 999, 0, 0, 0, 999, 0, 999, 0, 999, 0, 999, 0, 999, 0, 999, 0, 999, 999, 999, 999, 999, 999, 999, 999]
time : 32.12 (+0.01 = 0.00 + 0.01)

69th Add (Sname, S, D) : g[14], 4194304, 8
Dist : [0, 0, 0, 0, 0, 0, 0, 0, 0, 0, 0, 0, 0, 0, 0, 0, 0, 0, 0, 0, 4, 0, 0, 0, 0, 4, 0, 999, 0, 0, 0, 0, 999, 0, 999, 0, 0, 0, 999, 0, 999, 0, 999, 0, 999, 0, 999, 0, 999, 0, 999, 0, 999, 0, 0, 0, 999, 0, 999, 0, 999, 0, 999, 0, 999, 0, 999, 0, 999, 999, 999, 999, 999, 999, 999, 999]
time : 32.14 (+0.01 = 0.00 + 0.01)

70th Add (Sname, S, D) : g[15], 8388608, 9
Dist : [0, 0, 0, 0, 0, 0, 0, 0, 0, 0, 0, 0, 0, 0, 0, 0, 0, 0, 0, 0, 4, 0, 0, 0, 0, 4, 0, 999, 0, 0, 0, 0, 3, 0, 3, 0, 0, 0, 999, 0, 999, 0, 999, 0, 999, 0, 999, 0, 999, 0, 3, 0, 3, 0, 0, 0, 999, 0, 999, 0, 999, 0, 999, 0, 999, 0, 999, 0, 999, 999, 999, 999, 999, 999, 999, 999]
time : 32.16 (+0.02 = 0.00 + 0.02)

71th Add (Sname, S, D) : t[47], 138096, 8
Dist : [0, 0, 0, 0, 0, 0, 0, 0, 0, 0, 0, 0, 0, 0, 0, 0, 0, 0, 0, 0, 4, 0, 0, 0, 0, 4, 0, 999, 0, 0, 0, 0, 2, 0, 2, 0, 0, 0, 999, 0, 999, 0, 999, 0, 999, 0, 999, 0, 999, 0, 2, 0, 2, 0, 0, 0, 999, 0, 999, 0, 999, 0, 999, 0, 999, 0, 999, 0, 999, 999, 999, 999, 999, 999, 999, 999]
time : 44.11 (+11.96 = 0.00 + 11.94 + 0.00 + 0.00 + 0.02)

72th Add (Sname, S, D) : t[48], 226048, 9
Dist : [0, 0, 0, 0, 0, 0, 0, 0, 0, 0, 0, 0, 0, 0, 0, 0, 0, 0, 0, 0, 4, 0, 0, 0, 0, 4, 0, 999, 0, 0, 0, 0, 2, 0, 1, 0, 0, 0, 999, 0, 999, 0, 999, 0, 999, 0, 999, 0, 999, 0, 2, 0, 1, 0, 0, 0, 999, 0, 999, 0, 999, 0, 999, 0, 999, 0, 999, 0, 999, 999, 999, 999, 999, 999, 999, 999]
time : 57.73 (+13.62 = 0.00 + 13.59 + 0.00 + 0.00 + 0.02)

73th Add (Sname, S, D) : t[49], 8614656, 10
Dist : [0, 0, 0, 0, 0, 0, 0, 0, 0, 0, 0, 0, 0, 0, 0, 0, 0, 0, 0, 0, 4, 0, 0, 0, 0, 4, 0, 999, 0, 0, 0, 0, 1, 0, 0, 0, 0, 0, 999, 0, 999, 0, 999, 0, 999, 0, 999, 0, 999, 0, 1, 0, 0, 0, 0, 0, 999, 0, 999, 0, 999, 0, 999, 0, 999, 0, 999, 0, 999, 999, 999, 999, 999, 999, 999, 999]
time : 57.75 (+0.02 = 0.00 + 0.02)

74th Add (Sname, S, D) : g[17], 33554432, 11
Dist : [0, 0, 0, 0, 0, 0, 0, 0, 0, 0, 0, 0, 0, 0, 0, 0, 0, 0, 0, 0, 4, 0, 0, 0, 0, 4, 0, 999, 0, 0, 0, 0, 1, 0, 0, 0, 0, 0, 999, 0, 999, 0, 999, 0, 999, 0, 999, 0, 999, 0, 1, 0, 0, 0, 0, 0, 999, 0, 999, 0, 999, 0, 999, 0, 999, 0, 999, 0, 999, 999, 999, 999, 999, 999, 999, 999]
time : 57.77 (+0.02 = 0.00 + 0.02)

75th Add (Sname, S, D) : g[26], 17179869184, 11
Dist : [0, 0, 0, 0, 0, 0, 0, 0, 0, 0, 0, 0, 0, 0, 0, 0, 0, 0, 0, 0, 4, 0, 0, 0, 0, 4, 0, 999, 0, 0, 0, 0, 1, 0, 0, 0, 0, 0, 999, 0, 999, 0, 999, 0, 999, 0, 999, 0, 999, 0, 1, 0, 0, 0, 0, 0, 999, 0, 999, 0, 999, 0, 999, 0, 999, 0, 999, 0, 999, 999, 999, 999, 999, 999, 999, 999]
time : 57.79 (+0.02 = 0.00 + 0.02)

76th Add (Sname, S, D) : t[50], 9050992, 11
Dist : [0, 0, 0, 0, 0, 0, 0, 0, 0, 0, 0, 0, 0, 0, 0, 0, 0, 0, 0, 0, 4, 0, 0, 0, 0, 4, 0, 999, 0, 0, 0, 0, 0, 0, 0, 0, 0, 0, 999, 0, 999, 0, 999, 0, 999, 0, 999, 0, 999, 0, 0, 0, 0, 0, 0, 0, 999, 0, 999, 0, 999, 0, 999, 0, 999, 0, 999, 0, 999, 999, 999, 999, 999, 999, 999, 999]
time : 57.81 (+0.02 = 0.00 + 0.02)

77th Add (Sname, S, D) : g[16], 16777216, 12
Dist : [0, 0, 0, 0, 0, 0, 0, 0, 0, 0, 0, 0, 0, 0, 0, 0, 0, 0, 0, 0, 4, 0, 0, 0, 0, 4, 0, 999, 0, 0, 0, 0, 0, 0, 0, 0, 0, 0, 999, 0, 999, 0, 999, 0, 999, 0, 999, 0, 999, 0, 0, 0, 0, 0, 0, 0, 999, 0, 999, 0, 999, 0, 999, 0, 999, 0, 999, 0, 999, 999, 999, 999, 999, 999, 999, 999]
time : 57.84 (+0.02 = 0.00 + 0.02)

78th Add (Sname, S, D) : g[25], 8589934592, 12
Dist : [0, 0, 0, 0, 0, 0, 0, 0, 0, 0, 0, 0, 0, 0, 0, 0, 0, 0, 0, 0, 4, 0, 0, 0, 0, 4, 0, 999, 0, 0, 0, 0, 0, 0, 0, 0, 0, 0, 999, 0, 999, 0, 999, 0, 999, 0, 999, 0, 999, 0, 0, 0, 0, 0, 0, 0, 999, 0, 999, 0, 999, 0, 999, 0, 999, 0, 999, 0, 999, 999, 999, 999, 999, 999, 999, 999]
time : 57.88 (+0.04 = 0.00 + 0.04)

79th Add (Sname, S, D) : t[51], 16496, 4
Dist : [0, 0, 0, 0, 0, 0, 0, 0, 0, 0, 0, 0, 0, 0, 0, 0, 0, 0, 0, 0, 4, 0, 0, 0, 0, 3, 0, 999, 0, 0, 0, 0, 0, 0, 0, 0, 0, 0, 999, 0, 999, 0, 999, 0, 999, 0, 999, 0, 999, 0, 0, 0, 0, 0, 0, 0, 999, 0, 999, 0, 999, 0, 999, 0, 999, 0, 999, 0, 999, 999, 999, 999, 999, 999, 999, 999]
time : 85.02 (+27.14 = 0.00 + 27.11 + 0.00 + 0.00 + 0.03)

80th Add (Sname, S, D) : t[52], 82032, 5
Dist : [0, 0, 0, 0, 0, 0, 0, 0, 0, 0, 0, 0, 0, 0, 0, 0, 0, 0, 0, 0, 4, 0, 0, 0, 0, 2, 0, 999, 0, 0, 0, 0, 0, 0, 0, 0, 0, 0, 999, 0, 999, 0, 999, 0, 999, 0, 999, 0, 999, 0, 0, 0, 0, 0, 0, 0, 999, 0, 999, 0, 999, 0, 999, 0, 999, 0, 999, 0, 999, 999, 999, 999, 999, 999, 999, 999]
time : 115.65 (+30.63 = 0.00 + 30.59 + 0.00 + 0.00 + 0.03)

81th Add (Sname, S, D) : t[53], 10240, 5
Dist : [0, 0, 0, 0, 0, 0, 0, 0, 0, 0, 0, 0, 0, 0, 0, 0, 0, 0, 0, 0, 3, 0, 0, 0, 0, 1, 0, 999, 0, 0, 0, 0, 0, 0, 0, 0, 0, 0, 999, 0, 999, 0, 999, 0, 999, 0, 999, 0, 999, 0, 0, 0, 0, 0, 0, 0, 999, 0, 999, 0, 999, 0, 999, 0, 999, 0, 999, 0, 999, 999, 999, 999, 999, 999, 999, 999]
time : 149.41 (+33.77 = 0.00 + 33.73 + 0.00 + 0.00 + 0.04)

82th Add (Sname, S, D) : t[54], 92272, 6
Dist : [0, 0, 0, 0, 0, 0, 0, 0, 0, 0, 0, 0, 0, 0, 0, 0, 0, 0, 0, 0, 2, 0, 0, 0, 0, 0, 0, 999, 0, 0, 0, 0, 0, 0, 0, 0, 0, 0, 999, 0, 999, 0, 999, 0, 999, 0, 999, 0, 999, 0, 0, 0, 0, 0, 0, 0, 999, 0, 999, 0, 999, 0, 999, 0, 999, 0, 999, 0, 999, 999, 999, 999, 999, 999, 999, 999]
time : 149.45 (+0.04 = 0.00 + 0.04)

83th Add (Sname, S, D) : g[12], 1048576, 7
Dist : [0, 0, 0, 0, 0, 0, 0, 0, 0, 0, 0, 0, 0, 0, 0, 0, 0, 0, 0, 0, 2, 0, 0, 0, 0, 0, 0, 0, 0, 0, 0, 0, 0, 0, 0, 0, 0, 0, 999, 0, 999, 0, 999, 0, 999, 0, 999, 0, 999, 0, 0, 0, 0, 0, 0, 0, 999, 0, 999, 0, 999, 0, 999, 0, 999, 0, 999, 0, 999, 999, 999, 999, 999, 999, 999, 999]
time : 149.48 (+0.03 = 0.00 + 0.03)

84th Add (Sname, S, D) : g[13], 2097152, 8
Dist : [0, 0, 0, 0, 0, 0, 0, 0, 0, 0, 0, 0, 0, 0, 0, 0, 0, 0, 0, 0, 2, 0, 0, 0, 0, 0, 0, 0, 0, 0, 0, 0, 0, 0, 0, 0, 0, 0, 999, 0, 2, 0, 999, 0, 999, 0, 999, 0, 3, 0, 0, 0, 0, 0, 0, 0, 999, 0, 2, 0, 999, 0, 999, 0, 999, 0, 3, 0, 999, 999, 999, 999, 999, 999, 999, 999]
time : 149.52 (+0.03 = 0.00 + 0.03)

85th Add (Sname, S, D) : t[55], 2180512, 9
Dist : [0, 0, 0, 0, 0, 0, 0, 0, 0, 0, 0, 0, 0, 0, 0, 0, 0, 0, 0, 0, 2, 0, 0, 0, 0, 0, 0, 0, 0, 0, 0, 0, 0, 0, 0, 0, 0, 0, 999, 0, 1, 0, 999, 0, 999, 0, 999, 0, 3, 0, 0, 0, 0, 0, 0, 0, 999, 0, 1, 0, 999, 0, 999, 0, 999, 0, 3, 0, 999, 999, 999, 999, 999, 999, 999, 999]
time : 190.27 (+40.76 = 0.01 + 40.71 + 0.00 + 0.00 + 0.04)

86th Add (Sname, S, D) : t[56], 2311584, 10
Dist : [0, 0, 0, 0, 0, 0, 0, 0, 0, 0, 0, 0, 0, 0, 0, 0, 0, 0, 0, 0, 2, 0, 0, 0, 0, 0, 0, 0, 0, 0, 0, 0, 0, 0, 0, 0, 0, 0, 999, 0, 0, 0, 999, 0, 999, 0, 999, 0, 3, 0, 0, 0, 0, 0, 0, 0, 999, 0, 0, 0, 999, 0, 999, 0, 999, 0, 3, 0, 999, 999, 999, 999, 999, 999, 999, 999]
time : 190.31 (+0.04 = 0.00 + 0.04)

87th Add (Sname, S, D) : g[20], 268435456, 11
Dist : [0, 0, 0, 0, 0, 0, 0, 0, 0, 0, 0, 0, 0, 0, 0, 0, 0, 0, 0, 0, 2, 0, 0, 0, 0, 0, 0, 0, 0, 0, 0, 0, 0, 0, 0, 0, 0, 0, 999, 0, 0, 0, 999, 0, 999, 0, 999, 0, 3, 0, 0, 0, 0, 0, 0, 0, 999, 0, 0, 0, 999, 0, 999, 0, 999, 0, 3, 0, 999, 999, 999, 999, 999, 999, 999, 999]
time : 190.35 (+0.04 = 0.00 + 0.04)

88th Add (Sname, S, D) : g[29], 137438953472, 11
Dist : [0, 0, 0, 0, 0, 0, 0, 0, 0, 0, 0, 0, 0, 0, 0, 0, 0, 0, 0, 0, 2, 0, 0, 0, 0, 0, 0, 0, 0, 0, 0, 0, 0, 0, 0, 0, 0, 0, 999, 0, 0, 0, 999, 0, 999, 0, 999, 0, 3, 0, 0, 0, 0, 0, 0, 0, 999, 0, 0, 0, 999, 0, 999, 0, 999, 0, 3, 0, 999, 999, 999, 999, 999, 999, 999, 999]
time : 190.43 (+0.08 = 0.00 + 0.08)

89th Add (Sname, S, D) : t[57], 13984, 8
Dist : [0, 0, 0, 0, 0, 0, 0, 0, 0, 0, 0, 0, 0, 0, 0, 0, 0, 0, 0, 0, 2, 0, 0, 0, 0, 0, 0, 0, 0, 0, 0, 0, 0, 0, 0, 0, 0, 0, 999, 0, 0, 0, 999, 0, 999, 0, 999, 0, 2, 0, 0, 0, 0, 0, 0, 0, 999, 0, 0, 0, 999, 0, 999, 0, 999, 0, 2, 0, 999, 999, 999, 999, 999, 999, 999, 999]
time : 247.65 (+57.22 = 0.01 + 57.17 + 0.00 + 0.00 + 0.05)

90th Add (Sname, S, D) : t[58], 2111136, 9
Dist : [0, 0, 0, 0, 0, 0, 0, 0, 0, 0, 0, 0, 0, 0, 0, 0, 0, 0, 0, 0, 2, 0, 0, 0, 0, 0, 0, 0, 0, 0, 0, 0, 0, 0, 0, 0, 0, 0, 999, 0, 0, 0, 999, 0, 999, 0, 999, 0, 1, 0, 0, 0, 0, 0, 0, 0, 999, 0, 0, 0, 999, 0, 999, 0, 999, 0, 1, 0, 999, 999, 999, 999, 999, 999, 999, 999]
time : 310.27 (+62.62 = 0.01 + 62.56 + 0.00 + 0.00 + 0.05)

91th Add (Sname, S, D) : t[59], 10499744, 10
Dist : [0, 0, 0, 0, 0, 0, 0, 0, 0, 0, 0, 0, 0, 0, 0, 0, 0, 0, 0, 0, 2, 0, 0, 0, 0, 0, 0, 0, 0, 0, 0, 0, 0, 0, 0, 0, 0, 0, 999, 0, 0, 0, 999, 0, 999, 0, 999, 0, 0, 0, 0, 0, 0, 0, 0, 0, 999, 0, 0, 0, 999, 0, 999, 0, 999, 0, 0, 0, 999, 999, 999, 999, 999, 999, 999, 999]
time : 310.32 (+0.05 = 0.00 + 0.05)

92th Add (Sname, S, D) : g[24], 4294967296, 11
Dist : [0, 0, 0, 0, 0, 0, 0, 0, 0, 0, 0, 0, 0, 0, 0, 0, 0, 0, 0, 0, 2, 0, 0, 0, 0, 0, 0, 0, 0, 0, 0, 0, 0, 0, 0, 0, 0, 0, 999, 0, 0, 0, 999, 0, 999, 0, 999, 0, 0, 0, 0, 0, 0, 0, 0, 0, 999, 0, 0, 0, 999, 0, 999, 0, 999, 0, 0, 0, 999, 999, 999, 999, 999, 999, 999, 999]
time : 310.37 (+0.05 = 0.00 + 0.05)

93th Add (Sname, S, D) : g[33], 2199023255552, 11
Dist : [0, 0, 0, 0, 0, 0, 0, 0, 0, 0, 0, 0, 0, 0, 0, 0, 0, 0, 0, 0, 2, 0, 0, 0, 0, 0, 0, 0, 0, 0, 0, 0, 0, 0, 0, 0, 0, 0, 999, 0, 0, 0, 999, 0, 999, 0, 999, 0, 0, 0, 0, 0, 0, 0, 0, 0, 999, 0, 0, 0, 999, 0, 999, 0, 999, 0, 0, 0, 999, 999, 999, 999, 999, 999, 999, 999]
time : 310.43 (+0.06 = 0.00 + 0.06)

94th Add (Sname, S, D) : t[60], 109424, 7
Dist : [0, 0, 0, 0, 0, 0, 0, 0, 0, 0, 0, 0, 0, 0, 0, 0, 0, 0, 0, 0, 1, 0, 0, 0, 0, 0, 0, 0, 0, 0, 0, 0, 0, 0, 0, 0, 0, 0, 999, 0, 0, 0, 999, 0, 999, 0, 999, 0, 0, 0, 0, 0, 0, 0, 0, 0, 999, 0, 0, 0, 999, 0, 999, 0, 999, 0, 0, 0, 999, 999, 999, 999, 999, 999, 999, 999]
time : 392.05 (+81.62 = 0.01 + 81.54 + 0.00 + 0.00 + 0.06)

95th Add (Sname, S, D) : t[61], 240496, 8
Dist : [0, 0, 0, 0, 0, 0, 0, 0, 0, 0, 0, 0, 0, 0, 0, 0, 0, 0, 0, 0, 0, 0, 0, 0, 0, 0, 0, 0, 0, 0, 0, 0, 0, 0, 0, 0, 0, 0, 999, 0, 0, 0, 999, 0, 999, 0, 999, 0, 0, 0, 0, 0, 0, 0, 0, 0, 999, 0, 0, 0, 999, 0, 999, 0, 999, 0, 0, 0, 999, 999, 999, 999, 999, 999, 999, 999]
time : 392.11 (+0.06 = 0.00 + 0.06)

96th Add (Sname, S, D) : g[10], 262144, 9
Dist : [0, 0, 0, 0, 0, 0, 0, 0, 0, 0, 0, 0, 0, 0, 0, 0, 0, 0, 0, 0, 0, 0, 0, 0, 0, 0, 0, 0, 0, 0, 0, 0, 0, 0, 0, 0, 0, 0, 2, 0, 0, 0, 1, 0, 2, 0, 4, 0, 0, 0, 0, 0, 0, 0, 0, 0, 2, 0, 0, 0, 1, 0, 2, 0, 4, 0, 0, 0, 999, 999, 999, 999, 999, 999, 999, 999]
time : 392.16 (+0.05 = 0.00 + 0.05)

97th Add (Sname, S, D) : t[62], 345504, 10
Dist : [0, 0, 0, 0, 0, 0, 0, 0, 0, 0, 0, 0, 0, 0, 0, 0, 0, 0, 0, 0, 0, 0, 0, 0, 0, 0, 0, 0, 0, 0, 0, 0, 0, 0, 0, 0, 0, 0, 2, 0, 0, 0, 0, 0, 1, 0, 4, 0, 0, 0, 0, 0, 0, 0, 0, 0, 2, 0, 0, 0, 0, 0, 1, 0, 4, 0, 0, 0, 999, 999, 999, 999, 999, 999, 999, 999]
time : 392.23 (+0.07 = 0.00 + 0.07)

98th Add (Sname, S, D) : g[21], 536870912, 11
Dist : [0, 0, 0, 0, 0, 0, 0, 0, 0, 0, 0, 0, 0, 0, 0, 0, 0, 0, 0, 0, 0, 0, 0, 0, 0, 0, 0, 0, 0, 0, 0, 0, 0, 0, 0, 0, 0, 0, 2, 0, 0, 0, 0, 0, 1, 0, 4, 0, 0, 0, 0, 0, 0, 0, 0, 0, 2, 0, 0, 0, 0, 0, 1, 0, 4, 0, 0, 0, 999, 999, 999, 999, 999, 999, 999, 999]
time : 392.29 (+0.07 = 0.00 + 0.07)

99th Add (Sname, S, D) : g[30], 274877906944, 11
Dist : [0, 0, 0, 0, 0, 0, 0, 0, 0, 0, 0, 0, 0, 0, 0, 0, 0, 0, 0, 0, 0, 0, 0, 0, 0, 0, 0, 0, 0, 0, 0, 0, 0, 0, 0, 0, 0, 0, 2, 0, 0, 0, 0, 0, 1, 0, 4, 0, 0, 0, 0, 0, 0, 0, 0, 0, 2, 0, 0, 0, 0, 0, 1, 0, 4, 0, 0, 0, 999, 999, 999, 999, 999, 999, 999, 999]
time : 392.37 (+0.07 = 0.00 + 0.07)

100th Add (Sname, S, D) : t[63], 798160, 11
Dist : [0, 0, 0, 0, 0, 0, 0, 0, 0, 0, 0, 0, 0, 0, 0, 0, 0, 0, 0, 0, 0, 0, 0, 0, 0, 0, 0, 0, 0, 0, 0, 0, 0, 0, 0, 0, 0, 0, 2, 0, 0, 0, 0, 0, 0, 0, 4, 0, 0, 0, 0, 0, 0, 0, 0, 0, 2, 0, 0, 0, 0, 0, 0, 0, 4, 0, 0, 0, 999, 999, 999, 999, 999, 999, 999, 999]
time : 392.45 (+0.08 = 0.00 + 0.08)

101th Add (Sname, S, D) : g[22], 1073741824, 12
Dist : [0, 0, 0, 0, 0, 0, 0, 0, 0, 0, 0, 0, 0, 0, 0, 0, 0, 0, 0, 0, 0, 0, 0, 0, 0, 0, 0, 0, 0, 0, 0, 0, 0, 0, 0, 0, 0, 0, 2, 0, 0, 0, 0, 0, 0, 0, 4, 0, 0, 0, 0, 0, 0, 0, 0, 0, 2, 0, 0, 0, 0, 0, 0, 0, 4, 0, 0, 0, 999, 999, 999, 999, 999, 999, 999, 999]
time : 392.60 (+0.15 = 0.00 + 0.15)

102th Add (Sname, S, D) : g[31], 549755813888, 12
Dist : [0, 0, 0, 0, 0, 0, 0, 0, 0, 0, 0, 0, 0, 0, 0, 0, 0, 0, 0, 0, 0, 0, 0, 0, 0, 0, 0, 0, 0, 0, 0, 0, 0, 0, 0, 0, 0, 0, 2, 0, 0, 0, 0, 0, 0, 0, 4, 0, 0, 0, 0, 0, 0, 0, 0, 0, 2, 0, 0, 0, 0, 0, 0, 0, 4, 0, 0, 0, 999, 999, 999, 999, 999, 999, 999, 999]
time : 392.68 (+0.08 = 0.00 + 0.08)

103th Add (Sname, S, D) : t[64], 2228224, 9
Dist : [0, 0, 0, 0, 0, 0, 0, 0, 0, 0, 0, 0, 0, 0, 0, 0, 0, 0, 0, 0, 0, 0, 0, 0, 0, 0, 0, 0, 0, 0, 0, 0, 0, 0, 0, 0, 0, 0, 1, 0, 0, 0, 0, 0, 0, 0, 4, 0, 0, 0, 0, 0, 0, 0, 0, 0, 1, 0, 0, 0, 0, 0, 0, 0, 4, 0, 0, 0, 999, 999, 999, 999, 999, 999, 999, 999]
time : 545.38 (+152.70 = 0.01 + 152.60 + 0.00 + 0.00 + 0.09)

104th Add (Sname, S, D) : t[65], 2490368, 10
Dist : [0, 0, 0, 0, 0, 0, 0, 0, 0, 0, 0, 0, 0, 0, 0, 0, 0, 0, 0, 0, 0, 0, 0, 0, 0, 0, 0, 0, 0, 0, 0, 0, 0, 0, 0, 0, 0, 0, 0, 0, 0, 0, 0, 0, 0, 0, 4, 0, 0, 0, 0, 0, 0, 0, 0, 0, 0, 0, 0, 0, 0, 0, 0, 0, 4, 0, 0, 0, 999, 999, 999, 999, 999, 999, 999, 999]
time : 545.47 (+0.09 = 0.00 + 0.09)

105th Add (Sname, S, D) : g[19], 134217728, 11
Dist : [0, 0, 0, 0, 0, 0, 0, 0, 0, 0, 0, 0, 0, 0, 0, 0, 0, 0, 0, 0, 0, 0, 0, 0, 0, 0, 0, 0, 0, 0, 0, 0, 0, 0, 0, 0, 0, 0, 0, 0, 0, 0, 0, 0, 0, 0, 4, 0, 0, 0, 0, 0, 0, 0, 0, 0, 0, 0, 0, 0, 0, 0, 0, 0, 4, 0, 0, 0, 999, 999, 999, 999, 999, 999, 999, 999]
time : 545.56 (+0.09 = 0.00 + 0.09)

106th Add (Sname, S, D) : g[28], 68719476736, 11
Dist : [0, 0, 0, 0, 0, 0, 0, 0, 0, 0, 0, 0, 0, 0, 0, 0, 0, 0, 0, 0, 0, 0, 0, 0, 0, 0, 0, 0, 0, 0, 0, 0, 0, 0, 0, 0, 0, 0, 0, 0, 0, 0, 0, 0, 0, 0, 4, 0, 0, 0, 0, 0, 0, 0, 0, 0, 0, 0, 0, 0, 0, 0, 0, 0, 4, 0, 0, 0, 999, 999, 999, 999, 999, 7, 999, 999]
time : 548.23 (+2.67 = 0.00 + 2.67)

107th Add (Sname, S, D) : t[66], 786432, 10
Dist : [0, 0, 0, 0, 0, 0, 0, 0, 0, 0, 0, 0, 0, 0, 0, 0, 0, 0, 0, 0, 0, 0, 0, 0, 0, 0, 0, 0, 0, 0, 0, 0, 0, 0, 0, 0, 0, 0, 0, 0, 0, 0, 0, 0, 0, 0, 3, 0, 0, 0, 0, 0, 0, 0, 0, 0, 0, 0, 0, 0, 0, 0, 0, 0, 3, 0, 0, 0, 999, 999, 999, 999, 999, 7, 999, 999]
time : 1178.42 (+630.19 = 0.01 + 629.96 + 0.00 + 0.00 + 0.22)

108th Add (Sname, S, D) : t[67], 2104176, 9
Dist : [0, 0, 0, 0, 0, 0, 0, 0, 0, 0, 0, 0, 0, 0, 0, 0, 0, 0, 0, 0, 0, 0, 0, 0, 0, 0, 0, 0, 0, 0, 0, 0, 0, 0, 0, 0, 0, 0, 0, 0, 0, 0, 0, 0, 0, 0, 2, 0, 0, 0, 0, 0, 0, 0, 0, 0, 0, 0, 0, 0, 0, 0, 0, 0, 2, 0, 0, 0, 999, 999, 999, 999, 999, 7, 999, 999]
time : 1849.52 (+671.10 = 0.01 + 670.86 + 0.00 + 0.00 + 0.23)

109th Add (Sname, S, D) : t[68], 10492784, 10
Dist : [0, 0, 0, 0, 0, 0, 0, 0, 0, 0, 0, 0, 0, 0, 0, 0, 0, 0, 0, 0, 0, 0, 0, 0, 0, 0, 0, 0, 0, 0, 0, 0, 0, 0, 0, 0, 0, 0, 0, 0, 0, 0, 0, 0, 0, 0, 1, 0, 0, 0, 0, 0, 0, 0, 0, 0, 0, 0, 0, 0, 0, 0, 0, 0, 1, 0, 0, 0, 999, 999, 999, 999, 999, 7, 999, 999]
time : 2553.31 (+703.79 = 0.01 + 703.54 + 0.00 + 0.00 + 0.24)

110th Add (Sname, S, D) : t[69], 11279216, 11
Dist : [0, 0, 0, 0, 0, 0, 0, 0, 0, 0, 0, 0, 0, 0, 0, 0, 0, 0, 0, 0, 0, 0, 0, 0, 0, 0, 0, 0, 0, 0, 0, 0, 0, 0, 0, 0, 0, 0, 0, 0, 0, 0, 0, 0, 0, 0, 0, 0, 0, 0, 0, 0, 0, 0, 0, 0, 0, 0, 0, 0, 0, 0, 0, 0, 0, 0, 0, 0, 999, 999, 999, 999, 999, 7, 999, 999]
time : 2553.55 (+0.24 = 0.00 + 0.24)

111th Add (Sname, S, D) : g[23], 2147483648, 12
Dist : [0, 0, 0, 0, 0, 0, 0, 0, 0, 0, 0, 0, 0, 0, 0, 0, 0, 0, 0, 0, 0, 0, 0, 0, 0, 0, 0, 0, 0, 0, 0, 0, 0, 0, 0, 0, 0, 0, 0, 0, 0, 0, 0, 0, 0, 0, 0, 0, 0, 0, 0, 0, 0, 0, 0, 0, 0, 0, 0, 0, 0, 0, 0, 0, 0, 0, 0, 0, 999, 999, 999, 999, 999, 7, 999, 999]
time : 2553.79 (+0.24 = 0.00 + 0.24)

112th Add (Sname, S, D) : g[32], 1099511627776, 12
Dist : [0, 0, 0, 0, 0, 0, 0, 0, 0, 0, 0, 0, 0, 0, 0, 0, 0, 0, 0, 0, 0, 0, 0, 0, 0, 0, 0, 0, 0, 0, 0, 0, 0, 0, 0, 0, 0, 0, 0, 0, 0, 0, 0, 0, 0, 0, 0, 0, 0, 0, 0, 0, 0, 0, 0, 0, 0, 0, 0, 0, 0, 0, 0, 0, 0, 0, 0, 0, 7, 7, 999, 7, 7, 7, 7, 7]
time : 2578.30 (+24.51 = 0.00 + 24.51)

113th Add (Sname, S, D) : t[70], 1649267441664, 13
Dist : [0, 0, 0, 0, 0, 0, 0, 0, 0, 0, 0, 0, 0, 0, 0, 0, 0, 0, 0, 0, 0, 0, 0, 0, 0, 0, 0, 0, 0, 0, 0, 0, 0, 0, 0, 0, 0, 0, 0, 0, 0, 0, 0, 0, 0, 0, 0, 0, 0, 0, 0, 0, 0, 0, 0, 0, 0, 0, 0, 0, 0, 0, 0, 0, 0, 0, 0, 0, 6, 6, 999, 6, 6, 7, 6, 6]
time : 6948.24 (+4369.94 = 0.01 + 4365.40 + 0.00 + 0.00 + 4.53)

114th Add (Sname, S, D) : t[71], 1657857376256, 14
Dist : [0, 0, 0, 0, 0, 0, 0, 0, 0, 0, 0, 0, 0, 0, 0, 0, 0, 0, 0, 0, 0, 0, 0, 0, 0, 0, 0, 0, 0, 0, 0, 0, 0, 0, 0, 0, 0, 0, 0, 0, 0, 0, 0, 0, 0, 0, 0, 0, 0, 0, 0, 0, 0, 0, 0, 0, 0, 0, 0, 0, 0, 0, 0, 0, 0, 0, 0, 0, 6, 6, 999, 5, 5, 7, 5, 5]
time : 7983.69 (+1035.45 = 0.01 + 1031.53 + 0.00 + 0.00 + 3.91)

115th Add (Sname, S, D) : t[72], 17213423616, 12
Dist : [0, 0, 0, 0, 0, 0, 0, 0, 0, 0, 0, 0, 0, 0, 0, 0, 0, 0, 0, 0, 0, 0, 0, 0, 0, 0, 0, 0, 0, 0, 0, 0, 0, 0, 0, 0, 0, 0, 0, 0, 0, 0, 0, 0, 0, 0, 0, 0, 0, 0, 0, 0, 0, 0, 0, 0, 0, 0, 0, 0, 0, 0, 0, 0, 0, 0, 0, 0, 6, 6, 999, 4, 4, 7, 4, 5]
time : 8994.63 (+1010.94 = 0.01 + 1006.82 + 0.00 + 0.00 + 4.10)

116th Add (Sname, S, D) : t[73], 17481859072, 13
Dist : [0, 0, 0, 0, 0, 0, 0, 0, 0, 0, 0, 0, 0, 0, 0, 0, 0, 0, 0, 0, 0, 0, 0, 0, 0, 0, 0, 0, 0, 0, 0, 0, 0, 0, 0, 0, 0, 0, 0, 0, 0, 0, 0, 0, 0, 0, 0, 0, 0, 0, 0, 0, 0, 0, 0, 0, 0, 0, 0, 0, 0, 0, 0, 0, 0, 0, 0, 0, 6, 6, 999, 3, 3, 7, 4, 5]
time : 10045.48 (+1050.85 = 0.01 + 1046.92 + 0.00 + 0.00 + 3.92)

117th Add (Sname, S, D) : t[74], 3221225472, 13
Dist : [0, 0, 0, 0, 0, 0, 0, 0, 0, 0, 0, 0, 0, 0, 0, 0, 0, 0, 0, 0, 0, 0, 0, 0, 0, 0, 0, 0, 0, 0, 0, 0, 0, 0, 0, 0, 0, 0, 0, 0, 0, 0, 0, 0, 0, 0, 0, 0, 0, 0, 0, 0, 0, 0, 0, 0, 0, 0, 0, 0, 0, 0, 0, 0, 0, 0, 0, 0, 6, 6, 999, 3, 3, 7, 3, 4]
time : 11196.14 (+1150.66 = 0.01 + 1146.70 + 0.00 + 0.00 + 3.95)

118th Add (Sname, S, D) : t[75], 603979776, 12
Dist : [0, 0, 0, 0, 0, 0, 0, 0, 0, 0, 0, 0, 0, 0, 0, 0, 0, 0, 0, 0, 0, 0, 0, 0, 0, 0, 0, 0, 0, 0, 0, 0, 0, 0, 0, 0, 0, 0, 0, 0, 0, 0, 0, 0, 0, 0, 0, 0, 0, 0, 0, 0, 0, 0, 0, 0, 0, 0, 0, 0, 0, 0, 0, 0, 0, 0, 0, 0, 5, 6, 999, 2, 3, 7, 3, 4]
time : 12448.26 (+1252.12 = 0.01 + 1247.99 + 0.00 + 0.00 + 4.11)

119th Add (Sname, S, D) : t[76], 150994944, 13
Dist : [0, 0, 0, 0, 0, 0, 0, 0, 0, 0, 0, 0, 0, 0, 0, 0, 0, 0, 0, 0, 0, 0, 0, 0, 0, 0, 0, 0, 0, 0, 0, 0, 0, 0, 0, 0, 0, 0, 0, 0, 0, 0, 0, 0, 0, 0, 0, 0, 0, 0, 0, 0, 0, 0, 0, 0, 0, 0, 0, 0, 0, 0, 0, 0, 0, 0, 0, 0, 4, 6, 999, 2, 2, 7, 3, 4]
time : 13732.62 (+1284.36 = 0.01 + 1280.05 + 0.00 + 0.00 + 4.29)

120th Add (Sname, S, D) : t[77], 1786706395136, 14
Dist : [0, 0, 0, 0, 0, 0, 0, 0, 0, 0, 0, 0, 0, 0, 0, 0, 0, 0, 0, 0, 0, 0, 0, 0, 0, 0, 0, 0, 0, 0, 0, 0, 0, 0, 0, 0, 0, 0, 0, 0, 0, 0, 0, 0, 0, 0, 0, 0, 0, 0, 0, 0, 0, 0, 0, 0, 0, 0, 0, 0, 0, 0, 0, 0, 0, 0, 0, 0, 3, 5, 999, 2, 2, 7, 3, 4]
time : 14900.42 (+1167.80 = 0.01 + 1163.86 + 0.00 + 0.00 + 3.93)

121th Add (Sname, S, D) : t[78], 73014444032, 12
Dist : [0, 0, 0, 0, 0, 0, 0, 0, 0, 0, 0, 0, 0, 0, 0, 0, 0, 0, 0, 0, 0, 0, 0, 0, 0, 0, 0, 0, 0, 0, 0, 0, 0, 0, 0, 0, 0, 0, 0, 0, 0, 0, 0, 0, 0, 0, 0, 0, 0, 0, 0, 0, 0, 0, 0, 0, 0, 0, 0, 0, 0, 0, 0, 0, 0, 0, 0, 0, 3, 4, 999, 2, 2, 6, 3, 4]
time : 15877.47 (+977.05 = 0.01 + 973.46 + 0.00 + 0.00 + 3.58)

122th Add (Sname, S, D) : t[79], 18085838848, 14
Dist : [0, 0, 0, 0, 0, 0, 0, 0, 0, 0, 0, 0, 0, 0, 0, 0, 0, 0, 0, 0, 0, 0, 0, 0, 0, 0, 0, 0, 0, 0, 0, 0, 0, 0, 0, 0, 0, 0, 0, 0, 0, 0, 0, 0, 0, 0, 0, 0, 0, 0, 0, 0, 0, 0, 0, 0, 0, 0, 0, 0, 0, 0, 0, 0, 0, 0, 0, 0, 3, 4, 999, 1, 2, 6, 3, 4]
time : 16277.38 (+399.91 = 0.01 + 396.26 + 0.00 + 0.00 + 3.63)

123th Add (Sname, S, D) : t[80], 1675943215104, 15
Dist : [0, 0, 0, 0, 0, 0, 0, 0, 0, 0, 0, 0, 0, 0, 0, 0, 0, 0, 0, 0, 0, 0, 0, 0, 0, 0, 0, 0, 0, 0, 0, 0, 0, 0, 0, 0, 0, 0, 0, 0, 0, 0, 0, 0, 0, 0, 0, 0, 0, 0, 0, 0, 0, 0, 0, 0, 0, 0, 0, 0, 0, 0, 0, 0, 0, 0, 0, 0, 3, 4, 999, 0, 2, 6, 3, 4]
time : 16281.18 (+3.80 = 0.00 + 3.80)

124th Add (Sname, S, D) : t[81], 17632854016, 14
Dist : [0, 0, 0, 0, 0, 0, 0, 0, 0, 0, 0, 0, 0, 0, 0, 0, 0, 0, 0, 0, 0, 0, 0, 0, 0, 0, 0, 0, 0, 0, 0, 0, 0, 0, 0, 0, 0, 0, 0, 0, 0, 0, 0, 0, 0, 0, 0, 0, 0, 0, 0, 0, 0, 0, 0, 0, 0, 0, 0, 0, 0, 0, 0, 0, 0, 0, 0, 0, 3, 4, 999, 0, 1, 6, 3, 4]
time : 16703.31 (+422.13 = 0.01 + 418.20 + 0.00 + 0.00 + 3.92)

125th Add (Sname, S, D) : t[82], 1675490230272, 15
Dist : [0, 0, 0, 0, 0, 0, 0, 0, 0, 0, 0, 0, 0, 0, 0, 0, 0, 0, 0, 0, 0, 0, 0, 0, 0, 0, 0, 0, 0, 0, 0, 0, 0, 0, 0, 0, 0, 0, 0, 0, 0, 0, 0, 0, 0, 0, 0, 0, 0, 0, 0, 0, 0, 0, 0, 0, 0, 0, 0, 0, 0, 0, 0, 0, 0, 0, 0, 0, 3, 4, 999, 0, 0, 6, 3, 4]
time : 16707.38 (+4.07 = 0.00 + 4.07)

126th Add (Sname, S, D) : t[83], 69323456512, 13
Dist : [0, 0, 0, 0, 0, 0, 0, 0, 0, 0, 0, 0, 0, 0, 0, 0, 0, 0, 0, 0, 0, 0, 0, 0, 0, 0, 0, 0, 0, 0, 0, 0, 0, 0, 0, 0, 0, 0, 0, 0, 0, 0, 0, 0, 0, 0, 0, 0, 0, 0, 0, 0, 0, 0, 0, 0, 0, 0, 0, 0, 0, 0, 0, 0, 0, 0, 0, 0, 2, 4, 999, 0, 0, 6, 3, 4]
time : 17157.72 (+450.34 = 0.01 + 446.07 + 0.00 + 0.00 + 4.26)

127th Add (Sname, S, D) : t[84], 69474451456, 14
Dist : [0, 0, 0, 0, 0, 0, 0, 0, 0, 0, 0, 0, 0, 0, 0, 0, 0, 0, 0, 0, 0, 0, 0, 0, 0, 0, 0, 0, 0, 0, 0, 0, 0, 0, 0, 0, 0, 0, 0, 0, 0, 0, 0, 0, 0, 0, 0, 0, 0, 0, 0, 0, 0, 0, 0, 0, 0, 0, 0, 0, 0, 0, 0, 0, 0, 0, 0, 0, 1, 4, 999, 0, 0, 6, 3, 4]
time : 17639.79 (+482.07 = 0.01 + 477.58 + 0.00 + 0.00 + 4.47)

128th Add (Sname, S, D) : t[85], 1856180846592, 15
Dist : [0, 0, 0, 0, 0, 0, 0, 0, 0, 0, 0, 0, 0, 0, 0, 0, 0, 0, 0, 0, 0, 0, 0, 0, 0, 0, 0, 0, 0, 0, 0, 0, 0, 0, 0, 0, 0, 0, 0, 0, 0, 0, 0, 0, 0, 0, 0, 0, 0, 0, 0, 0, 0, 0, 0, 0, 0, 0, 0, 0, 0, 0, 0, 0, 0, 0, 0, 0, 0, 4, 999, 0, 0, 6, 3, 4]
time : 17644.45 (+4.66 = 0.00 + 4.66)

129th Add (Sname, S, D) : t[86], 17230200832, 13
Dist : [0, 0, 0, 0, 0, 0, 0, 0, 0, 0, 0, 0, 0, 0, 0, 0, 0, 0, 0, 0, 0, 0, 0, 0, 0, 0, 0, 0, 0, 0, 0, 0, 0, 0, 0, 0, 0, 0, 0, 0, 0, 0, 0, 0, 0, 0, 0, 0, 0, 0, 0, 0, 0, 0, 0, 0, 0, 0, 0, 0, 0, 0, 0, 0, 0, 0, 0, 0, 0, 4, 999, 0, 0, 6, 2, 4]
time : 18154.05 (+509.60 = 0.01 + 502.25 + 0.00 + 0.00 + 7.35)

130th Add (Sname, S, D) : t[87], 20451426304, 14
Dist : [0, 0, 0, 0, 0, 0, 0, 0, 0, 0, 0, 0, 0, 0, 0, 0, 0, 0, 0, 0, 0, 0, 0, 0, 0, 0, 0, 0, 0, 0, 0, 0, 0, 0, 0, 0, 0, 0, 0, 0, 0, 0, 0, 0, 0, 0, 0, 0, 0, 0, 0, 0, 0, 0, 0, 0, 0, 0, 0, 0, 0, 0, 0, 0, 0, 0, 0, 0, 0, 4, 999, 0, 0, 6, 1, 4]
time : 18694.45 (+540.40 = 0.01 + 532.69 + 0.00 + 0.00 + 7.70)

131th Add (Sname, S, D) : t[88], 1678308802560, 15
Dist : [0, 0, 0, 0, 0, 0, 0, 0, 0, 0, 0, 0, 0, 0, 0, 0, 0, 0, 0, 0, 0, 0, 0, 0, 0, 0, 0, 0, 0, 0, 0, 0, 0, 0, 0, 0, 0, 0, 0, 0, 0, 0, 0, 0, 0, 0, 0, 0, 0, 0, 0, 0, 0, 0, 0, 0, 0, 0, 0, 0, 0, 0, 0, 0, 0, 0, 0, 0, 0, 4, 999, 0, 0, 6, 0, 4]
time : 18702.37 (+7.92 = 0.00 + 7.92)

132th Add (Sname, S, D) : t[89], 75161927680, 13
Dist : [0, 0, 0, 0, 0, 0, 0, 0, 0, 0, 0, 0, 0, 0, 0, 0, 0, 0, 0, 0, 0, 0, 0, 0, 0, 0, 0, 0, 0, 0, 0, 0, 0, 0, 0, 0, 0, 0, 0, 0, 0, 0, 0, 0, 0, 0, 0, 0, 0, 0, 0, 0, 0, 0, 0, 0, 0, 0, 0, 0, 0, 0, 0, 0, 0, 0, 0, 0, 0, 3, 999, 0, 0, 6, 0, 4]
time : 19267.05 (+564.67 = 0.01 + 556.66 + 0.00 + 0.00 + 8.00)

133th Add (Sname, S, D) : t[90], 805306368, 12
Dist : [0, 0, 0, 0, 0, 0, 0, 0, 0, 0, 0, 0, 0, 0, 0, 0, 0, 0, 0, 0, 0, 0, 0, 0, 0, 0, 0, 0, 0, 0, 0, 0, 0, 0, 0, 0, 0, 0, 0, 0, 0, 0, 0, 0, 0, 0, 0, 0, 0, 0, 0, 0, 0, 0, 0, 0, 0, 0, 0, 0, 0, 0, 0, 0, 0, 0, 0, 0, 0, 2, 999, 0, 0, 6, 0, 4]
time : 19861.36 (+594.31 = 0.01 + 586.54 + 0.00 + 0.00 + 7.76)

134th Add (Sname, S, D) : t[91], 75967234048, 14
Dist : [0, 0, 0, 0, 0, 0, 0, 0, 0, 0, 0, 0, 0, 0, 0, 0, 0, 0, 0, 0, 0, 0, 0, 0, 0, 0, 0, 0, 0, 0, 0, 0, 0, 0, 0, 0, 0, 0, 0, 0, 0, 0, 0, 0, 0, 0, 0, 0, 0, 0, 0, 0, 0, 0, 0, 0, 0, 0, 0, 0, 0, 0, 0, 0, 0, 0, 0, 0, 0, 1, 999, 0, 0, 6, 0, 4]
time : 20490.13 (+628.77 = 0.01 + 621.05 + 0.00 + 0.00 + 7.71)

135th Add (Sname, S, D) : t[92], 1862673629184, 15
Dist : [0, 0, 0, 0, 0, 0, 0, 0, 0, 0, 0, 0, 0, 0, 0, 0, 0, 0, 0, 0, 0, 0, 0, 0, 0, 0, 0, 0, 0, 0, 0, 0, 0, 0, 0, 0, 0, 0, 0, 0, 0, 0, 0, 0, 0, 0, 0, 0, 0, 0, 0, 0, 0, 0, 0, 0, 0, 0, 0, 0, 0, 0, 0, 0, 0, 0, 0, 0, 0, 0, 999, 0, 0, 6, 0, 4]
time : 20497.90 (+7.77 = 0.00 + 7.77)

136th Add (Sname, S, D) : t[93], 17314086912, 12
Dist : [0, 0, 0, 0, 0, 0, 0, 0, 0, 0, 0, 0, 0, 0, 0, 0, 0, 0, 0, 0, 0, 0, 0, 0, 0, 0, 0, 0, 0, 0, 0, 0, 0, 0, 0, 0, 0, 0, 0, 0, 0, 0, 0, 0, 0, 0, 0, 0, 0, 0, 0, 0, 0, 0, 0, 0, 0, 0, 0, 0, 0, 0, 0, 0, 0, 0, 0, 0, 0, 0, 7, 0, 0, 6, 0, 3]
time : 21159.84 (+661.94 = 0.01 + 654.48 + 0.00 + 0.00 + 7.45)

137th Add (Sname, S, D) : t[94], 274945015808, 12
Dist : [0, 0, 0, 0, 0, 0, 0, 0, 0, 0, 0, 0, 0, 0, 0, 0, 0, 0, 0, 0, 0, 0, 0, 0, 0, 0, 0, 0, 0, 0, 0, 0, 0, 0, 0, 0, 0, 0, 0, 0, 0, 0, 0, 0, 0, 0, 0, 0, 0, 0, 0, 0, 0, 0, 0, 0, 0, 0, 0, 0, 0, 0, 0, 0, 0, 0, 0, 0, 0, 0, 6, 0, 0, 5, 0, 3]
time : 23225.71 (+2065.87 = 0.01 + 2065.41 + 0.00 + 0.00 + 0.44)

138th Add (Sname, S, D) : t[95], 274961793024, 13
Dist : [0, 0, 0, 0, 0, 0, 0, 0, 0, 0, 0, 0, 0, 0, 0, 0, 0, 0, 0, 0, 0, 0, 0, 0, 0, 0, 0, 0, 0, 0, 0, 0, 0, 0, 0, 0, 0, 0, 0, 0, 0, 0, 0, 0, 0, 0, 0, 0, 0, 0, 0, 0, 0, 0, 0, 0, 0, 0, 0, 0, 0, 0, 0, 0, 0, 0, 0, 0, 0, 0, 5, 0, 0, 4, 0, 3]
time : 23953.19 (+727.49 = 0.01 + 727.24 + 0.00 + 0.00 + 0.23)

139th Add (Sname, S, D) : t[96], 350123720704, 14
Dist : [0, 0, 0, 0, 0, 0, 0, 0, 0, 0, 0, 0, 0, 0, 0, 0, 0, 0, 0, 0, 0, 0, 0, 0, 0, 0, 0, 0, 0, 0, 0, 0, 0, 0, 0, 0, 0, 0, 0, 0, 0, 0, 0, 0, 0, 0, 0, 0, 0, 0, 0, 0, 0, 0, 0, 0, 0, 0, 0, 0, 0, 0, 0, 0, 0, 0, 0, 0, 0, 0, 4, 0, 0, 3, 0, 3]
time : 24685.55 (+732.36 = 0.01 + 732.10 + 0.00 + 0.00 + 0.25)

140th Add (Sname, S, D) : t[97], 2748779069440, 13
Dist : [0, 0, 0, 0, 0, 0, 0, 0, 0, 0, 0, 0, 0, 0, 0, 0, 0, 0, 0, 0, 0, 0, 0, 0, 0, 0, 0, 0, 0, 0, 0, 0, 0, 0, 0, 0, 0, 0, 0, 0, 0, 0, 0, 0, 0, 0, 0, 0, 0, 0, 0, 0, 0, 0, 0, 0, 0, 0, 0, 0, 0, 0, 0, 0, 0, 0, 0, 0, 0, 0, 4, 0, 0, 2, 0, 3]
time : 25429.29 (+743.74 = 0.01 + 743.47 + 0.00 + 0.00 + 0.25)

141th Add (Sname, S, D) : t[98], 2752000294912, 14
Dist : [0, 0, 0, 0, 0, 0, 0, 0, 0, 0, 0, 0, 0, 0, 0, 0, 0, 0, 0, 0, 0, 0, 0, 0, 0, 0, 0, 0, 0, 0, 0, 0, 0, 0, 0, 0, 0, 0, 0, 0, 0, 0, 0, 0, 0, 0, 0, 0, 0, 0, 0, 0, 0, 0, 0, 0, 0, 0, 0, 0, 0, 0, 0, 0, 0, 0, 0, 0, 0, 0, 4, 0, 0, 1, 0, 3]
time : 26216.26 (+786.97 = 0.01 + 786.68 + 0.00 + 0.00 + 0.27)

142th Add (Sname, S, D) : t[99], 3097829048320, 15
Dist : [0, 0, 0, 0, 0, 0, 0, 0, 0, 0, 0, 0, 0, 0, 0, 0, 0, 0, 0, 0, 0, 0, 0, 0, 0, 0, 0, 0, 0, 0, 0, 0, 0, 0, 0, 0, 0, 0, 0, 0, 0, 0, 0, 0, 0, 0, 0, 0, 0, 0, 0, 0, 0, 0, 0, 0, 0, 0, 0, 0, 0, 0, 0, 0, 0, 0, 0, 0, 0, 0, 4, 0, 0, 0, 0, 3]
time : 26216.54 (+0.28 = 0.00 + 0.28)

143th Add (Sname, S, D) : t[100], 17582522368, 13
Dist : [0, 0, 0, 0, 0, 0, 0, 0, 0, 0, 0, 0, 0, 0, 0, 0, 0, 0, 0, 0, 0, 0, 0, 0, 0, 0, 0, 0, 0, 0, 0, 0, 0, 0, 0, 0, 0, 0, 0, 0, 0, 0, 0, 0, 0, 0, 0, 0, 0, 0, 0, 0, 0, 0, 0, 0, 0, 0, 0, 0, 0, 0, 0, 0, 0, 0, 0, 0, 0, 0, 4, 0, 0, 0, 0, 2]
time : 27044.35 (+827.81 = 0.02 + 827.51 + 0.00 + 0.00 + 0.28)

144th Add (Sname, S, D) : t[101], 20803747840, 14
Dist : [0, 0, 0, 0, 0, 0, 0, 0, 0, 0, 0, 0, 0, 0, 0, 0, 0, 0, 0, 0, 0, 0, 0, 0, 0, 0, 0, 0, 0, 0, 0, 0, 0, 0, 0, 0, 0, 0, 0, 0, 0, 0, 0, 0, 0, 0, 0, 0, 0, 0, 0, 0, 0, 0, 0, 0, 0, 0, 0, 0, 0, 0, 0, 0, 0, 0, 0, 0, 0, 0, 4, 0, 0, 0, 0, 1]
time : 27918.52 (+874.18 = 0.01 + 873.86 + 0.00 + 0.00 + 0.31)

145th Add (Sname, S, D) : t[102], 1678661124096, 15
Dist : [0, 0, 0, 0, 0, 0, 0, 0, 0, 0, 0, 0, 0, 0, 0, 0, 0, 0, 0, 0, 0, 0, 0, 0, 0, 0, 0, 0, 0, 0, 0, 0, 0, 0, 0, 0, 0, 0, 0, 0, 0, 0, 0, 0, 0, 0, 0, 0, 0, 0, 0, 0, 0, 0, 0, 0, 0, 0, 0, 0, 0, 0, 0, 0, 0, 0, 0, 0, 0, 0, 4, 0, 0, 0, 0, 0]
time : 27918.84 (+0.31 = 0.00 + 0.31)

146th Add (Sname, S, D) : t[103], 34628173824, 12
Dist : [0, 0, 0, 0, 0, 0, 0, 0, 0, 0, 0, 0, 0, 0, 0, 0, 0, 0, 0, 0, 0, 0, 0, 0, 0, 0, 0, 0, 0, 0, 0, 0, 0, 0, 0, 0, 0, 0, 0, 0, 0, 0, 0, 0, 0, 0, 0, 0, 0, 0, 0, 0, 0, 0, 0, 0, 0, 0, 0, 0, 0, 0, 0, 0, 0, 0, 0, 0, 0, 0, 3, 0, 0, 0, 0, 0]
time : 28836.23 (+917.39 = 0.01 + 917.06 + 0.00 + 0.00 + 0.32)

147th Add (Sname, S, D) : t[104], 51942260736, 13
Dist : [0, 0, 0, 0, 0, 0, 0, 0, 0, 0, 0, 0, 0, 0, 0, 0, 0, 0, 0, 0, 0, 0, 0, 0, 0, 0, 0, 0, 0, 0, 0, 0, 0, 0, 0, 0, 0, 0, 0, 0, 0, 0, 0, 0, 0, 0, 0, 0, 0, 0, 0, 0, 0, 0, 0, 0, 0, 0, 0, 0, 0, 0, 0, 0, 0, 0, 0, 0, 0, 0, 2, 0, 0, 0, 0, 0]
time : 29884.24 (+1048.01 = 0.01 + 1047.66 + 0.00 + 0.00 + 0.34)

148th Add (Sname, S, D) : t[105], 1701209702400, 14
Dist : [0, 0, 0, 0, 0, 0, 0, 0, 0, 0, 0, 0, 0, 0, 0, 0, 0, 0, 0, 0, 0, 0, 0, 0, 0, 0, 0, 0, 0, 0, 0, 0, 0, 0, 0, 0, 0, 0, 0, 0, 0, 0, 0, 0, 0, 0, 0, 0, 0, 0, 0, 0, 0, 0, 0, 0, 0, 0, 0, 0, 0, 0, 0, 0, 0, 0, 0, 0, 0, 0, 1, 0, 0, 0, 0, 0]
time : 30979.03 (+1094.79 = 0.02 + 1094.41 + 0.00 + 0.00 + 0.36)

149th Add (Sname, S, D) : t[106], 2051333423104, 15
Dist : [0, 0, 0, 0, 0, 0, 0, 0, 0, 0, 0, 0, 0, 0, 0, 0, 0, 0, 0, 0, 0, 0, 0, 0, 0, 0, 0, 0, 0, 0, 0, 0, 0, 0, 0, 0, 0, 0, 0, 0, 0, 0, 0, 0, 0, 0, 0, 0, 0, 0, 0, 0, 0, 0, 0, 0, 0, 0, 0, 0, 0, 0, 0, 0, 0, 0, 0, 0, 0, 0, 0, 0, 0, 0, 0, 0]
time : 30979.38 (+0.35 = 0.00 + 0.35)

XOR : 107
Circuit : ['r[5]=x[0]', 'r[37]=x[0]', 'r[8]=x[1]', 't[0]=x[1]^x[7]', 'r[6]=t[0]', 'r[57]=t[0]', 't[1]=x[4]^x[7]', 'r[12]=t[1]', 'r[63]=t[1]', 't[2]=x[2]^x[4]', 'r[14]=t[2]', 'r[65]=t[2]', 't[3]=t[0]^t[2]', 'r[0]=t[3]', 'r[51]=t[3]', 't[4]=x[2]^x[7]', 'r[16]=t[4]', 'r[67]=t[4]', 't[5]=x[2]^x[3]', 't[6]=t[3]^t[5]', 'r[1]=t[6]', 'r[33]=t[6]', 'g[0]=r[0]&r[1]', 't[7]=x[0]^x[6]', 't[8]=x[5]^t[7]', 'r[9]=t[8]', 'r[41]=t[8]', 'g[4]=r[8]|r[9]', 't[9]=x[4]^t[8]', 'r[4]=t[9]', 'r[55]=t[9]', 'g[2]=r[4]&r[5]', 't[10]=x[7]^t[8]', 'r[10]=t[10]', 'r[61]=t[10]', 't[11]=x[1]^t[8]', 'r[59]=t[11]', 't[12]=x[1]^t[5]', 't[13]=x[5]^t[12]', 'r[7]=t[13]', 'r[39]=t[13]', 'g[3]=r[6]&r[7]', 't[14]=t[7]^t[12]', 'r[11]=t[14]', 'r[43]=t[14]', 'g[5]=r[10]&r[11]', 't[15]=x[5]^t[2]', 't[16]=x[7]^t[15]', 'r[15]=t[16]', 'r[47]=t[16]', 'g[7]=r[14]&r[15]', 't[17]=x[1]^t[4]', 't[18]=t[8]^t[17]', 'r[2]=t[18]', 'r[53]=t[18]', 't[19]=x[0]^t[5]', 't[20]=t[3]^t[19]', 'r[3]=t[20]', 'r[35]=t[20]', 'g[1]=r[2]&r[3]', 't[21]=x[5]^x[6]', 't[22]=t[5]^t[21]', 't[23]=t[3]^t[22]', 'r[17]=t[23]', 'r[49]=t[23]', 'g[8]=r[16]&r[17]', 't[24]=g[7]^g[8]', 't[25]=g[5]^t[24]', 't[26]=g[4]^t[25]', 'r[23]=t[26]', 'r[30]=t[26]', 't[27]=x[1]^x[6]', 't[28]=t[5]^t[27]', 'r[13]=t[28]', 'r[45]=t[28]', 'g[6]=(r[12]|r[13])^1', 't[29]=g[7]^g[6]', 't[30]=g[0]^g[1]', 't[31]=t[29]^t[30]', 'r[19]=t[31]^1', 'r[24]=t[31]^1', 't[32]=g[2]^t[24]', 't[33]=x[5]^x[7]', 't[34]=x[4]^t[21]', 't[35]=g[1]^t[33]', 't[36]=t[32]^t[35]', 'r[21]=t[36]', 'r[26]=t[36]', 't[37]=g[4]^t[34]', 't[38]=g[3]^t[37]', 't[39]=t[30]^t[38]', 'r[18]=t[39]', 'g[9]=r[18]&r[19]', 't[40]=t[36]^g[9]', 'r[22]=t[40]', 'g[11]=r[22]&r[23]', 't[41]=t[29]^t[38]', 'r[29]=t[41]^1', 't[54]=t[26]^t[41]', 'r[25]=t[54]^1', 't[43]=g[11]^t[54]', 'r[36]=t[43]^1', 'r[54]=t[43]^1', 'g[18]=r[36]&r[37]', 'g[27]=r[54]&r[55]', 't[44]=g[0]^t[33]', 't[45]=t[29]^t[44]', 't[46]=t[32]^t[45]', 'r[28]=t[46]^1', 'g[14]=r[28]&r[29]', 'r[31]=g[14]', 'g[15]=r[30]&r[31]', 't[47]=t[39]^g[9]', 't[48]=t[54]^t[47]', 't[49]=g[15]^t[48]', 'r[34]=t[49]^1', 'r[52]=t[49]^1', 'g[17]=r[34]&r[35]', 'g[26]=r[52]&r[53]', 't[50]=t[43]^t[49]', 'r[32]=t[50]', 'r[50]=t[50]', 'g[16]=r[32]&r[33]', 'g[25]=r[50]&r[51]', 't[51]=g[6]^t[34]', 't[52]=g[8]^t[51]', 't[53]=g[3]^g[5]', 't[54]=t[52]^t[53]', 'g[12]=r[24]&r[25]', 'r[27]=g[12]', 'g[13]=r[26]&r[27]', 't[55]=t[46]^g[13]', 't[56]=g[9]^t[55]', 'r[40]=t[56]^1', 'r[58]=t[56]^1', 'g[20]=r[40]&r[41]', 'g[29]=r[58]&r[59]', 't[57]=t[26]^t[36]', 't[58]=g[13]^t[57]', 't[59]=g[15]^t[58]', 'r[48]=t[59]', 'r[66]=t[59]', 'g[24]=r[48]&r[49]', 'g[33]=r[66]&r[67]', 't[60]=t[31]^t[54]', 't[61]=g[9]^t[60]', 'r[20]=t[61]', 'g[10]=r[20]&r[21]', 't[62]=t[46]^g[10]', 'r[42]=t[62]^1', 'r[60]=t[62]^1', 'g[21]=r[42]&r[43]', 'g[30]=r[60]&r[61]', 't[63]=t[43]^t[62]', 'r[44]=t[63]', 'r[62]=t[63]', 'g[22]=r[44]&r[45]', 'g[31]=r[62]&r[63]', 't[64]=g[9]^g[13]', 't[65]=g[10]^t[64]', 'r[38]=t[65]', 'r[56]=t[65]', 'g[19]=r[38]&r[39]', 'g[28]=r[56]&r[57]', 't[66]=g[11]^g[10]', 't[67]=t[39]^g[13]', 't[68]=g[15]^t[67]', 't[69]=t[66]^t[68]', 'r[46]=t[69]', 'r[64]=t[69]', 'g[23]=r[46]&r[47]', 'g[32]=r[64]&r[65]', 't[70]=g[31]^g[32]', 't[71]=g[25]^t[70]', 't[72]=g[17]^g[26]', 't[73]=g[20]^t[72]', 't[74]=g[22]^g[23]', 't[75]=g[18]^g[21]', 't[76]=g[16]^g[19]', 't[77]=g[29]^t[70]', 't[78]=g[24]^g[28]', 't[79]=t[73]^t[75]', 't[80]=t[71]^t[79]', 'y[3]=t[80]', 't[81]=t[73]^t[76]', 't[82]=t[71]^t[81]', 'y[4]=t[82]', 't[83]=g[28]^t[75]', 't[84]=t[76]^t[83]', 't[85]=t[77]^t[84]', 'y[0]=t[85]^1', 't[86]=g[16]^t[72]', 't[87]=t[74]^t[86]', 't[88]=t[71]^t[87]', 'y[6]=t[88]^1', 't[89]=g[23]^t[78]', 't[90]=g[20]^g[21]', 't[91]=t[89]^t[90]', 't[92]=t[77]^t[91]', 'y[1]=t[92]^1', 't[93]=g[26]^g[19]', 't[94]=g[18]^g[30]', 't[95]=g[16]^t[94]', 't[96]=t[89]^t[95]', 't[97]=g[33]^g[31]', 't[98]=t[74]^t[97]', 't[99]=t[96]^t[98]', 'y[5]=t[99]^1', 't[100]=g[20]^t[93]', 't[101]=t[74]^t[100]', 't[102]=t[71]^t[101]', 'y[7]=t[102]', 't[103]=g[27]^g[20]', 't[104]=t[93]^t[103]', 't[105]=t[70]^t[104]', 't[106]=t[96]^t[105]', 'y[2]=t[106]']