n : 8
m : 8
H : 26
Y : [150, 154, 231, 155, 113, 1, 130, 46, 99, 97, 225, 79, 144, 78, 20, 180, 132, 250, 50142, 55468, 100000, 223406, 214398, 110594, 92334, 655360, 345470, 1271982, 1104044, 154, 1683458, 155, 616622, 1, 2409438, 46, 2197152, 97, 345470, 79, 798160, 78, 3414898, 180, 3684002, 250, 1104044, 150, 1683458, 231, 616622, 113, 2409438, 130, 2197152, 99, 345470, 225, 798160, 144, 3414898, 20, 3684002, 132, 464045211648, 465668407296, 512833355776, 418985803776, 418872557568, 774457262080, 419577200640, 419665281024]
XORs : {'r[0]': ['x[7]', 'x[1]', 'x[4]', 'x[2]'], 'r[1]': ['x[3]', 'x[7]', 'x[1]', 'x[4]'], 'r[2]': ['x[1]', 'x[7]', 'x[2]', 'x[0]', 'x[6]', 'x[5]'], 'r[3]': ['x[0]', 'x[3]', 'x[7]', 'x[1]', 'x[4]'], 'r[4]': ['x[4]', 'x[0]', 'x[6]', 'x[5]'], 'r[5]': ['x[0]'], 'r[6]': ['x[7]', 'x[1]'], 'r[7]': ['x[5]', 'x[3]', 'x[1]', 'x[2]'], 'r[8]': ['x[1]', 'x[0]', 'x[6]', 'x[5]'], 'r[9]': ['x[0]', 'x[6]', 'x[5]'], 'r[10]': ['x[7]', 'x[0]', 'x[6]', 'x[5]'], 'r[11]': ['x[0]', 'x[6]', 'x[3]', 'x[1]', 'x[2]'], 'r[12]': ['x[7]', 'x[4]'], 'r[13]': ['x[6]', 'x[3]', 'x[1]', 'x[2]'], 'r[14]': ['x[4]', 'x[2]'], 'r[15]': ['x[2]', 'x[5]', 'x[7]', 'x[4]'], 'r[16]': ['x[7]', 'x[2]'], 'r[17]': ['x[6]', 'x[5]', 'x[3]', 'x[7]', 'x[1]', 'x[4]'], 'r[18]': ['x[6]', 'g[1]', 'g[0]', 'g[7]', 'g[6]', 'x[3]', 'x[7]', 'x[1]', 'x[4]', 'x[2]'], 'r[19]': ['g[4]', 'g[3]', 'g[7]', 'g[6]', 'x[5]', 'x[3]', 'x[7]', 'x[2]'], 'r[20]': ['g[1]', 'g[7]', 'g[2]', 'g[8]', 'x[5]', 'x[7]'], 'r[21]': ['g[9]', 'g[5]', 'g[3]', 'g[8]', 'g[6]', 'x[5]', 'x[3]', 'x[7]', 'x[1]', 'x[2]'], 'r[22]': ['g[9]', 'g[2]', 'g[0]', 'g[8]', 'g[6]', 'x[6]', 'x[5]', 'x[3]', 'x[1]', 'x[4]', 'x[2]'], 'r[23]': ['g[4]', 'g[7]', 'x[1]', 'g[5]', 'g[8]'], 'r[24]': ['g[5]', 'g[3]', 'g[8]', 'g[6]', 'x[5]', 'x[3]', 'x[7]', 'x[1]', 'x[2]'], 'r[25]': ['g[9]', 'g[11]'], 'r[26]': ['g[10]', 'g[2]', 'g[0]', 'g[8]', 'g[6]', 'x[6]', 'x[5]', 'x[3]', 'x[1]', 'x[4]', 'x[2]'], 'r[27]': ['g[12]', 'g[9]', 'g[5]', 'g[3]', 'g[8]', 'g[6]', 'x[5]', 'x[3]', 'x[7]', 'x[1]', 'x[2]'], 'r[28]': ['g[12]', 'g[4]', 'g[7]', 'g[3]', 'g[6]', 'x[5]', 'x[3]', 'x[7]', 'x[2]'], 'r[29]': ['x[3]', 'x[7]', 'x[1]', 'x[4]'], 'r[30]': ['g[12]', 'g[11]', 'g[4]', 'g[7]', 'g[5]', 'g[8]', 'x[1]'], 'r[31]': ['x[0]', 'x[3]', 'x[7]', 'x[1]', 'x[4]'], 'r[32]': ['g[11]', 'g[5]', 'g[3]', 'g[8]', 'g[6]', 'x[5]', 'x[3]', 'x[7]', 'x[1]', 'x[2]'], 'r[33]': ['x[0]'], 'r[34]': ['g[10]', 'g[13]', 'g[1]', 'g[7]', 'g[0]', 'g[6]', 'x[6]', 'x[3]', 'x[7]', 'x[1]', 'x[4]', 'x[2]'], 'r[35]': ['x[5]', 'x[3]', 'x[1]', 'x[2]'], 'r[36]': ['g[13]', 'g[1]', 'g[7]', 'g[2]', 'g[8]', 'x[5]', 'x[7]'], 'r[37]': ['x[0]', 'x[6]', 'x[5]'], 'r[38]': ['g[10]', 'g[2]', 'g[0]', 'g[8]', 'g[6]', 'x[6]', 'x[5]', 'x[3]', 'x[1]', 'x[4]', 'x[2]'], 'r[39]': ['x[0]', 'x[6]', 'x[3]', 'x[1]', 'x[2]'], 'r[40]': ['g[10]', 'g[11]', 'g[2]', 'g[0]', 'g[5]', 'g[3]', 'x[6]', 'x[7]', 'x[4]'], 'r[41]': ['x[6]', 'x[3]', 'x[1]', 'x[2]'], 'r[42]': ['g[10]', 'g[13]', 'g[12]', 'g[1]', 'g[0]', 'g[4]', 'g[3]', 'x[5]', 'x[6]', 'x[1]', 'x[4]'], 'r[43]': ['x[2]', 'x[5]', 'x[7]', 'x[4]'], 'r[44]': ['g[13]', 'g[12]', 'g[11]', 'g[1]', 'g[2]', 'g[4]', 'g[5]', 'x[5]', 'x[7]', 'x[1]'], 'r[45]': ['x[6]', 'x[5]', 'x[3]', 'x[7]', 'x[1]', 'x[4]'], 'r[46]': ['g[12]', 'g[4]', 'g[7]', 'g[3]', 'g[6]', 'x[5]', 'x[3]', 'x[7]', 'x[2]'], 'r[47]': ['x[7]', 'x[1]', 'x[4]', 'x[2]'], 'r[48]': ['g[12]', 'g[11]', 'g[4]', 'g[7]', 'g[5]', 'g[8]', 'x[1]'], 'r[49]': ['x[1]', 'x[7]', 'x[2]', 'x[0]', 'x[6]', 'x[5]'], 'r[50]': ['g[11]', 'g[5]', 'g[3]', 'g[8]', 'g[6]', 'x[5]', 'x[3]', 'x[7]', 'x[1]', 'x[2]'], 'r[51]': ['x[4]', 'x[0]', 'x[6]', 'x[5]'], 'r[52]': ['g[10]', 'g[13]', 'g[1]', 'g[7]', 'g[0]', 'g[6]', 'x[6]', 'x[3]', 'x[7]', 'x[1]', 'x[4]', 'x[2]'], 'r[53]': ['x[7]', 'x[1]'], 'r[54]': ['g[13]', 'g[1]', 'g[7]', 'g[2]', 'g[8]', 'x[5]', 'x[7]'], 'r[55]': ['x[1]', 'x[0]', 'x[6]', 'x[5]'], 'r[56]': ['g[10]', 'g[2]', 'g[0]', 'g[8]', 'g[6]', 'x[6]', 'x[5]', 'x[3]', 'x[1]', 'x[4]', 'x[2]'], 'r[57]': ['x[7]', 'x[0]', 'x[6]', 'x[5]'], 'r[58]': ['g[10]', 'g[11]', 'g[2]', 'g[0]', 'g[5]', 'g[3]', 'x[6]', 'x[7]', 'x[4]'], 'r[59]': ['x[7]', 'x[4]'], 'r[60]': ['g[10]', 'g[13]', 'g[12]', 'g[1]', 'g[0]', 'g[4]', 'g[3]', 'x[5]', 'x[6]', 'x[1]', 'x[4]'], 'r[61]': ['x[4]', 'x[2]'], 'r[62]': ['g[13]', 'g[12]', 'g[11]', 'g[1]', 'g[2]', 'g[4]', 'g[5]', 'x[5]', 'x[7]', 'x[1]'], 'r[63]': ['x[7]', 'x[2]'], 'y[7]': ['g[17]', 'g[20]', 'g[21]', 'g[23]', 'g[24]', 'g[18]', 'g[29]', 'g[30]'], 'y[1]': ['g[26]', 'g[19]', 'g[27]', 'g[21]', 'g[22]', 'g[18]', 'g[29]', 'g[30]'], 'y[0]': ['g[19]', 'g[27]', 'g[29]', 'g[30]', 'g[16]', 'g[26]', 'g[14]', 'g[17]'], 'y[4]': ['g[14]', 'g[17]', 'g[15]', 'g[23]', 'g[24]', 'g[18]', 'g[29]', 'g[30]'], 'y[3]': ['g[16]', 'g[19]', 'g[15]', 'g[23]', 'g[24]', 'g[18]', 'g[29]', 'g[30]'], 'y[2]': ['g[24]', 'g[25]', 'g[28]', 'g[21]', 'g[22]', 'g[18]', 'g[16]', 'g[26]', 'g[14]', 'g[17]', 'g[29]', 'g[30]'], 'y[6]': ['g[14]', 'g[15]', 'g[20]', 'g[21]', 'g[23]', 'g[24]', 'g[29]', 'g[30]'], 'y[5]': ['g[31]', 'g[28]', 'g[20]', 'g[22]', 'g[16]', 'g[26]', 'g[14]', 'g[29]']}
HY : [12, 12, 11, 11, 13, 0, 1, 12, 11, 11, 14, 14, 1, 10, 1, 9, 1, 11, 14, 14, 18, 18, 16, 16, 18, 18, 20, 20, 22, 12, 20, 11, 19, 0, 22, 12, 22, 11, 20, 14, 20, 10, 22, 9, 22, 11, 22, 12, 20, 11, 19, 13, 22, 1, 22, 11, 20, 14, 20, 1, 22, 1, 22, 1, 26, 26, 26, 26, 26, 26, 26, 26]

Dist : [3, 3, 5, 4, 3, 0, 1, 3, 3, 2, 3, 4, 1, 3, 1, 3, 1, 5, 999, 999, 999, 999, 999, 999, 999, 999, 999, 999, 999, 3, 999, 4, 999, 0, 999, 3, 999, 2, 999, 4, 999, 3, 999, 3, 999, 5, 999, 3, 999, 5, 999, 3, 999, 1, 999, 3, 999, 3, 999, 1, 999, 1, 999, 1, 999, 999, 999, 999, 999, 999, 999, 999]
time : 0.01 (+0.01)

9th Add (Sname, S, D) : t[0], 130, 1
Dist : [2, 2, 4, 3, 3, 0, 0, 3, 3, 2, 3, 4, 1, 3, 1, 3, 1, 4, 999, 999, 999, 999, 999, 999, 999, 999, 999, 999, 999, 2, 999, 3, 999, 0, 999, 3, 999, 2, 999, 4, 999, 3, 999, 3, 999, 4, 999, 2, 999, 4, 999, 3, 999, 0, 999, 3, 999, 3, 999, 1, 999, 1, 999, 1, 999, 999, 999, 999, 999, 999, 999, 999]
time : 0.02 (+0.02 = 0.00 + 0.00)

10th Add (Sname, S, D) : t[1], 144, 1
Dist : [2, 2, 4, 3, 3, 0, 0, 3, 3, 2, 3, 4, 0, 3, 1, 2, 1, 4, 999, 999, 999, 999, 999, 999, 999, 999, 999, 999, 999, 2, 999, 3, 999, 0, 999, 3, 999, 2, 999, 4, 999, 3, 999, 2, 999, 4, 999, 2, 999, 4, 999, 3, 999, 0, 999, 3, 999, 3, 999, 0, 999, 1, 999, 1, 999, 999, 999, 999, 999, 999, 999, 999]
time : 0.02 (+0.00 = 0.00 + 0.00)

11th Add (Sname, S, D) : t[2], 20, 1
Dist : [1, 2, 4, 3, 3, 0, 0, 3, 3, 2, 3, 4, 0, 3, 0, 2, 1, 4, 999, 999, 999, 999, 999, 999, 999, 999, 999, 999, 999, 2, 999, 3, 999, 0, 999, 3, 999, 2, 999, 4, 999, 3, 999, 2, 999, 4, 999, 1, 999, 4, 999, 3, 999, 0, 999, 3, 999, 3, 999, 0, 999, 0, 999, 1, 999, 999, 999, 999, 999, 999, 999, 999]
time : 0.02 (+0.00 = 0.00 + 0.00)

12th Add (Sname, S, D) : t[3], 150, 2
Dist : [0, 2, 4, 3, 3, 0, 0, 3, 3, 2, 3, 4, 0, 3, 0, 2, 1, 4, 999, 999, 999, 999, 999, 999, 999, 999, 999, 999, 999, 2, 999, 3, 999, 0, 999, 3, 999, 2, 999, 4, 999, 3, 999, 2, 999, 4, 999, 0, 999, 4, 999, 3, 999, 0, 999, 3, 999, 3, 999, 0, 999, 0, 999, 1, 999, 999, 999, 999, 999, 999, 999, 999]
time : 0.02 (+0.00 = 0.00 + 0.00)

13th Add (Sname, S, D) : t[4], 132, 1
Dist : [0, 2, 4, 3, 3, 0, 0, 3, 3, 2, 3, 4, 0, 3, 0, 2, 0, 4, 999, 999, 999, 999, 999, 999, 999, 999, 999, 999, 999, 2, 999, 3, 999, 0, 999, 3, 999, 2, 999, 4, 999, 3, 999, 2, 999, 4, 999, 0, 999, 4, 999, 3, 999, 0, 999, 3, 999, 3, 999, 0, 999, 0, 999, 0, 999, 999, 999, 999, 999, 999, 999, 999]
time : 0.02 (+0.00 = 0.00 + 0.00)

14th Add (Sname, S, D) : t[5], 10, 1
Dist : [0, 1, 4, 2, 3, 0, 0, 2, 3, 2, 3, 3, 0, 2, 0, 2, 0, 3, 999, 999, 999, 999, 999, 999, 999, 999, 999, 999, 999, 1, 999, 2, 999, 0, 999, 2, 999, 2, 999, 3, 999, 2, 999, 2, 999, 3, 999, 0, 999, 4, 999, 3, 999, 0, 999, 3, 999, 3, 999, 0, 999, 0, 999, 0, 999, 999, 999, 999, 999, 999, 999, 999]
time : 0.02 (+0.00 = 0.00 + 0.00 + 0.00 + 0.00 + 0.00)

15th Add (Sname, S, D) : t[6], 154, 2
Dist : [0, 0, 4, 1, 3, 0, 0, 2, 3, 2, 3, 3, 0, 2, 0, 2, 0, 2, 999, 999, 999, 999, 999, 999, 999, 999, 999, 999, 999, 0, 999, 1, 999, 0, 999, 2, 999, 2, 999, 3, 999, 2, 999, 2, 999, 2, 999, 0, 999, 4, 999, 3, 999, 0, 999, 3, 999, 3, 999, 0, 999, 0, 999, 0, 999, 999, 999, 999, 999, 999, 999, 999]
time : 0.02 (+0.00 = 0.00 + 0.00)

16th Add (Sname, S, D) : g[0], 256, 3
Dist : [0, 0, 4, 1, 3, 0, 0, 2, 3, 2, 3, 3, 0, 2, 0, 2, 0, 2, 999, 999, 999, 999, 999, 999, 999, 999, 999, 999, 999, 0, 999, 1, 999, 0, 999, 2, 999, 2, 999, 3, 999, 2, 999, 2, 999, 2, 999, 0, 999, 4, 999, 3, 999, 0, 999, 3, 999, 3, 999, 0, 999, 0, 999, 0, 999, 999, 999, 999, 999, 999, 999, 999]
time : 0.02 (+0.00 = 0.00 + 0.00)

17th Add (Sname, S, D) : t[7], 155, 3
Dist : [0, 0, 4, 0, 3, 0, 0, 2, 3, 2, 3, 3, 0, 2, 0, 2, 0, 2, 999, 999, 999, 999, 999, 999, 999, 999, 999, 999, 999, 0, 999, 0, 999, 0, 999, 2, 999, 2, 999, 3, 999, 2, 999, 2, 999, 2, 999, 0, 999, 4, 999, 3, 999, 0, 999, 3, 999, 3, 999, 0, 999, 0, 999, 0, 999, 999, 999, 999, 999, 999, 999, 999]
time : 0.02 (+0.00 = 0.00 + 0.00)

18th Add (Sname, S, D) : t[8], 96, 1
Dist : [0, 0, 3, 0, 2, 0, 0, 2, 2, 1, 2, 3, 0, 2, 0, 2, 0, 1, 999, 999, 999, 999, 999, 999, 999, 999, 999, 999, 999, 0, 999, 0, 999, 0, 999, 2, 999, 1, 999, 3, 999, 2, 999, 2, 999, 1, 999, 0, 999, 3, 999, 2, 999, 0, 999, 2, 999, 2, 999, 0, 999, 0, 999, 0, 999, 999, 999, 999, 999, 999, 999, 999]
time : 0.03 (+0.01 = 0.00 + 0.01 + 0.00 + 0.00 + 0.00)

19th Add (Sname, S, D) : t[9], 97, 2
Dist : [0, 0, 2, 0, 1, 0, 0, 2, 1, 0, 1, 3, 0, 2, 0, 2, 0, 1, 999, 999, 999, 999, 999, 999, 999, 999, 999, 999, 999, 0, 999, 0, 999, 0, 999, 2, 999, 0, 999, 3, 999, 2, 999, 2, 999, 1, 999, 0, 999, 2, 999, 1, 999, 0, 999, 1, 999, 1, 999, 0, 999, 0, 999, 0, 999, 999, 999, 999, 999, 999, 999, 999]
time : 0.03 (+0.00 = 0.00 + 0.00)

20th Add (Sname, S, D) : t[10], 113, 3
Dist : [0, 0, 1, 0, 0, 0, 0, 2, 1, 0, 1, 3, 0, 2, 0, 2, 0, 1, 999, 999, 999, 999, 999, 999, 999, 999, 999, 999, 999, 0, 999, 0, 999, 0, 999, 2, 999, 0, 999, 3, 999, 2, 999, 2, 999, 1, 999, 0, 999, 1, 999, 0, 999, 0, 999, 1, 999, 1, 999, 0, 999, 0, 999, 0, 999, 999, 999, 999, 999, 999, 999, 999]
time : 0.03 (+0.00 = 0.00 + 0.00)

21th Add (Sname, S, D) : g[2], 1024, 4
Dist : [0, 0, 1, 0, 0, 0, 0, 2, 1, 0, 1, 3, 0, 2, 0, 2, 0, 1, 999, 999, 999, 999, 999, 999, 999, 999, 999, 999, 999, 0, 999, 0, 999, 0, 999, 2, 999, 0, 999, 3, 999, 2, 999, 2, 999, 1, 999, 0, 999, 1, 999, 0, 999, 0, 999, 1, 999, 1, 999, 0, 999, 0, 999, 0, 999, 999, 999, 999, 999, 999, 999, 999]
time : 0.03 (+0.00 = 0.00 + 0.00)

22th Add (Sname, S, D) : t[11], 231, 4
Dist : [0, 0, 0, 0, 0, 0, 0, 2, 1, 0, 1, 3, 0, 2, 0, 2, 0, 1, 999, 999, 999, 999, 999, 999, 999, 999, 999, 999, 999, 0, 999, 0, 999, 0, 999, 2, 999, 0, 999, 3, 999, 2, 999, 2, 999, 1, 999, 0, 999, 0, 999, 0, 999, 0, 999, 1, 999, 1, 999, 0, 999, 0, 999, 0, 999, 999, 999, 999, 999, 999, 999, 999]
time : 0.03 (+0.00 = 0.00 + 0.00)

23th Add (Sname, S, D) : g[1], 512, 5
Dist : [0, 0, 0, 0, 0, 0, 0, 2, 1, 0, 1, 3, 0, 2, 0, 2, 0, 1, 999, 999, 999, 999, 999, 999, 999, 999, 999, 999, 999, 0, 999, 0, 999, 0, 999, 2, 999, 0, 999, 3, 999, 2, 999, 2, 999, 1, 999, 0, 999, 0, 999, 0, 999, 0, 999, 1, 999, 1, 999, 0, 999, 0, 999, 0, 999, 999, 999, 999, 999, 999, 999, 999]
time : 0.03 (+0.00 = 0.00 + 0.00)

24th Add (Sname, S, D) : t[12], 99, 3
Dist : [0, 0, 0, 0, 0, 0, 0, 2, 0, 0, 1, 3, 0, 2, 0, 2, 0, 1, 999, 999, 999, 999, 999, 999, 999, 999, 999, 999, 999, 0, 999, 0, 999, 0, 999, 2, 999, 0, 999, 3, 999, 2, 999, 2, 999, 1, 999, 0, 999, 0, 999, 0, 999, 0, 999, 0, 999, 1, 999, 0, 999, 0, 999, 0, 999, 999, 999, 999, 999, 999, 999, 999]
time : 0.03 (+0.00 = 0.00 + 0.00)

25th Add (Sname, S, D) : g[4], 4096, 4
Dist : [0, 0, 0, 0, 0, 0, 0, 2, 0, 0, 1, 3, 0, 2, 0, 2, 0, 1, 999, 999, 999, 999, 999, 999, 999, 999, 999, 999, 999, 0, 999, 0, 999, 0, 999, 2, 999, 0, 999, 3, 999, 2, 999, 2, 999, 1, 999, 0, 999, 0, 999, 0, 999, 0, 999, 0, 999, 1, 999, 0, 999, 0, 999, 0, 999, 999, 999, 999, 999, 999, 999, 999]
time : 0.03 (+0.00 = 0.00 + 0.00)

26th Add (Sname, S, D) : t[13], 225, 3
Dist : [0, 0, 0, 0, 0, 0, 0, 2, 0, 0, 0, 3, 0, 2, 0, 2, 0, 1, 999, 999, 999, 999, 999, 999, 999, 999, 999, 999, 999, 0, 999, 0, 999, 0, 999, 2, 999, 0, 999, 3, 999, 2, 999, 2, 999, 1, 999, 0, 999, 0, 999, 0, 999, 0, 999, 0, 999, 0, 999, 0, 999, 0, 999, 0, 999, 999, 999, 999, 999, 999, 999, 999]
time : 0.03 (+0.00 = 0.00 + 0.00)

27th Add (Sname, S, D) : t[14], 250, 3
Dist : [0, 0, 0, 0, 0, 0, 0, 2, 0, 0, 0, 3, 0, 2, 0, 2, 0, 0, 999, 999, 999, 999, 999, 999, 999, 999, 999, 999, 999, 0, 999, 0, 999, 0, 999, 2, 999, 0, 999, 3, 999, 2, 999, 2, 999, 0, 999, 0, 999, 0, 999, 0, 999, 0, 999, 0, 999, 0, 999, 0, 999, 0, 999, 0, 999, 999, 999, 999, 999, 999, 999, 999]
time : 0.03 (+0.00 = 0.00 + 0.00)

28th Add (Sname, S, D) : g[8], 65536, 4
Dist : [0, 0, 0, 0, 0, 0, 0, 2, 0, 0, 0, 3, 0, 2, 0, 2, 0, 0, 999, 999, 999, 999, 999, 999, 999, 999, 999, 999, 999, 0, 999, 0, 999, 0, 999, 2, 999, 0, 999, 3, 999, 2, 999, 2, 999, 0, 999, 0, 999, 0, 999, 0, 999, 0, 999, 0, 999, 0, 999, 0, 999, 0, 999, 0, 999, 999, 999, 999, 999, 999, 999, 999]
time : 0.03 (+0.00 = 0.00 + 0.00)

29th Add (Sname, S, D) : t[15], 14, 2
Dist : [0, 0, 0, 0, 0, 0, 0, 1, 0, 0, 0, 2, 0, 1, 0, 2, 0, 0, 999, 999, 999, 999, 999, 999, 999, 999, 999, 999, 999, 0, 999, 0, 999, 0, 999, 1, 999, 0, 999, 2, 999, 1, 999, 2, 999, 0, 999, 0, 999, 0, 999, 0, 999, 0, 999, 0, 999, 0, 999, 0, 999, 0, 999, 0, 999, 999, 999, 999, 999, 999, 999, 999]
time : 0.09 (+0.06 = 0.00 + 0.06 + 0.00 + 0.00 + 0.00)

30th Add (Sname, S, D) : t[16], 46, 3
Dist : [0, 0, 0, 0, 0, 0, 0, 0, 0, 0, 0, 1, 0, 1, 0, 1, 0, 0, 999, 999, 999, 999, 999, 999, 999, 999, 999, 999, 999, 0, 999, 0, 999, 0, 999, 0, 999, 0, 999, 1, 999, 1, 999, 1, 999, 0, 999, 0, 999, 0, 999, 0, 999, 0, 999, 0, 999, 0, 999, 0, 999, 0, 999, 0, 999, 999, 999, 999, 999, 999, 999, 999]
time : 0.09 (+0.00 = 0.00 + 0.00)

31th Add (Sname, S, D) : g[3], 2048, 4
Dist : [0, 0, 0, 0, 0, 0, 0, 0, 0, 0, 0, 1, 0, 1, 0, 1, 0, 0, 999, 999, 999, 999, 999, 999, 999, 999, 999, 999, 999, 0, 999, 0, 999, 0, 999, 0, 999, 0, 999, 1, 999, 1, 999, 1, 999, 0, 999, 0, 999, 0, 999, 0, 999, 0, 999, 0, 999, 0, 999, 0, 999, 0, 999, 0, 999, 999, 999, 999, 999, 999, 999, 999]
time : 0.09 (+0.00 = 0.00 + 0.00)

32th Add (Sname, S, D) : t[17], 79, 4
Dist : [0, 0, 0, 0, 0, 0, 0, 0, 0, 0, 0, 0, 0, 1, 0, 1, 0, 0, 999, 999, 999, 999, 999, 999, 999, 999, 999, 999, 999, 0, 999, 0, 999, 0, 999, 0, 999, 0, 999, 0, 999, 1, 999, 1, 999, 0, 999, 0, 999, 0, 999, 0, 999, 0, 999, 0, 999, 0, 999, 0, 999, 0, 999, 0, 999, 999, 999, 999, 999, 999, 999, 999]
time : 0.09 (+0.00 = 0.00 + 0.00)

33th Add (Sname, S, D) : g[5], 8192, 5
Dist : [0, 0, 0, 0, 0, 0, 0, 0, 0, 0, 0, 0, 0, 1, 0, 1, 0, 0, 999, 999, 999, 999, 999, 999, 999, 999, 999, 999, 999, 0, 999, 0, 999, 0, 999, 0, 999, 0, 999, 0, 999, 1, 999, 1, 999, 0, 999, 0, 999, 0, 999, 0, 999, 0, 999, 0, 999, 0, 999, 0, 999, 0, 999, 0, 999, 999, 999, 999, 999, 999, 999, 999]
time : 0.09 (+0.00 = 0.00 + 0.00)

34th Add (Sname, S, D) : t[18], 78, 3
Dist : [0, 0, 0, 0, 0, 0, 0, 0, 0, 0, 0, 0, 0, 0, 0, 1, 0, 0, 999, 999, 999, 999, 999, 999, 999, 999, 999, 999, 999, 0, 999, 0, 999, 0, 999, 0, 999, 0, 999, 0, 999, 0, 999, 1, 999, 0, 999, 0, 999, 0, 999, 0, 999, 0, 999, 0, 999, 0, 999, 0, 999, 0, 999, 0, 999, 999, 999, 999, 999, 999, 999, 999]
time : 0.09 (+0.00 = 0.00 + 0.00)

35th Add (Sname, S, D) : g[6], 16384, 4
Dist : [0, 0, 0, 0, 0, 0, 0, 0, 0, 0, 0, 0, 0, 0, 0, 1, 0, 0, 999, 999, 999, 999, 999, 999, 5, 999, 999, 999, 999, 0, 999, 0, 999, 0, 999, 0, 999, 0, 999, 0, 999, 0, 999, 1, 999, 0, 999, 0, 999, 0, 999, 0, 999, 0, 999, 0, 999, 0, 999, 0, 999, 0, 999, 0, 999, 999, 999, 999, 999, 999, 999, 999]
time : 0.09 (+0.00 = 0.00 + 0.00)

36th Add (Sname, S, D) : t[19], 180, 4
Dist : [0, 0, 0, 0, 0, 0, 0, 0, 0, 0, 0, 0, 0, 0, 0, 0, 0, 0, 999, 999, 999, 999, 999, 999, 5, 999, 999, 999, 999, 0, 999, 0, 999, 0, 999, 0, 999, 0, 999, 0, 999, 0, 999, 0, 999, 0, 999, 0, 999, 0, 999, 0, 999, 0, 999, 0, 999, 0, 999, 0, 999, 0, 999, 0, 999, 999, 999, 999, 999, 999, 999, 999]
time : 0.10 (+0.00 = 0.00 + 0.00)

37th Add (Sname, S, D) : g[7], 32768, 5
Dist : [0, 0, 0, 0, 0, 0, 0, 0, 0, 0, 0, 0, 0, 0, 0, 0, 0, 0, 5, 5, 5, 999, 999, 4, 5, 999, 999, 999, 999, 0, 999, 0, 999, 0, 999, 0, 999, 0, 999, 0, 999, 0, 999, 0, 999, 0, 999, 0, 999, 0, 999, 0, 999, 0, 999, 0, 999, 0, 999, 0, 999, 0, 999, 0, 999, 999, 999, 999, 999, 999, 999, 999]
time : 0.10 (+0.00 = 0.00 + 0.00)

38th Add (Sname, S, D) : t[20], 36864, 6
Dist : [0, 0, 0, 0, 0, 0, 0, 0, 0, 0, 0, 0, 0, 0, 0, 0, 0, 0, 5, 4, 5, 999, 999, 3, 5, 999, 999, 999, 999, 0, 999, 0, 999, 0, 999, 0, 999, 0, 999, 0, 999, 0, 999, 0, 999, 0, 999, 0, 999, 0, 999, 0, 999, 0, 999, 0, 999, 0, 999, 0, 999, 0, 999, 0, 999, 999, 999, 999, 999, 999, 999, 999]
time : 0.34 (+0.24 = 0.00 + 0.24 + 0.00 + 0.00 + 0.00)

39th Add (Sname, S, D) : t[21], 73728, 6
Dist : [0, 0, 0, 0, 0, 0, 0, 0, 0, 0, 0, 0, 0, 0, 0, 0, 0, 0, 5, 4, 5, 999, 999, 2, 4, 999, 999, 999, 999, 0, 999, 0, 999, 0, 999, 0, 999, 0, 999, 0, 999, 0, 999, 0, 999, 0, 999, 0, 999, 0, 999, 0, 999, 0, 999, 0, 999, 0, 999, 0, 999, 0, 999, 0, 999, 999, 999, 999, 999, 999, 999, 999]
time : 0.65 (+0.31 = 0.00 + 0.31 + 0.00 + 0.00 + 0.00)

40th Add (Sname, S, D) : t[22], 16430, 5
Dist : [0, 0, 0, 0, 0, 0, 0, 0, 0, 0, 0, 0, 0, 0, 0, 0, 0, 0, 5, 3, 5, 999, 999, 2, 3, 999, 999, 999, 999, 0, 999, 0, 999, 0, 999, 0, 999, 0, 999, 0, 999, 0, 999, 0, 999, 0, 999, 0, 999, 0, 999, 0, 999, 0, 999, 0, 999, 0, 999, 0, 999, 0, 999, 0, 999, 999, 999, 999, 999, 999, 999, 999]
time : 1.00 (+0.36 = 0.00 + 0.35 + 0.00 + 0.00 + 0.00)

41th Add (Sname, S, D) : t[23], 18478, 6
Dist : [0, 0, 0, 0, 0, 0, 0, 0, 0, 0, 0, 0, 0, 0, 0, 0, 0, 0, 5, 2, 5, 999, 999, 2, 2, 999, 999, 999, 999, 0, 999, 0, 999, 0, 999, 0, 999, 0, 999, 0, 999, 0, 999, 0, 999, 0, 999, 0, 999, 0, 999, 0, 999, 0, 999, 0, 999, 0, 999, 0, 999, 0, 999, 0, 999, 999, 999, 999, 999, 999, 999, 999]
time : 1.42 (+0.42 = 0.00 + 0.41 + 0.00 + 0.00 + 0.00)

42th Add (Sname, S, D) : t[24], 33280, 6
Dist : [0, 0, 0, 0, 0, 0, 0, 0, 0, 0, 0, 0, 0, 0, 0, 0, 0, 0, 4, 2, 4, 999, 999, 2, 2, 999, 999, 999, 999, 0, 999, 0, 999, 0, 999, 0, 999, 0, 999, 0, 999, 0, 999, 0, 999, 0, 999, 0, 999, 0, 999, 0, 999, 0, 999, 0, 999, 0, 999, 0, 999, 0, 999, 0, 999, 999, 999, 999, 999, 999, 999, 999]
time : 1.86 (+0.45 = 0.00 + 0.44 + 0.00 + 0.00 + 0.00)

43th Add (Sname, S, D) : t[25], 92206, 7
Dist : [0, 0, 0, 0, 0, 0, 0, 0, 0, 0, 0, 0, 0, 0, 0, 0, 0, 0, 4, 2, 4, 999, 999, 2, 1, 999, 999, 999, 999, 0, 999, 0, 999, 0, 999, 0, 999, 0, 999, 0, 999, 0, 999, 0, 999, 0, 999, 0, 999, 0, 999, 0, 999, 0, 999, 0, 999, 0, 999, 0, 999, 0, 999, 0, 999, 999, 999, 999, 999, 999, 999, 999]
time : 2.36 (+0.50 = 0.00 + 0.50 + 0.00 + 0.00 + 0.00)

44th Add (Sname, S, D) : t[26], 92334, 8
Dist : [0, 0, 0, 0, 0, 0, 0, 0, 0, 0, 0, 0, 0, 0, 0, 0, 0, 0, 4, 2, 4, 999, 999, 2, 0, 999, 999, 999, 999, 0, 999, 0, 999, 0, 999, 0, 999, 0, 999, 0, 999, 0, 999, 0, 999, 0, 999, 0, 999, 0, 999, 0, 999, 0, 999, 0, 999, 0, 999, 0, 999, 0, 999, 0, 999, 999, 999, 999, 999, 999, 999, 999]
time : 2.37 (+0.00 = 0.00 + 0.00)

45th Add (Sname, S, D) : t[27], 55342, 7
Dist : [0, 0, 0, 0, 0, 0, 0, 0, 0, 0, 0, 0, 0, 0, 0, 0, 0, 0, 4, 1, 4, 999, 999, 2, 0, 999, 999, 999, 999, 0, 999, 0, 999, 0, 999, 0, 999, 0, 999, 0, 999, 0, 999, 0, 999, 0, 999, 0, 999, 0, 999, 0, 999, 0, 999, 0, 999, 0, 999, 0, 999, 0, 999, 0, 999, 999, 999, 999, 999, 999, 999, 999]
time : 3.00 (+0.63 = 0.00 + 0.63 + 0.00 + 0.00 + 0.00)

46th Add (Sname, S, D) : t[28], 55468, 8
Dist : [0, 0, 0, 0, 0, 0, 0, 0, 0, 0, 0, 0, 0, 0, 0, 0, 0, 0, 4, 0, 4, 999, 999, 1, 0, 999, 999, 999, 999, 0, 999, 0, 999, 0, 999, 0, 999, 0, 999, 0, 999, 0, 999, 0, 999, 0, 999, 0, 999, 0, 999, 0, 999, 0, 999, 0, 999, 0, 999, 0, 999, 0, 999, 0, 999, 999, 999, 999, 999, 999, 999, 999]
time : 3.00 (+0.00 = 0.00 + 0.00)

47th Add (Sname, S, D) : t[29], 110594, 9
Dist : [0, 0, 0, 0, 0, 0, 0, 0, 0, 0, 0, 0, 0, 0, 0, 0, 0, 0, 4, 0, 4, 999, 999, 0, 0, 999, 999, 999, 999, 0, 999, 0, 999, 0, 999, 0, 999, 0, 999, 0, 999, 0, 999, 0, 999, 0, 999, 0, 999, 0, 999, 0, 999, 0, 999, 0, 999, 0, 999, 0, 999, 0, 999, 0, 999, 999, 999, 999, 999, 999, 999, 999]
time : 3.00 (+0.00 = 0.00 + 0.00)

48th Add (Sname, S, D) : t[30], 240, 2
Dist : [0, 0, 0, 0, 0, 0, 0, 0, 0, 0, 0, 0, 0, 0, 0, 0, 0, 0, 3, 0, 4, 999, 999, 0, 0, 999, 999, 999, 999, 0, 999, 0, 999, 0, 999, 0, 999, 0, 999, 0, 999, 0, 999, 0, 999, 0, 999, 0, 999, 0, 999, 0, 999, 0, 999, 0, 999, 0, 999, 0, 999, 0, 999, 0, 999, 999, 999, 999, 999, 999, 999, 999]
time : 3.91 (+0.90 = 0.00 + 0.90 + 0.00 + 0.00 + 0.00)

49th Add (Sname, S, D) : t[31], 33536, 7
Dist : [0, 0, 0, 0, 0, 0, 0, 0, 0, 0, 0, 0, 0, 0, 0, 0, 0, 0, 2, 0, 4, 999, 999, 0, 0, 999, 999, 999, 999, 0, 999, 0, 999, 0, 999, 0, 999, 0, 999, 0, 999, 0, 999, 0, 999, 0, 999, 0, 999, 0, 999, 0, 999, 0, 999, 0, 999, 0, 999, 0, 999, 0, 999, 0, 999, 999, 999, 999, 999, 999, 999, 999]
time : 4.88 (+0.97 = 0.00 + 0.96 + 0.00 + 0.00 + 0.00)

50th Add (Sname, S, D) : t[32], 33776, 8
Dist : [0, 0, 0, 0, 0, 0, 0, 0, 0, 0, 0, 0, 0, 0, 0, 0, 0, 0, 1, 0, 4, 999, 999, 0, 0, 999, 999, 999, 999, 0, 999, 0, 999, 0, 999, 0, 999, 0, 999, 0, 999, 0, 999, 0, 999, 0, 999, 0, 999, 0, 999, 0, 999, 0, 999, 0, 999, 0, 999, 0, 999, 0, 999, 0, 999, 999, 999, 999, 999, 999, 999, 999]
time : 6.01 (+1.13 = 0.00 + 1.13 + 0.00 + 0.00 + 0.00)

51th Add (Sname, S, D) : t[33], 50142, 9
Dist : [0, 0, 0, 0, 0, 0, 0, 0, 0, 0, 0, 0, 0, 0, 0, 0, 0, 0, 0, 0, 4, 999, 999, 0, 0, 999, 999, 999, 999, 0, 999, 0, 999, 0, 999, 0, 999, 0, 999, 0, 999, 0, 999, 0, 999, 0, 999, 0, 999, 0, 999, 0, 999, 0, 999, 0, 999, 0, 999, 0, 999, 0, 999, 0, 999, 999, 999, 999, 999, 999, 999, 999]
time : 6.01 (+0.00 = 0.00 + 0.00)

52th Add (Sname, S, D) : g[9], 131072, 10
Dist : [0, 0, 0, 0, 0, 0, 0, 0, 0, 0, 0, 0, 0, 0, 0, 0, 0, 0, 0, 0, 4, 1, 6, 0, 0, 999, 999, 999, 999, 0, 999, 0, 999, 0, 999, 0, 999, 0, 999, 0, 999, 0, 999, 0, 999, 0, 999, 0, 999, 0, 999, 0, 999, 0, 999, 0, 999, 0, 999, 0, 999, 0, 999, 0, 999, 999, 999, 999, 999, 999, 999, 999]
time : 6.02 (+0.01 = 0.00 + 0.01)

53th Add (Sname, S, D) : t[34], 223406, 11
Dist : [0, 0, 0, 0, 0, 0, 0, 0, 0, 0, 0, 0, 0, 0, 0, 0, 0, 0, 0, 0, 4, 0, 6, 0, 0, 999, 999, 999, 999, 0, 999, 0, 999, 0, 999, 0, 999, 0, 999, 0, 999, 0, 999, 0, 999, 0, 999, 0, 999, 0, 999, 0, 999, 0, 999, 0, 999, 0, 999, 0, 999, 0, 999, 0, 999, 999, 999, 999, 999, 999, 999, 999]
time : 6.03 (+0.01 = 0.00 + 0.01)

54th Add (Sname, S, D) : t[35], 33460, 7
Dist : [0, 0, 0, 0, 0, 0, 0, 0, 0, 0, 0, 0, 0, 0, 0, 0, 0, 0, 0, 0, 3, 0, 5, 0, 0, 999, 999, 999, 999, 0, 999, 0, 999, 0, 999, 0, 999, 0, 999, 0, 999, 0, 999, 0, 999, 0, 999, 0, 999, 0, 999, 0, 999, 0, 999, 0, 999, 0, 999, 0, 999, 0, 999, 0, 999, 999, 999, 999, 999, 999, 999, 999]
time : 8.57 (+2.54 = 0.00 + 2.53 + 0.00 + 0.00 + 0.01)

55th Add (Sname, S, D) : t[36], 33440, 8
Dist : [0, 0, 0, 0, 0, 0, 0, 0, 0, 0, 0, 0, 0, 0, 0, 0, 0, 0, 0, 0, 2, 0, 4, 0, 0, 999, 999, 999, 999, 0, 999, 0, 999, 0, 999, 0, 999, 0, 999, 0, 999, 0, 999, 0, 999, 0, 999, 0, 999, 0, 999, 0, 999, 0, 999, 0, 999, 0, 999, 0, 999, 0, 999, 0, 999, 999, 999, 999, 999, 999, 999, 999]
time : 11.05 (+2.48 = 0.00 + 2.47 + 0.00 + 0.00 + 0.01)

56th Add (Sname, S, D) : t[37], 34464, 9
Dist : [0, 0, 0, 0, 0, 0, 0, 0, 0, 0, 0, 0, 0, 0, 0, 0, 0, 0, 0, 0, 1, 0, 3, 0, 0, 999, 999, 999, 999, 0, 999, 0, 999, 0, 999, 0, 999, 0, 999, 0, 999, 0, 999, 0, 999, 0, 999, 0, 999, 0, 999, 0, 999, 0, 999, 0, 999, 0, 999, 0, 999, 0, 999, 0, 999, 999, 999, 999, 999, 999, 999, 999]
time : 13.94 (+2.89 = 0.00 + 2.88 + 0.00 + 0.00 + 0.01)

57th Add (Sname, S, D) : t[38], 100000, 10
Dist : [0, 0, 0, 0, 0, 0, 0, 0, 0, 0, 0, 0, 0, 0, 0, 0, 0, 0, 0, 0, 0, 0, 2, 0, 0, 999, 999, 999, 999, 0, 999, 0, 999, 0, 999, 0, 999, 0, 999, 0, 999, 0, 999, 0, 999, 0, 999, 0, 999, 0, 999, 0, 999, 0, 999, 0, 999, 0, 999, 0, 999, 0, 999, 0, 999, 999, 999, 999, 999, 999, 999, 999]
time : 13.95 (+0.01 = 0.00 + 0.01)

58th Add (Sname, S, D) : g[10], 262144, 12
Dist : [0, 0, 0, 0, 0, 0, 0, 0, 0, 0, 0, 0, 0, 0, 0, 0, 0, 0, 0, 0, 0, 0, 2, 0, 0, 999, 2, 999, 999, 0, 999, 0, 999, 0, 999, 0, 999, 0, 2, 0, 999, 0, 999, 0, 999, 0, 999, 0, 999, 0, 999, 0, 999, 0, 999, 0, 2, 0, 999, 0, 999, 0, 999, 0, 999, 999, 999, 999, 999, 999, 999, 999]
time : 13.95 (+0.01 = 0.00 + 0.01)

59th Add (Sname, S, D) : t[39], 83326, 11
Dist : [0, 0, 0, 0, 0, 0, 0, 0, 0, 0, 0, 0, 0, 0, 0, 0, 0, 0, 0, 0, 0, 0, 1, 0, 0, 999, 1, 999, 999, 0, 999, 0, 999, 0, 999, 0, 999, 0, 1, 0, 999, 0, 999, 0, 999, 0, 999, 0, 999, 0, 999, 0, 999, 0, 999, 0, 1, 0, 999, 0, 999, 0, 999, 0, 999, 999, 999, 999, 999, 999, 999, 999]
time : 17.98 (+4.03 = 0.00 + 4.01 + 0.00 + 0.00 + 0.01)

60th Add (Sname, S, D) : t[40], 214398, 12
Dist : [0, 0, 0, 0, 0, 0, 0, 0, 0, 0, 0, 0, 0, 0, 0, 0, 0, 0, 0, 0, 0, 0, 0, 0, 0, 999, 1, 999, 999, 0, 999, 0, 999, 0, 999, 0, 999, 0, 1, 0, 999, 0, 999, 0, 999, 0, 999, 0, 999, 0, 999, 0, 999, 0, 999, 0, 1, 0, 999, 0, 999, 0, 999, 0, 999, 999, 999, 999, 999, 999, 999, 999]
time : 17.99 (+0.01 = 0.00 + 0.01)

61th Add (Sname, S, D) : g[11], 524288, 13
Dist : [0, 0, 0, 0, 0, 0, 0, 0, 0, 0, 0, 0, 0, 0, 0, 0, 0, 0, 0, 0, 0, 0, 0, 0, 0, 1, 1, 999, 999, 0, 999, 0, 1, 0, 999, 0, 999, 0, 1, 0, 3, 0, 999, 0, 999, 0, 999, 0, 999, 0, 1, 0, 999, 0, 999, 0, 1, 0, 3, 0, 999, 0, 999, 0, 999, 999, 999, 999, 999, 999, 999, 999]
time : 18.00 (+0.01 = 0.00 + 0.01)

62th Add (Sname, S, D) : t[41], 655360, 14
Dist : [0, 0, 0, 0, 0, 0, 0, 0, 0, 0, 0, 0, 0, 0, 0, 0, 0, 0, 0, 0, 0, 0, 0, 0, 0, 0, 1, 999, 999, 0, 999, 0, 1, 0, 999, 0, 999, 0, 1, 0, 3, 0, 999, 0, 999, 0, 999, 0, 999, 0, 1, 0, 999, 0, 999, 0, 1, 0, 3, 0, 999, 0, 999, 0, 999, 999, 999, 999, 999, 999, 999, 999]
time : 18.01 (+0.01 = 0.00 + 0.01)

63th Add (Sname, S, D) : g[12], 1048576, 15
Dist : [0, 0, 0, 0, 0, 0, 0, 0, 0, 0, 0, 0, 0, 0, 0, 0, 0, 0, 0, 0, 0, 0, 0, 0, 0, 0, 1, 1, 1, 0, 2, 0, 1, 0, 999, 0, 999, 0, 1, 0, 3, 0, 999, 0, 999, 0, 1, 0, 2, 0, 1, 0, 999, 0, 999, 0, 1, 0, 3, 0, 999, 0, 999, 0, 999, 999, 999, 999, 999, 999, 999, 999]
time : 18.02 (+0.01 = 0.00 + 0.01)

64th Add (Sname, S, D) : t[42], 345470, 13
Dist : [0, 0, 0, 0, 0, 0, 0, 0, 0, 0, 0, 0, 0, 0, 0, 0, 0, 0, 0, 0, 0, 0, 0, 0, 0, 0, 0, 1, 1, 0, 2, 0, 1, 0, 999, 0, 999, 0, 0, 0, 2, 0, 999, 0, 999, 0, 1, 0, 2, 0, 1, 0, 999, 0, 999, 0, 0, 0, 2, 0, 999, 0, 999, 0, 999, 999, 999, 999, 999, 999, 999, 999]
time : 18.03 (+0.01 = 0.00 + 0.01)

65th Add (Sname, S, D) : g[19], 134217728, 14
Dist : [0, 0, 0, 0, 0, 0, 0, 0, 0, 0, 0, 0, 0, 0, 0, 0, 0, 0, 0, 0, 0, 0, 0, 0, 0, 0, 0, 1, 1, 0, 2, 0, 1, 0, 999, 0, 999, 0, 0, 0, 2, 0, 999, 0, 999, 0, 1, 0, 2, 0, 1, 0, 999, 0, 999, 0, 0, 0, 2, 0, 999, 0, 999, 0, 999, 999, 999, 999, 999, 999, 999, 999]
time : 18.04 (+0.02 = 0.00 + 0.02)

66th Add (Sname, S, D) : g[28], 68719476736, 14
Dist : [0, 0, 0, 0, 0, 0, 0, 0, 0, 0, 0, 0, 0, 0, 0, 0, 0, 0, 0, 0, 0, 0, 0, 0, 0, 0, 0, 1, 1, 0, 2, 0, 1, 0, 999, 0, 999, 0, 0, 0, 2, 0, 999, 0, 999, 0, 1, 0, 2, 0, 1, 0, 999, 0, 999, 0, 0, 0, 2, 0, 999, 0, 999, 0, 999, 999, 999, 999, 999, 999, 999, 999]
time : 18.06 (+0.01 = 0.00 + 0.01)

67th Add (Sname, S, D) : t[43], 1271982, 16
Dist : [0, 0, 0, 0, 0, 0, 0, 0, 0, 0, 0, 0, 0, 0, 0, 0, 0, 0, 0, 0, 0, 0, 0, 0, 0, 0, 0, 0, 1, 0, 2, 0, 1, 0, 999, 0, 999, 0, 0, 0, 2, 0, 999, 0, 999, 0, 1, 0, 2, 0, 1, 0, 999, 0, 999, 0, 0, 0, 2, 0, 999, 0, 999, 0, 999, 999, 999, 999, 999, 999, 999, 999]
time : 18.07 (+0.01 = 0.00 + 0.01)

68th Add (Sname, S, D) : g[13], 2097152, 17
Dist : [0, 0, 0, 0, 0, 0, 0, 0, 0, 0, 0, 0, 0, 0, 0, 0, 0, 0, 0, 0, 0, 0, 0, 0, 0, 0, 0, 0, 1, 0, 2, 0, 1, 0, 2, 0, 1, 0, 0, 0, 2, 0, 4, 0, 4, 0, 1, 0, 2, 0, 1, 0, 2, 0, 1, 0, 0, 0, 2, 0, 4, 0, 4, 0, 999, 999, 999, 999, 999, 999, 999, 999]
time : 18.08 (+0.01 = 0.00 + 0.01)

69th Add (Sname, S, D) : t[44], 1104044, 16
Dist : [0, 0, 0, 0, 0, 0, 0, 0, 0, 0, 0, 0, 0, 0, 0, 0, 0, 0, 0, 0, 0, 0, 0, 0, 0, 0, 0, 0, 0, 0, 2, 0, 1, 0, 2, 0, 1, 0, 0, 0, 2, 0, 3, 0, 4, 0, 0, 0, 2, 0, 1, 0, 2, 0, 1, 0, 0, 0, 2, 0, 3, 0, 4, 0, 999, 999, 999, 999, 999, 999, 999, 999]
time : 18.10 (+0.02 = 0.00 + 0.02)

70th Add (Sname, S, D) : g[14], 4194304, 17
Dist : [0, 0, 0, 0, 0, 0, 0, 0, 0, 0, 0, 0, 0, 0, 0, 0, 0, 0, 0, 0, 0, 0, 0, 0, 0, 0, 0, 0, 0, 0, 2, 0, 1, 0, 2, 0, 1, 0, 0, 0, 2, 0, 3, 0, 4, 0, 0, 0, 2, 0, 1, 0, 2, 0, 1, 0, 0, 0, 2, 0, 3, 0, 4, 0, 999, 999, 999, 999, 999, 999, 999, 999]
time : 18.11 (+0.01 = 0.00 + 0.01)

71th Add (Sname, S, D) : g[23], 2147483648, 17
Dist : [0, 0, 0, 0, 0, 0, 0, 0, 0, 0, 0, 0, 0, 0, 0, 0, 0, 0, 0, 0, 0, 0, 0, 0, 0, 0, 0, 0, 0, 0, 2, 0, 1, 0, 2, 0, 1, 0, 0, 0, 2, 0, 3, 0, 4, 0, 0, 0, 2, 0, 1, 0, 2, 0, 1, 0, 0, 0, 2, 0, 3, 0, 4, 0, 999, 999, 999, 999, 999, 999, 999, 999]
time : 18.14 (+0.02 = 0.00 + 0.02)

72th Add (Sname, S, D) : t[45], 616622, 14
Dist : [0, 0, 0, 0, 0, 0, 0, 0, 0, 0, 0, 0, 0, 0, 0, 0, 0, 0, 0, 0, 0, 0, 0, 0, 0, 0, 0, 0, 0, 0, 1, 0, 0, 0, 2, 0, 1, 0, 0, 0, 1, 0, 3, 0, 3, 0, 0, 0, 1, 0, 0, 0, 2, 0, 1, 0, 0, 0, 1, 0, 3, 0, 3, 0, 999, 999, 999, 999, 999, 999, 999, 999]
time : 18.16 (+0.02 = 0.00 + 0.02)

73th Add (Sname, S, D) : g[16], 16777216, 15
Dist : [0, 0, 0, 0, 0, 0, 0, 0, 0, 0, 0, 0, 0, 0, 0, 0, 0, 0, 0, 0, 0, 0, 0, 0, 0, 0, 0, 0, 0, 0, 1, 0, 0, 0, 2, 0, 1, 0, 0, 0, 1, 0, 3, 0, 3, 0, 0, 0, 1, 0, 0, 0, 2, 0, 1, 0, 0, 0, 1, 0, 3, 0, 3, 0, 999, 999, 999, 999, 999, 999, 999, 999]
time : 18.19 (+0.03 = 0.00 + 0.03)

74th Add (Sname, S, D) : g[25], 8589934592, 15
Dist : [0, 0, 0, 0, 0, 0, 0, 0, 0, 0, 0, 0, 0, 0, 0, 0, 0, 0, 0, 0, 0, 0, 0, 0, 0, 0, 0, 0, 0, 0, 1, 0, 0, 0, 2, 0, 1, 0, 0, 0, 1, 0, 3, 0, 3, 0, 0, 0, 1, 0, 0, 0, 2, 0, 1, 0, 0, 0, 1, 0, 3, 0, 3, 0, 999, 999, 999, 999, 999, 999, 999, 999]
time : 18.21 (+0.02 = 0.00 + 0.02)

75th Add (Sname, S, D) : t[46], 1683458, 17
Dist : [0, 0, 0, 0, 0, 0, 0, 0, 0, 0, 0, 0, 0, 0, 0, 0, 0, 0, 0, 0, 0, 0, 0, 0, 0, 0, 0, 0, 0, 0, 0, 0, 0, 0, 2, 0, 1, 0, 0, 0, 1, 0, 3, 0, 2, 0, 0, 0, 0, 0, 0, 0, 2, 0, 1, 0, 0, 0, 1, 0, 3, 0, 2, 0, 999, 999, 999, 999, 999, 999, 999, 999]
time : 18.24 (+0.02 = 0.00 + 0.02)

76th Add (Sname, S, D) : g[15], 8388608, 18
Dist : [0, 0, 0, 0, 0, 0, 0, 0, 0, 0, 0, 0, 0, 0, 0, 0, 0, 0, 0, 0, 0, 0, 0, 0, 0, 0, 0, 0, 0, 0, 0, 0, 0, 0, 2, 0, 1, 0, 0, 0, 1, 0, 3, 0, 2, 0, 0, 0, 0, 0, 0, 0, 2, 0, 1, 0, 0, 0, 1, 0, 3, 0, 2, 0, 999, 999, 999, 999, 999, 999, 999, 999]
time : 18.26 (+0.02 = 0.00 + 0.02)

77th Add (Sname, S, D) : g[24], 4294967296, 18
Dist : [0, 0, 0, 0, 0, 0, 0, 0, 0, 0, 0, 0, 0, 0, 0, 0, 0, 0, 0, 0, 0, 0, 0, 0, 0, 0, 0, 0, 0, 0, 0, 0, 0, 0, 2, 0, 1, 0, 0, 0, 1, 0, 3, 0, 2, 0, 0, 0, 0, 0, 0, 0, 2, 0, 1, 0, 0, 0, 1, 0, 3, 0, 2, 0, 999, 999, 999, 999, 999, 999, 999, 999]
time : 18.29 (+0.03 = 0.00 + 0.03)

78th Add (Sname, S, D) : t[47], 2197152, 18
Dist : [0, 0, 0, 0, 0, 0, 0, 0, 0, 0, 0, 0, 0, 0, 0, 0, 0, 0, 0, 0, 0, 0, 0, 0, 0, 0, 0, 0, 0, 0, 0, 0, 0, 0, 1, 0, 0, 0, 0, 0, 1, 0, 2, 0, 1, 0, 0, 0, 0, 0, 0, 0, 1, 0, 0, 0, 0, 0, 1, 0, 2, 0, 1, 0, 999, 999, 999, 999, 999, 999, 999, 999]
time : 18.32 (+0.03 = 0.00 + 0.03)

79th Add (Sname, S, D) : g[18], 67108864, 19
Dist : [0, 0, 0, 0, 0, 0, 0, 0, 0, 0, 0, 0, 0, 0, 0, 0, 0, 0, 0, 0, 0, 0, 0, 0, 0, 0, 0, 0, 0, 0, 0, 0, 0, 0, 1, 0, 0, 0, 0, 0, 1, 0, 2, 0, 1, 0, 0, 0, 0, 0, 0, 0, 1, 0, 0, 0, 0, 0, 1, 0, 2, 0, 1, 0, 999, 999, 999, 999, 999, 999, 999, 999]
time : 18.35 (+0.03 = 0.00 + 0.03)

80th Add (Sname, S, D) : g[27], 34359738368, 19
Dist : [0, 0, 0, 0, 0, 0, 0, 0, 0, 0, 0, 0, 0, 0, 0, 0, 0, 0, 0, 0, 0, 0, 0, 0, 0, 0, 0, 0, 0, 0, 0, 0, 0, 0, 1, 0, 0, 0, 0, 0, 1, 0, 2, 0, 1, 0, 0, 0, 0, 0, 0, 0, 1, 0, 0, 0, 0, 0, 1, 0, 2, 0, 1, 0, 999, 999, 999, 999, 999, 999, 999, 999]
time : 18.38 (+0.03 = 0.00 + 0.03)

81th Add (Sname, S, D) : t[48], 2409438, 19
Dist : [0, 0, 0, 0, 0, 0, 0, 0, 0, 0, 0, 0, 0, 0, 0, 0, 0, 0, 0, 0, 0, 0, 0, 0, 0, 0, 0, 0, 0, 0, 0, 0, 0, 0, 0, 0, 0, 0, 0, 0, 1, 0, 1, 0, 1, 0, 0, 0, 0, 0, 0, 0, 0, 0, 0, 0, 0, 0, 1, 0, 1, 0, 1, 0, 999, 999, 999, 999, 999, 999, 999, 999]
time : 18.42 (+0.03 = 0.00 + 0.03)

82th Add (Sname, S, D) : g[17], 33554432, 20
Dist : [0, 0, 0, 0, 0, 0, 0, 0, 0, 0, 0, 0, 0, 0, 0, 0, 0, 0, 0, 0, 0, 0, 0, 0, 0, 0, 0, 0, 0, 0, 0, 0, 0, 0, 0, 0, 0, 0, 0, 0, 1, 0, 1, 0, 1, 0, 0, 0, 0, 0, 0, 0, 0, 0, 0, 0, 0, 0, 1, 0, 1, 0, 1, 0, 999, 999, 999, 999, 999, 999, 999, 999]
time : 18.48 (+0.06 = 0.00 + 0.06)

83th Add (Sname, S, D) : g[26], 17179869184, 20
Dist : [0, 0, 0, 0, 0, 0, 0, 0, 0, 0, 0, 0, 0, 0, 0, 0, 0, 0, 0, 0, 0, 0, 0, 0, 0, 0, 0, 0, 0, 0, 0, 0, 0, 0, 0, 0, 0, 0, 0, 0, 1, 0, 1, 0, 1, 0, 0, 0, 0, 0, 0, 0, 0, 0, 0, 0, 0, 0, 1, 0, 1, 0, 1, 0, 999, 999, 999, 999, 999, 999, 999, 999]
time : 18.51 (+0.04 = 0.00 + 0.04)

84th Add (Sname, S, D) : t[49], 798160, 15
Dist : [0, 0, 0, 0, 0, 0, 0, 0, 0, 0, 0, 0, 0, 0, 0, 0, 0, 0, 0, 0, 0, 0, 0, 0, 0, 0, 0, 0, 0, 0, 0, 0, 0, 0, 0, 0, 0, 0, 0, 0, 0, 0, 1, 0, 1, 0, 0, 0, 0, 0, 0, 0, 0, 0, 0, 0, 0, 0, 0, 0, 1, 0, 1, 0, 999, 999, 999, 999, 999, 999, 999, 999]
time : 18.55 (+0.04 = 0.00 + 0.04)

85th Add (Sname, S, D) : g[20], 268435456, 16
Dist : [0, 0, 0, 0, 0, 0, 0, 0, 0, 0, 0, 0, 0, 0, 0, 0, 0, 0, 0, 0, 0, 0, 0, 0, 0, 0, 0, 0, 0, 0, 0, 0, 0, 0, 0, 0, 0, 0, 0, 0, 0, 0, 1, 0, 1, 0, 0, 0, 0, 0, 0, 0, 0, 0, 0, 0, 0, 0, 0, 0, 1, 0, 1, 0, 999, 999, 999, 999, 999, 999, 999, 999]
time : 18.59 (+0.04 = 0.00 + 0.04)

86th Add (Sname, S, D) : g[29], 137438953472, 16
Dist : [0, 0, 0, 0, 0, 0, 0, 0, 0, 0, 0, 0, 0, 0, 0, 0, 0, 0, 0, 0, 0, 0, 0, 0, 0, 0, 0, 0, 0, 0, 0, 0, 0, 0, 0, 0, 0, 0, 0, 0, 0, 0, 1, 0, 1, 0, 0, 0, 0, 0, 0, 0, 0, 0, 0, 0, 0, 0, 0, 0, 1, 0, 1, 0, 999, 999, 999, 999, 999, 999, 999, 999]
time : 18.63 (+0.04 = 0.00 + 0.04)

87th Add (Sname, S, D) : t[50], 3414898, 20
Dist : [0, 0, 0, 0, 0, 0, 0, 0, 0, 0, 0, 0, 0, 0, 0, 0, 0, 0, 0, 0, 0, 0, 0, 0, 0, 0, 0, 0, 0, 0, 0, 0, 0, 0, 0, 0, 0, 0, 0, 0, 0, 0, 0, 0, 1, 0, 0, 0, 0, 0, 0, 0, 0, 0, 0, 0, 0, 0, 0, 0, 0, 0, 1, 0, 999, 999, 999, 999, 999, 999, 999, 999]
time : 18.68 (+0.04 = 0.00 + 0.04)

88th Add (Sname, S, D) : g[21], 536870912, 21
Dist : [0, 0, 0, 0, 0, 0, 0, 0, 0, 0, 0, 0, 0, 0, 0, 0, 0, 0, 0, 0, 0, 0, 0, 0, 0, 0, 0, 0, 0, 0, 0, 0, 0, 0, 0, 0, 0, 0, 0, 0, 0, 0, 0, 0, 1, 0, 0, 0, 0, 0, 0, 0, 0, 0, 0, 0, 0, 0, 0, 0, 0, 0, 1, 0, 999, 999, 999, 999, 999, 999, 999, 999]
time : 18.73 (+0.05 = 0.00 + 0.05)

89th Add (Sname, S, D) : g[30], 274877906944, 21
Dist : [0, 0, 0, 0, 0, 0, 0, 0, 0, 0, 0, 0, 0, 0, 0, 0, 0, 0, 0, 0, 0, 0, 0, 0, 0, 0, 0, 0, 0, 0, 0, 0, 0, 0, 0, 0, 0, 0, 0, 0, 0, 0, 0, 0, 1, 0, 0, 0, 0, 0, 0, 0, 0, 0, 0, 0, 0, 0, 0, 0, 0, 0, 1, 0, 7, 999, 999, 7, 7, 999, 7, 7]
time : 24.81 (+6.07 = 0.00 + 6.07)

90th Add (Sname, S, D) : t[51], 3684002, 19
Dist : [0, 0, 0, 0, 0, 0, 0, 0, 0, 0, 0, 0, 0, 0, 0, 0, 0, 0, 0, 0, 0, 0, 0, 0, 0, 0, 0, 0, 0, 0, 0, 0, 0, 0, 0, 0, 0, 0, 0, 0, 0, 0, 0, 0, 0, 0, 0, 0, 0, 0, 0, 0, 0, 0, 0, 0, 0, 0, 0, 0, 0, 0, 0, 0, 7, 999, 999, 7, 7, 999, 7, 7]
time : 25.16 (+0.35 = 0.00 + 0.35)

91th Add (Sname, S, D) : g[22], 1073741824, 20
Dist : [0, 0, 0, 0, 0, 0, 0, 0, 0, 0, 0, 0, 0, 0, 0, 0, 0, 0, 0, 0, 0, 0, 0, 0, 0, 0, 0, 0, 0, 0, 0, 0, 0, 0, 0, 0, 0, 0, 0, 0, 0, 0, 0, 0, 0, 0, 0, 0, 0, 0, 0, 0, 0, 0, 0, 0, 0, 0, 0, 0, 0, 0, 0, 0, 7, 7, 999, 7, 7, 999, 7, 7]
time : 28.23 (+3.07 = 0.00 + 3.07)

92th Add (Sname, S, D) : g[31], 549755813888, 20
Dist : [0, 0, 0, 0, 0, 0, 0, 0, 0, 0, 0, 0, 0, 0, 0, 0, 0, 0, 0, 0, 0, 0, 0, 0, 0, 0, 0, 0, 0, 0, 0, 0, 0, 0, 0, 0, 0, 0, 0, 0, 0, 0, 0, 0, 0, 0, 0, 0, 0, 0, 0, 0, 0, 0, 0, 0, 0, 0, 0, 0, 0, 0, 0, 0, 7, 7, 999, 7, 7, 7, 7, 7]
time : 31.39 (+3.16 = 0.00 + 3.16)

93th Add (Sname, S, D) : t[52], 412316860416, 22
Dist : [0, 0, 0, 0, 0, 0, 0, 0, 0, 0, 0, 0, 0, 0, 0, 0, 0, 0, 0, 0, 0, 0, 0, 0, 0, 0, 0, 0, 0, 0, 0, 0, 0, 0, 0, 0, 0, 0, 0, 0, 0, 0, 0, 0, 0, 0, 0, 0, 0, 0, 0, 0, 0, 0, 0, 0, 0, 0, 0, 0, 0, 0, 0, 0, 6, 6, 999, 6, 6, 7, 6, 6]
time : 1813.65 (+1782.26 = 0.00 + 1779.98 + 0.00 + 0.00 + 2.27)

94th Add (Sname, S, D) : t[53], 6442450944, 19
Dist : [0, 0, 0, 0, 0, 0, 0, 0, 0, 0, 0, 0, 0, 0, 0, 0, 0, 0, 0, 0, 0, 0, 0, 0, 0, 0, 0, 0, 0, 0, 0, 0, 0, 0, 0, 0, 0, 0, 0, 0, 0, 0, 0, 0, 0, 0, 0, 0, 0, 0, 0, 0, 0, 0, 0, 0, 0, 0, 0, 0, 0, 0, 0, 0, 6, 6, 999, 5, 5, 7, 5, 5]
time : 2252.39 (+438.74 = 0.01 + 436.88 + 0.00 + 0.00 + 1.85)

95th Add (Sname, S, D) : t[54], 418759311360, 23
Dist : [0, 0, 0, 0, 0, 0, 0, 0, 0, 0, 0, 0, 0, 0, 0, 0, 0, 0, 0, 0, 0, 0, 0, 0, 0, 0, 0, 0, 0, 0, 0, 0, 0, 0, 0, 0, 0, 0, 0, 0, 0, 0, 0, 0, 0, 0, 0, 0, 0, 0, 0, 0, 0, 0, 0, 0, 0, 0, 0, 0, 0, 0, 0, 0, 6, 6, 999, 4, 4, 7, 4, 4]
time : 2679.92 (+427.53 = 0.01 + 425.64 + 0.00 + 0.00 + 1.88)

96th Add (Sname, S, D) : t[55], 418767699968, 24
Dist : [0, 0, 0, 0, 0, 0, 0, 0, 0, 0, 0, 0, 0, 0, 0, 0, 0, 0, 0, 0, 0, 0, 0, 0, 0, 0, 0, 0, 0, 0, 0, 0, 0, 0, 0, 0, 0, 0, 0, 0, 0, 0, 0, 0, 0, 0, 0, 0, 0, 0, 0, 0, 0, 0, 0, 0, 0, 0, 0, 0, 0, 0, 0, 0, 6, 6, 999, 3, 3, 7, 3, 4]
time : 3130.23 (+450.31 = 0.01 + 448.36 + 0.00 + 0.00 + 1.94)

97th Add (Sname, S, D) : t[56], 418834808832, 25
Dist : [0, 0, 0, 0, 0, 0, 0, 0, 0, 0, 0, 0, 0, 0, 0, 0, 0, 0, 0, 0, 0, 0, 0, 0, 0, 0, 0, 0, 0, 0, 0, 0, 0, 0, 0, 0, 0, 0, 0, 0, 0, 0, 0, 0, 0, 0, 0, 0, 0, 0, 0, 0, 0, 0, 0, 0, 0, 0, 0, 0, 0, 0, 0, 0, 6, 6, 999, 2, 2, 7, 3, 4]
time : 3606.47 (+476.24 = 0.01 + 474.24 + 0.00 + 0.00 + 2.00)

98th Add (Sname, S, D) : t[57], 805306368, 22
Dist : [0, 0, 0, 0, 0, 0, 0, 0, 0, 0, 0, 0, 0, 0, 0, 0, 0, 0, 0, 0, 0, 0, 0, 0, 0, 0, 0, 0, 0, 0, 0, 0, 0, 0, 0, 0, 0, 0, 0, 0, 0, 0, 0, 0, 0, 0, 0, 0, 0, 0, 0, 0, 0, 0, 0, 0, 0, 0, 0, 0, 0, 0, 0, 0, 6, 6, 999, 2, 2, 7, 2, 3]
time : 4098.79 (+492.33 = 0.01 + 490.23 + 0.00 + 0.00 + 2.09)

99th Add (Sname, S, D) : t[58], 37748736, 21
Dist : [0, 0, 0, 0, 0, 0, 0, 0, 0, 0, 0, 0, 0, 0, 0, 0, 0, 0, 0, 0, 0, 0, 0, 0, 0, 0, 0, 0, 0, 0, 0, 0, 0, 0, 0, 0, 0, 0, 0, 0, 0, 0, 0, 0, 0, 0, 0, 0, 0, 0, 0, 0, 0, 0, 0, 0, 0, 0, 0, 0, 0, 0, 0, 0, 5, 6, 999, 2, 1, 7, 2, 3]
time : 4615.98 (+517.19 = 0.01 + 514.99 + 0.00 + 0.00 + 2.19)

100th Add (Sname, S, D) : t[59], 418872557568, 26
Dist : [0, 0, 0, 0, 0, 0, 0, 0, 0, 0, 0, 0, 0, 0, 0, 0, 0, 0, 0, 0, 0, 0, 0, 0, 0, 0, 0, 0, 0, 0, 0, 0, 0, 0, 0, 0, 0, 0, 0, 0, 0, 0, 0, 0, 0, 0, 0, 0, 0, 0, 0, 0, 0, 0, 0, 0, 0, 0, 0, 0, 0, 0, 0, 0, 5, 6, 999, 2, 0, 7, 2, 3]
time : 4618.28 (+2.30 = 0.00 + 2.30)

101th Add (Sname, S, D) : t[60], 150994944, 16
Dist : [0, 0, 0, 0, 0, 0, 0, 0, 0, 0, 0, 0, 0, 0, 0, 0, 0, 0, 0, 0, 0, 0, 0, 0, 0, 0, 0, 0, 0, 0, 0, 0, 0, 0, 0, 0, 0, 0, 0, 0, 0, 0, 0, 0, 0, 0, 0, 0, 0, 0, 0, 0, 0, 0, 0, 0, 0, 0, 0, 0, 0, 0, 0, 0, 4, 6, 999, 1, 0, 7, 2, 3]
time : 5168.71 (+550.43 = 0.01 + 547.99 + 0.00 + 0.00 + 2.44)

102th Add (Sname, S, D) : t[61], 418985803776, 26
Dist : [0, 0, 0, 0, 0, 0, 0, 0, 0, 0, 0, 0, 0, 0, 0, 0, 0, 0, 0, 0, 0, 0, 0, 0, 0, 0, 0, 0, 0, 0, 0, 0, 0, 0, 0, 0, 0, 0, 0, 0, 0, 0, 0, 0, 0, 0, 0, 0, 0, 0, 0, 0, 0, 0, 0, 0, 0, 0, 0, 0, 0, 0, 0, 0, 4, 6, 999, 0, 0, 7, 2, 3]
time : 5171.22 (+2.51 = 0.00 + 2.51)

103th Add (Sname, S, D) : t[62], 429496729600, 23
Dist : [0, 0, 0, 0, 0, 0, 0, 0, 0, 0, 0, 0, 0, 0, 0, 0, 0, 0, 0, 0, 0, 0, 0, 0, 0, 0, 0, 0, 0, 0, 0, 0, 0, 0, 0, 0, 0, 0, 0, 0, 0, 0, 0, 0, 0, 0, 0, 0, 0, 0, 0, 0, 0, 0, 0, 0, 0, 0, 0, 0, 0, 0, 0, 0, 3, 5, 999, 0, 0, 7, 2, 3]
time : 5768.85 (+597.63 = 0.01 + 595.00 + 0.00 + 0.00 + 2.62)

104th Add (Sname, S, D) : t[63], 463856467968, 24
Dist : [0, 0, 0, 0, 0, 0, 0, 0, 0, 0, 0, 0, 0, 0, 0, 0, 0, 0, 0, 0, 0, 0, 0, 0, 0, 0, 0, 0, 0, 0, 0, 0, 0, 0, 0, 0, 0, 0, 0, 0, 0, 0, 0, 0, 0, 0, 0, 0, 0, 0, 0, 0, 0, 0, 0, 0, 0, 0, 0, 0, 0, 0, 0, 0, 2, 4, 999, 0, 0, 7, 2, 3]
time : 6387.21 (+618.36 = 0.01 + 615.67 + 0.00 + 0.00 + 2.68)

105th Add (Sname, S, D) : t[64], 463894216704, 25
Dist : [0, 0, 0, 0, 0, 0, 0, 0, 0, 0, 0, 0, 0, 0, 0, 0, 0, 0, 0, 0, 0, 0, 0, 0, 0, 0, 0, 0, 0, 0, 0, 0, 0, 0, 0, 0, 0, 0, 0, 0, 0, 0, 0, 0, 0, 0, 0, 0, 0, 0, 0, 0, 0, 0, 0, 0, 0, 0, 0, 0, 0, 0, 0, 0, 1, 4, 999, 0, 0, 7, 2, 3]
time : 7041.12 (+653.91 = 0.01 + 651.06 + 0.00 + 0.00 + 2.84)

106th Add (Sname, S, D) : t[65], 464045211648, 26
Dist : [0, 0, 0, 0, 0, 0, 0, 0, 0, 0, 0, 0, 0, 0, 0, 0, 0, 0, 0, 0, 0, 0, 0, 0, 0, 0, 0, 0, 0, 0, 0, 0, 0, 0, 0, 0, 0, 0, 0, 0, 0, 0, 0, 0, 0, 0, 0, 0, 0, 0, 0, 0, 0, 0, 0, 0, 0, 0, 0, 0, 0, 0, 0, 0, 0, 4, 999, 0, 0, 7, 2, 3]
time : 7044.08 (+2.96 = 0.00 + 2.96)

107th Add (Sname, S, D) : t[66], 419573006336, 25
Dist : [0, 0, 0, 0, 0, 0, 0, 0, 0, 0, 0, 0, 0, 0, 0, 0, 0, 0, 0, 0, 0, 0, 0, 0, 0, 0, 0, 0, 0, 0, 0, 0, 0, 0, 0, 0, 0, 0, 0, 0, 0, 0, 0, 0, 0, 0, 0, 0, 0, 0, 0, 0, 0, 0, 0, 0, 0, 0, 0, 0, 0, 0, 0, 0, 0, 4, 999, 0, 0, 7, 1, 3]
time : 7732.75 (+688.67 = 0.01 + 685.57 + 0.00 + 0.00 + 3.08)

108th Add (Sname, S, D) : t[67], 419577200640, 26
Dist : [0, 0, 0, 0, 0, 0, 0, 0, 0, 0, 0, 0, 0, 0, 0, 0, 0, 0, 0, 0, 0, 0, 0, 0, 0, 0, 0, 0, 0, 0, 0, 0, 0, 0, 0, 0, 0, 0, 0, 0, 0, 0, 0, 0, 0, 0, 0, 0, 0, 0, 0, 0, 0, 0, 0, 0, 0, 0, 0, 0, 0, 0, 0, 0, 0, 4, 999, 0, 0, 7, 0, 3]
time : 7735.87 (+3.12 = 0.00 + 3.12)

109th Add (Sname, S, D) : t[68], 75497472, 20
Dist : [0, 0, 0, 0, 0, 0, 0, 0, 0, 0, 0, 0, 0, 0, 0, 0, 0, 0, 0, 0, 0, 0, 0, 0, 0, 0, 0, 0, 0, 0, 0, 0, 0, 0, 0, 0, 0, 0, 0, 0, 0, 0, 0, 0, 0, 0, 0, 0, 0, 0, 0, 0, 0, 0, 0, 0, 0, 0, 0, 0, 0, 0, 0, 0, 0, 4, 999, 0, 0, 7, 0, 2]
time : 8467.31 (+731.45 = 0.01 + 728.53 + 0.00 + 0.00 + 2.90)

110th Add (Sname, S, D) : t[69], 109051904, 21
Dist : [0, 0, 0, 0, 0, 0, 0, 0, 0, 0, 0, 0, 0, 0, 0, 0, 0, 0, 0, 0, 0, 0, 0, 0, 0, 0, 0, 0, 0, 0, 0, 0, 0, 0, 0, 0, 0, 0, 0, 0, 0, 0, 0, 0, 0, 0, 0, 0, 0, 0, 0, 0, 0, 0, 0, 0, 0, 0, 0, 0, 0, 0, 0, 0, 0, 4, 999, 0, 0, 7, 0, 1]
time : 9240.58 (+773.27 = 0.01 + 770.26 + 0.00 + 0.00 + 3.00)

111th Add (Sname, S, D) : t[70], 419665281024, 26
Dist : [0, 0, 0, 0, 0, 0, 0, 0, 0, 0, 0, 0, 0, 0, 0, 0, 0, 0, 0, 0, 0, 0, 0, 0, 0, 0, 0, 0, 0, 0, 0, 0, 0, 0, 0, 0, 0, 0, 0, 0, 0, 0, 0, 0, 0, 0, 0, 0, 0, 0, 0, 0, 0, 0, 0, 0, 0, 0, 0, 0, 0, 0, 0, 0, 0, 4, 999, 0, 0, 7, 0, 0]
time : 9243.68 (+3.10 = 0.00 + 3.10)

112th Add (Sname, S, D) : t[71], 671088640, 22
Dist : [0, 0, 0, 0, 0, 0, 0, 0, 0, 0, 0, 0, 0, 0, 0, 0, 0, 0, 0, 0, 0, 0, 0, 0, 0, 0, 0, 0, 0, 0, 0, 0, 0, 0, 0, 0, 0, 0, 0, 0, 0, 0, 0, 0, 0, 0, 0, 0, 0, 0, 0, 0, 0, 0, 0, 0, 0, 0, 0, 0, 0, 0, 0, 0, 0, 3, 999, 0, 0, 7, 0, 0]
time : 10107.44 (+863.76 = 0.01 + 860.55 + 0.00 + 0.00 + 3.20)

113th Add (Sname, S, D) : t[72], 464527556608, 25
Dist : [0, 0, 0, 0, 0, 0, 0, 0, 0, 0, 0, 0, 0, 0, 0, 0, 0, 0, 0, 0, 0, 0, 0, 0, 0, 0, 0, 0, 0, 0, 0, 0, 0, 0, 0, 0, 0, 0, 0, 0, 0, 0, 0, 0, 0, 0, 0, 0, 0, 0, 0, 0, 0, 0, 0, 0, 0, 0, 0, 0, 0, 0, 0, 0, 0, 2, 999, 0, 0, 7, 0, 0]
time : 11011.65 (+904.21 = 0.01 + 900.82 + 0.00 + 0.00 + 3.38)

114th Add (Sname, S, D) : t[73], 1140850688, 21
Dist : [0, 0, 0, 0, 0, 0, 0, 0, 0, 0, 0, 0, 0, 0, 0, 0, 0, 0, 0, 0, 0, 0, 0, 0, 0, 0, 0, 0, 0, 0, 0, 0, 0, 0, 0, 0, 0, 0, 0, 0, 0, 0, 0, 0, 0, 0, 0, 0, 0, 0, 0, 0, 0, 0, 0, 0, 0, 0, 0, 0, 0, 0, 0, 0, 0, 1, 7, 0, 0, 7, 0, 0]
time : 11975.61 (+963.96 = 0.01 + 960.47 + 0.00 + 0.00 + 3.49)

115th Add (Sname, S, D) : t[74], 465668407296, 26
Dist : [0, 0, 0, 0, 0, 0, 0, 0, 0, 0, 0, 0, 0, 0, 0, 0, 0, 0, 0, 0, 0, 0, 0, 0, 0, 0, 0, 0, 0, 0, 0, 0, 0, 0, 0, 0, 0, 0, 0, 0, 0, 0, 0, 0, 0, 0, 0, 0, 0, 0, 0, 0, 0, 0, 0, 0, 0, 0, 0, 0, 0, 0, 0, 0, 0, 0, 7, 0, 0, 7, 0, 0]
time : 11976.09 (+0.48 = 0.00 + 0.48)

116th Add (Sname, S, D) : t[75], 498216206336, 24
Dist : [0, 0, 0, 0, 0, 0, 0, 0, 0, 0, 0, 0, 0, 0, 0, 0, 0, 0, 0, 0, 0, 0, 0, 0, 0, 0, 0, 0, 0, 0, 0, 0, 0, 0, 0, 0, 0, 0, 0, 0, 0, 0, 0, 0, 0, 0, 0, 0, 0, 0, 0, 0, 0, 0, 0, 0, 0, 0, 0, 0, 0, 0, 0, 0, 0, 0, 6, 0, 0, 6, 0, 0]
time : 13569.30 (+1593.21 = 0.01 + 1592.69 + 0.00 + 0.00 + 0.52)

117th Add (Sname, S, D) : t[76], 498232983552, 25
Dist : [0, 0, 0, 0, 0, 0, 0, 0, 0, 0, 0, 0, 0, 0, 0, 0, 0, 0, 0, 0, 0, 0, 0, 0, 0, 0, 0, 0, 0, 0, 0, 0, 0, 0, 0, 0, 0, 0, 0, 0, 0, 0, 0, 0, 0, 0, 0, 0, 0, 0, 0, 0, 0, 0, 0, 0, 0, 0, 0, 0, 0, 0, 0, 0, 0, 0, 5, 0, 0, 5, 0, 0]
time : 14136.62 (+567.31 = 0.01 + 567.05 + 0.00 + 0.00 + 0.26)

118th Add (Sname, S, D) : t[77], 12884901888, 19
Dist : [0, 0, 0, 0, 0, 0, 0, 0, 0, 0, 0, 0, 0, 0, 0, 0, 0, 0, 0, 0, 0, 0, 0, 0, 0, 0, 0, 0, 0, 0, 0, 0, 0, 0, 0, 0, 0, 0, 0, 0, 0, 0, 0, 0, 0, 0, 0, 0, 0, 0, 0, 0, 0, 0, 0, 0, 0, 0, 0, 0, 0, 0, 0, 0, 0, 0, 4, 0, 0, 5, 0, 0]
time : 14606.59 (+469.97 = 0.01 + 469.74 + 0.00 + 0.00 + 0.22)

119th Add (Sname, S, D) : t[78], 1677721600, 22
Dist : [0, 0, 0, 0, 0, 0, 0, 0, 0, 0, 0, 0, 0, 0, 0, 0, 0, 0, 0, 0, 0, 0, 0, 0, 0, 0, 0, 0, 0, 0, 0, 0, 0, 0, 0, 0, 0, 0, 0, 0, 0, 0, 0, 0, 0, 0, 0, 0, 0, 0, 0, 0, 0, 0, 0, 0, 0, 0, 0, 0, 0, 0, 0, 0, 0, 0, 3, 0, 0, 5, 0, 0]
time : 15069.57 (+462.99 = 0.01 + 462.75 + 0.00 + 0.00 + 0.22)

120th Add (Sname, S, D) : t[79], 1715470336, 23
Dist : [0, 0, 0, 0, 0, 0, 0, 0, 0, 0, 0, 0, 0, 0, 0, 0, 0, 0, 0, 0, 0, 0, 0, 0, 0, 0, 0, 0, 0, 0, 0, 0, 0, 0, 0, 0, 0, 0, 0, 0, 0, 0, 0, 0, 0, 0, 0, 0, 0, 0, 0, 0, 0, 0, 0, 0, 0, 0, 0, 0, 0, 0, 0, 0, 0, 0, 2, 0, 0, 5, 0, 0]
time : 15498.04 (+428.47 = 0.01 + 428.26 + 0.00 + 0.00 + 0.20)

121th Add (Sname, S, D) : t[80], 14600372224, 24
Dist : [0, 0, 0, 0, 0, 0, 0, 0, 0, 0, 0, 0, 0, 0, 0, 0, 0, 0, 0, 0, 0, 0, 0, 0, 0, 0, 0, 0, 0, 0, 0, 0, 0, 0, 0, 0, 0, 0, 0, 0, 0, 0, 0, 0, 0, 0, 0, 0, 0, 0, 0, 0, 0, 0, 0, 0, 0, 0, 0, 0, 0, 0, 0, 0, 0, 0, 1, 0, 0, 5, 0, 0]
time : 15921.56 (+423.51 = 0.01 + 423.32 + 0.00 + 0.00 + 0.19)

122th Add (Sname, S, D) : t[81], 512833355776, 26
Dist : [0, 0, 0, 0, 0, 0, 0, 0, 0, 0, 0, 0, 0, 0, 0, 0, 0, 0, 0, 0, 0, 0, 0, 0, 0, 0, 0, 0, 0, 0, 0, 0, 0, 0, 0, 0, 0, 0, 0, 0, 0, 0, 0, 0, 0, 0, 0, 0, 0, 0, 0, 0, 0, 0, 0, 0, 0, 0, 0, 0, 0, 0, 0, 0, 0, 0, 0, 0, 0, 5, 0, 0]
time : 15921.75 (+0.19 = 0.00 + 0.19)

123th Add (Sname, S, D) : t[82], 275146342400, 22
Dist : [0, 0, 0, 0, 0, 0, 0, 0, 0, 0, 0, 0, 0, 0, 0, 0, 0, 0, 0, 0, 0, 0, 0, 0, 0, 0, 0, 0, 0, 0, 0, 0, 0, 0, 0, 0, 0, 0, 0, 0, 0, 0, 0, 0, 0, 0, 0, 0, 0, 0, 0, 0, 0, 0, 0, 0, 0, 0, 0, 0, 0, 0, 0, 0, 0, 0, 0, 0, 0, 4, 0, 0]
time : 16358.34 (+436.59 = 0.01 + 436.37 + 0.00 + 0.00 + 0.20)

124th Add (Sname, S, D) : t[83], 549760008192, 21
Dist : [0, 0, 0, 0, 0, 0, 0, 0, 0, 0, 0, 0, 0, 0, 0, 0, 0, 0, 0, 0, 0, 0, 0, 0, 0, 0, 0, 0, 0, 0, 0, 0, 0, 0, 0, 0, 0, 0, 0, 0, 0, 0, 0, 0, 0, 0, 0, 0, 0, 0, 0, 0, 0, 0, 0, 0, 0, 0, 0, 0, 0, 0, 0, 0, 0, 0, 0, 0, 0, 3, 0, 0]
time : 16818.56 (+460.22 = 0.01 + 460.00 + 0.00 + 0.00 + 0.21)

125th Add (Sname, S, D) : t[84], 276220084224, 23
Dist : [0, 0, 0, 0, 0, 0, 0, 0, 0, 0, 0, 0, 0, 0, 0, 0, 0, 0, 0, 0, 0, 0, 0, 0, 0, 0, 0, 0, 0, 0, 0, 0, 0, 0, 0, 0, 0, 0, 0, 0, 0, 0, 0, 0, 0, 0, 0, 0, 0, 0, 0, 0, 0, 0, 0, 0, 0, 0, 0, 0, 0, 0, 0, 0, 0, 0, 0, 0, 0, 2, 0, 0]
time : 17221.48 (+402.92 = 0.01 + 402.73 + 0.00 + 0.00 + 0.18)

126th Add (Sname, S, D) : t[85], 825980092416, 24
Dist : [0, 0, 0, 0, 0, 0, 0, 0, 0, 0, 0, 0, 0, 0, 0, 0, 0, 0, 0, 0, 0, 0, 0, 0, 0, 0, 0, 0, 0, 0, 0, 0, 0, 0, 0, 0, 0, 0, 0, 0, 0, 0, 0, 0, 0, 0, 0, 0, 0, 0, 0, 0, 0, 0, 0, 0, 0, 0, 0, 0, 0, 0, 0, 0, 0, 0, 0, 0, 0, 1, 0, 0]
time : 17617.25 (+395.76 = 0.01 + 395.57 + 0.00 + 0.00 + 0.18)

127th Add (Sname, S, D) : t[86], 774457262080, 26
Dist : [0, 0, 0, 0, 0, 0, 0, 0, 0, 0, 0, 0, 0, 0, 0, 0, 0, 0, 0, 0, 0, 0, 0, 0, 0, 0, 0, 0, 0, 0, 0, 0, 0, 0, 0, 0, 0, 0, 0, 0, 0, 0, 0, 0, 0, 0, 0, 0, 0, 0, 0, 0, 0, 0, 0, 0, 0, 0, 0, 0, 0, 0, 0, 0, 0, 0, 0, 0, 0, 0, 0, 0]
time : 17617.71 (+0.47 = 0.00 + 0.46)

XOR : 87
Circuit : ['r[5]=x[0]', 'r[33]=x[0]', 't[0]=x[1]^x[7]', 'r[6]=t[0]', 'r[53]=t[0]', 't[1]=x[4]^x[7]', 'r[12]=t[1]', 'r[59]=t[1]', 't[2]=x[2]^x[4]', 'r[14]=t[2]', 'r[61]=t[2]', 't[3]=t[0]^t[2]', 'r[0]=t[3]', 'r[47]=t[3]', 't[4]=x[2]^x[7]', 'r[16]=t[4]', 'r[63]=t[4]', 't[5]=x[1]^x[3]', 't[6]=t[1]^t[5]', 'r[1]=t[6]', 'r[29]=t[6]', 'g[0]=r[0]&r[1]', 't[7]=x[0]^t[6]', 'r[3]=t[7]', 'r[31]=t[7]', 't[8]=x[5]^x[6]', 't[9]=x[0]^t[8]', 'r[9]=t[9]', 'r[37]=t[9]', 't[10]=x[4]^t[9]', 'r[4]=t[10]', 'r[51]=t[10]', 'g[2]=r[4]&r[5]', 't[11]=t[3]^t[10]', 'r[2]=t[11]', 'r[49]=t[11]', 'g[1]=r[2]&r[3]', 't[12]=x[1]^t[9]', 'r[8]=t[12]', 'r[55]=t[12]', 'g[4]=r[8]&r[9]', 't[13]=x[7]^t[9]', 'r[10]=t[13]', 'r[57]=t[13]', 't[14]=t[6]^t[8]', 'r[17]=t[14]', 'r[45]=t[14]', 'g[8]=r[16]&r[17]', 't[15]=x[2]^t[5]', 't[16]=x[5]^t[15]', 'r[7]=t[16]', 'r[35]=t[16]', 'g[3]=r[6]&r[7]', 't[17]=t[9]^t[16]', 'r[11]=t[17]', 'r[39]=t[17]', 'g[5]=r[10]&r[11]', 't[18]=x[6]^t[15]', 'r[13]=t[18]', 'r[41]=t[18]', 'g[6]=r[12]&r[13]', 't[19]=t[6]^t[16]', 'r[15]=t[19]', 'r[43]=t[19]', 'g[7]=r[14]&r[15]', 't[20]=g[4]^g[7]', 't[21]=g[8]^g[5]', 't[22]=t[16]^g[6]', 't[23]=g[3]^t[22]', 't[24]=g[1]^g[7]', 't[25]=t[21]^t[23]', 't[26]=x[7]^t[25]', 'r[24]=t[26]', 't[27]=t[20]^t[23]', 't[28]=t[0]^t[27]', 'r[19]=t[28]', 't[29]=t[26]^t[28]', 'r[23]=t[29]', 't[30]=t[1]^t[8]', 't[31]=g[0]^t[24]', 't[32]=t[30]^t[31]', 't[33]=t[22]^t[32]', 'r[18]=t[33]', 'g[9]=r[18]&r[19]', 't[34]=t[26]^g[9]', 'r[21]=t[34]', 't[35]=t[19]^t[24]', 't[36]=t[2]^t[35]', 't[37]=g[2]^t[36]', 't[38]=g[8]^t[37]', 'r[20]=t[38]', 'g[10]=r[20]&r[21]', 't[39]=t[33]^t[38]', 't[40]=g[9]^t[39]', 'r[22]=t[40]', 'g[11]=r[22]&r[23]', 't[41]=g[9]^g[11]', 'r[25]=t[41]', 'g[12]=r[24]&r[25]', 't[42]=g[10]^t[39]', 'r[26]=t[42]', 'r[38]=t[42]', 'r[56]=t[42]', 'g[19]=r[38]&r[39]', 'g[28]=r[56]&r[57]', 't[43]=t[34]^g[12]', 'r[27]=t[43]', 'g[13]=r[26]&r[27]', 't[44]=t[28]^g[12]', 'r[28]=t[44]', 'r[46]=t[44]', 'g[14]=r[28]&r[29]', 'g[23]=r[46]&r[47]', 't[45]=t[26]^g[11]', 'r[32]=t[45]', 'r[50]=t[45]', 'g[16]=r[32]&r[33]', 'g[25]=r[50]&r[51]', 't[46]=t[44]^t[45]', 'r[30]=t[46]', 'r[48]=t[46]', 'g[15]=r[30]&r[31]', 'g[24]=r[48]&r[49]', 't[47]=t[38]^g[13]', 'r[36]=t[47]', 'r[54]=t[47]', 'g[18]=r[36]&r[37]', 'g[27]=r[54]&r[55]', 't[48]=t[42]^t[47]', 'r[34]=t[48]', 'r[52]=t[48]', 'g[17]=r[34]&r[35]', 'g[26]=r[52]&r[53]', 't[49]=t[42]^t[45]', 'r[40]=t[49]', 'r[58]=t[49]', 'g[20]=r[40]&r[41]', 'g[29]=r[58]&r[59]', 't[50]=t[44]^t[48]', 'r[42]=t[50]', 'r[60]=t[50]', 'g[21]=r[42]&r[43]', 'g[30]=r[60]&r[61]', 't[51]=t[46]^t[47]', 'r[44]=t[51]', 'r[62]=t[51]', 'g[22]=r[44]&r[45]', 'g[31]=r[62]&r[63]', 't[52]=g[29]^g[30]', 't[53]=g[23]^g[24]', 't[54]=t[52]^t[53]', 't[55]=g[15]^t[54]', 't[56]=g[18]^t[55]', 't[57]=g[20]^g[21]', 't[58]=g[14]^g[17]', 't[59]=t[56]^t[58]', 'y[4]=t[59]', 't[60]=g[19]^g[16]', 't[61]=t[56]^t[60]', 'y[3]=t[61]', 't[62]=g[26]^t[52]', 't[63]=g[27]^t[62]', 't[64]=t[58]^t[63]', 't[65]=t[60]^t[64]', 'y[0]=t[65]^1', 't[66]=t[55]^t[57]', 't[67]=g[14]^t[66]', 'y[6]=t[67]^1', 't[68]=g[15]^g[18]', 't[69]=g[17]^t[68]', 't[70]=t[66]^t[69]', 'y[7]=t[70]', 't[71]=g[19]^g[21]', 't[72]=t[63]^t[71]', 't[73]=g[18]^g[22]', 't[74]=t[72]^t[73]', 'y[1]=t[74]^1', 't[75]=g[28]^t[62]', 't[76]=g[16]^t[75]', 't[77]=g[25]^g[24]', 't[78]=g[21]^t[73]', 't[79]=t[58]^t[78]', 't[80]=t[77]^t[79]', 't[81]=t[76]^t[80]', 'y[2]=t[81]', 't[82]=g[20]^g[30]', 't[83]=g[14]^g[31]', 't[84]=g[22]^t[82]', 't[85]=t[83]^t[84]', 't[86]=t[76]^t[85]', 'y[5]=t[86]^1']