n : 8
m : 8
H : 26
Y : [150, 154, 231, 155, 113, 1, 130, 46, 99, 97, 225, 79, 144, 78, 20, 180, 132, 250, 50142, 55468, 100000, 223406, 214398, 110594, 92334, 655360, 345470, 1271982, 1104044, 154, 1683458, 155, 616622, 1, 2409438, 46, 2197152, 97, 345470, 79, 798160, 78, 3414898, 180, 3684002, 250, 1104044, 150, 1683458, 231, 616622, 113, 2409438, 130, 2197152, 99, 345470, 225, 798160, 144, 3414898, 20, 3684002, 132, 464045211648, 465668407296, 512833355776, 418985803776, 418872557568, 774457262080, 419577200640, 419665281024]
XORs : {'r[0]': ['x[7]', 'x[1]', 'x[4]', 'x[2]'], 'r[1]': ['x[3]', 'x[7]', 'x[1]', 'x[4]'], 'r[2]': ['x[1]', 'x[7]', 'x[2]', 'x[0]', 'x[6]', 'x[5]'], 'r[3]': ['x[0]', 'x[3]', 'x[7]', 'x[1]', 'x[4]'], 'r[4]': ['x[4]', 'x[0]', 'x[6]', 'x[5]'], 'r[5]': ['x[0]'], 'r[6]': ['x[7]', 'x[1]'], 'r[7]': ['x[5]', 'x[3]', 'x[1]', 'x[2]'], 'r[8]': ['x[1]', 'x[0]', 'x[6]', 'x[5]'], 'r[9]': ['x[0]', 'x[6]', 'x[5]'], 'r[10]': ['x[7]', 'x[0]', 'x[6]', 'x[5]'], 'r[11]': ['x[0]', 'x[6]', 'x[3]', 'x[1]', 'x[2]'], 'r[12]': ['x[7]', 'x[4]'], 'r[13]': ['x[6]', 'x[3]', 'x[1]', 'x[2]'], 'r[14]': ['x[4]', 'x[2]'], 'r[15]': ['x[2]', 'x[5]', 'x[7]', 'x[4]'], 'r[16]': ['x[7]', 'x[2]'], 'r[17]': ['x[6]', 'x[5]', 'x[3]', 'x[7]', 'x[1]', 'x[4]'], 'r[18]': ['x[6]', 'g[1]', 'g[0]', 'g[7]', 'g[6]', 'x[3]', 'x[7]', 'x[1]', 'x[4]', 'x[2]'], 'r[19]': ['g[4]', 'g[3]', 'g[7]', 'g[6]', 'x[5]', 'x[3]', 'x[7]', 'x[2]'], 'r[20]': ['g[1]', 'g[7]', 'g[2]', 'g[8]', 'x[5]', 'x[7]'], 'r[21]': ['g[9]', 'g[5]', 'g[3]', 'g[8]', 'g[6]', 'x[5]', 'x[3]', 'x[7]', 'x[1]', 'x[2]'], 'r[22]': ['g[9]', 'g[2]', 'g[0]', 'g[8]', 'g[6]', 'x[6]', 'x[5]', 'x[3]', 'x[1]', 'x[4]', 'x[2]'], 'r[23]': ['g[4]', 'g[7]', 'x[1]', 'g[5]', 'g[8]'], 'r[24]': ['g[5]', 'g[3]', 'g[8]', 'g[6]', 'x[5]', 'x[3]', 'x[7]', 'x[1]', 'x[2]'], 'r[25]': ['g[9]', 'g[11]'], 'r[26]': ['g[10]', 'g[2]', 'g[0]', 'g[8]', 'g[6]', 'x[6]', 'x[5]', 'x[3]', 'x[1]', 'x[4]', 'x[2]'], 'r[27]': ['g[12]', 'g[9]', 'g[5]', 'g[3]', 'g[8]', 'g[6]', 'x[5]', 'x[3]', 'x[7]', 'x[1]', 'x[2]'], 'r[28]': ['g[12]', 'g[4]', 'g[7]', 'g[3]', 'g[6]', 'x[5]', 'x[3]', 'x[7]', 'x[2]'], 'r[29]': ['x[3]', 'x[7]', 'x[1]', 'x[4]'], 'r[30]': ['g[12]', 'g[11]', 'g[4]', 'g[7]', 'g[5]', 'g[8]', 'x[1]'], 'r[31]': ['x[0]', 'x[3]', 'x[7]', 'x[1]', 'x[4]'], 'r[32]': ['g[11]', 'g[5]', 'g[3]', 'g[8]', 'g[6]', 'x[5]', 'x[3]', 'x[7]', 'x[1]', 'x[2]'], 'r[33]': ['x[0]'], 'r[34]': ['g[10]', 'g[13]', 'g[1]', 'g[7]', 'g[0]', 'g[6]', 'x[6]', 'x[3]', 'x[7]', 'x[1]', 'x[4]', 'x[2]'], 'r[35]': ['x[5]', 'x[3]', 'x[1]', 'x[2]'], 'r[36]': ['g[13]', 'g[1]', 'g[7]', 'g[2]', 'g[8]', 'x[5]', 'x[7]'], 'r[37]': ['x[0]', 'x[6]', 'x[5]'], 'r[38]': ['g[10]', 'g[2]', 'g[0]', 'g[8]', 'g[6]', 'x[6]', 'x[5]', 'x[3]', 'x[1]', 'x[4]', 'x[2]'], 'r[39]': ['x[0]', 'x[6]', 'x[3]', 'x[1]', 'x[2]'], 'r[40]': ['g[10]', 'g[11]', 'g[2]', 'g[0]', 'g[5]', 'g[3]', 'x[6]', 'x[7]', 'x[4]'], 'r[41]': ['x[6]', 'x[3]', 'x[1]', 'x[2]'], 'r[42]': ['g[10]', 'g[13]', 'g[12]', 'g[1]', 'g[0]', 'g[4]', 'g[3]', 'x[5]', 'x[6]', 'x[1]', 'x[4]'], 'r[43]': ['x[2]', 'x[5]', 'x[7]', 'x[4]'], 'r[44]': ['g[13]', 'g[12]', 'g[11]', 'g[1]', 'g[2]', 'g[4]', 'g[5]', 'x[5]', 'x[7]', 'x[1]'], 'r[45]': ['x[6]', 'x[5]', 'x[3]', 'x[7]', 'x[1]', 'x[4]'], 'r[46]': ['g[12]', 'g[4]', 'g[7]', 'g[3]', 'g[6]', 'x[5]', 'x[3]', 'x[7]', 'x[2]'], 'r[47]': ['x[7]', 'x[1]', 'x[4]', 'x[2]'], 'r[48]': ['g[12]', 'g[11]', 'g[4]', 'g[7]', 'g[5]', 'g[8]', 'x[1]'], 'r[49]': ['x[1]', 'x[7]', 'x[2]', 'x[0]', 'x[6]', 'x[5]'], 'r[50]': ['g[11]', 'g[5]', 'g[3]', 'g[8]', 'g[6]', 'x[5]', 'x[3]', 'x[7]', 'x[1]', 'x[2]'], 'r[51]': ['x[4]', 'x[0]', 'x[6]', 'x[5]'], 'r[52]': ['g[10]', 'g[13]', 'g[1]', 'g[7]', 'g[0]', 'g[6]', 'x[6]', 'x[3]', 'x[7]', 'x[1]', 'x[4]', 'x[2]'], 'r[53]': ['x[7]', 'x[1]'], 'r[54]': ['g[13]', 'g[1]', 'g[7]', 'g[2]', 'g[8]', 'x[5]', 'x[7]'], 'r[55]': ['x[1]', 'x[0]', 'x[6]', 'x[5]'], 'r[56]': ['g[10]', 'g[2]', 'g[0]', 'g[8]', 'g[6]', 'x[6]', 'x[5]', 'x[3]', 'x[1]', 'x[4]', 'x[2]'], 'r[57]': ['x[7]', 'x[0]', 'x[6]', 'x[5]'], 'r[58]': ['g[10]', 'g[11]', 'g[2]', 'g[0]', 'g[5]', 'g[3]', 'x[6]', 'x[7]', 'x[4]'], 'r[59]': ['x[7]', 'x[4]'], 'r[60]': ['g[10]', 'g[13]', 'g[12]', 'g[1]', 'g[0]', 'g[4]', 'g[3]', 'x[5]', 'x[6]', 'x[1]', 'x[4]'], 'r[61]': ['x[4]', 'x[2]'], 'r[62]': ['g[13]', 'g[12]', 'g[11]', 'g[1]', 'g[2]', 'g[4]', 'g[5]', 'x[5]', 'x[7]', 'x[1]'], 'r[63]': ['x[7]', 'x[2]'], 'y[7]': ['g[17]', 'g[20]', 'g[21]', 'g[23]', 'g[24]', 'g[18]', 'g[29]', 'g[30]'], 'y[1]': ['g[26]', 'g[19]', 'g[27]', 'g[21]', 'g[22]', 'g[18]', 'g[29]', 'g[30]'], 'y[0]': ['g[19]', 'g[27]', 'g[29]', 'g[30]', 'g[16]', 'g[26]', 'g[14]', 'g[17]'], 'y[4]': ['g[14]', 'g[17]', 'g[15]', 'g[23]', 'g[24]', 'g[18]', 'g[29]', 'g[30]'], 'y[3]': ['g[16]', 'g[19]', 'g[15]', 'g[23]', 'g[24]', 'g[18]', 'g[29]', 'g[30]'], 'y[2]': ['g[24]', 'g[25]', 'g[28]', 'g[21]', 'g[22]', 'g[18]', 'g[16]', 'g[26]', 'g[14]', 'g[17]', 'g[29]', 'g[30]'], 'y[6]': ['g[14]', 'g[15]', 'g[20]', 'g[21]', 'g[23]', 'g[24]', 'g[29]', 'g[30]'], 'y[5]': ['g[31]', 'g[28]', 'g[20]', 'g[22]', 'g[16]', 'g[26]', 'g[14]', 'g[29]']}
HY : [12, 12, 11, 11, 13, 0, 1, 12, 11, 11, 14, 14, 1, 10, 1, 9, 1, 11, 14, 14, 18, 18, 16, 16, 18, 18, 20, 20, 22, 12, 20, 11, 19, 0, 22, 12, 22, 11, 20, 14, 20, 10, 22, 9, 22, 11, 22, 12, 20, 11, 19, 13, 22, 1, 22, 11, 20, 14, 20, 1, 22, 1, 22, 1, 26, 26, 26, 26, 26, 26, 26, 26]
sbp_pool_size : None

Dist : [3, 3, 5, 4, 3, 0, 1, 3, 3, 2, 3, 4, 1, 3, 1, 3, 1, 5, 999, 999, 999, 999, 999, 999, 999, 999, 999, 999, 999, 3, 999, 4, 999, 0, 999, 3, 999, 2, 999, 4, 999, 3, 999, 3, 999, 5, 999, 3, 999, 5, 999, 3, 999, 1, 999, 3, 999, 3, 999, 1, 999, 1, 999, 1, 999, 999, 999, 999, 999, 999, 999, 999]
time : 0.01 (+0.01)

9th Add (Sname, S, D) : t[0], 130, 1
Dist : [2, 2, 4, 3, 3, 0, 0, 3, 3, 2, 3, 4, 1, 3, 1, 3, 1, 4, 999, 999, 999, 999, 999, 999, 999, 999, 999, 999, 999, 2, 999, 3, 999, 0, 999, 3, 999, 2, 999, 4, 999, 3, 999, 3, 999, 4, 999, 2, 999, 4, 999, 3, 999, 0, 999, 3, 999, 3, 999, 1, 999, 1, 999, 1, 999, 999, 999, 999, 999, 999, 999, 999]
time : 0.01 (+0.01 = 0.00 + 0.00)

10th Add (Sname, S, D) : t[1], 144, 1
Dist : [2, 2, 4, 3, 3, 0, 0, 3, 3, 2, 3, 4, 0, 3, 1, 2, 1, 4, 999, 999, 999, 999, 999, 999, 999, 999, 999, 999, 999, 2, 999, 3, 999, 0, 999, 3, 999, 2, 999, 4, 999, 3, 999, 2, 999, 4, 999, 2, 999, 4, 999, 3, 999, 0, 999, 3, 999, 3, 999, 0, 999, 1, 999, 1, 999, 999, 999, 999, 999, 999, 999, 999]
time : 0.01 (+0.00 = 0.00 + 0.00)

11th Add (Sname, S, D) : t[2], 20, 1
Dist : [1, 2, 4, 3, 3, 0, 0, 3, 3, 2, 3, 4, 0, 3, 0, 2, 1, 4, 999, 999, 999, 999, 999, 999, 999, 999, 999, 999, 999, 2, 999, 3, 999, 0, 999, 3, 999, 2, 999, 4, 999, 3, 999, 2, 999, 4, 999, 1, 999, 4, 999, 3, 999, 0, 999, 3, 999, 3, 999, 0, 999, 0, 999, 1, 999, 999, 999, 999, 999, 999, 999, 999]
time : 0.01 (+0.00 = 0.00 + 0.00)

12th Add (Sname, S, D) : t[3], 150, 2
Dist : [0, 2, 4, 3, 3, 0, 0, 3, 3, 2, 3, 4, 0, 3, 0, 2, 1, 4, 999, 999, 999, 999, 999, 999, 999, 999, 999, 999, 999, 2, 999, 3, 999, 0, 999, 3, 999, 2, 999, 4, 999, 3, 999, 2, 999, 4, 999, 0, 999, 4, 999, 3, 999, 0, 999, 3, 999, 3, 999, 0, 999, 0, 999, 1, 999, 999, 999, 999, 999, 999, 999, 999]
time : 0.01 (+0.00 = 0.00 + 0.00)

13th Add (Sname, S, D) : t[4], 132, 1
Dist : [0, 2, 4, 3, 3, 0, 0, 3, 3, 2, 3, 4, 0, 3, 0, 2, 0, 4, 999, 999, 999, 999, 999, 999, 999, 999, 999, 999, 999, 2, 999, 3, 999, 0, 999, 3, 999, 2, 999, 4, 999, 3, 999, 2, 999, 4, 999, 0, 999, 4, 999, 3, 999, 0, 999, 3, 999, 3, 999, 0, 999, 0, 999, 0, 999, 999, 999, 999, 999, 999, 999, 999]
time : 0.01 (+0.00 = 0.00 + 0.00)

14th Add (Sname, S, D) : t[5], 138, 2
Dist : [0, 1, 4, 2, 3, 0, 0, 2, 3, 2, 3, 3, 0, 2, 0, 2, 0, 3, 999, 999, 999, 999, 999, 999, 999, 999, 999, 999, 999, 1, 999, 2, 999, 0, 999, 2, 999, 2, 999, 3, 999, 2, 999, 2, 999, 3, 999, 0, 999, 4, 999, 3, 999, 0, 999, 3, 999, 3, 999, 0, 999, 0, 999, 0, 999, 999, 999, 999, 999, 999, 999, 999]
time : 0.02 (+0.00 = 0.00 + 0.00 + 0.00 + 0.00 + 0.00)

15th Add (Sname, S, D) : t[6], 154, 3
Dist : [0, 0, 4, 1, 3, 0, 0, 2, 3, 2, 3, 3, 0, 2, 0, 2, 0, 2, 999, 999, 999, 999, 999, 999, 999, 999, 999, 999, 999, 0, 999, 1, 999, 0, 999, 2, 999, 2, 999, 3, 999, 2, 999, 2, 999, 2, 999, 0, 999, 4, 999, 3, 999, 0, 999, 3, 999, 3, 999, 0, 999, 0, 999, 0, 999, 999, 999, 999, 999, 999, 999, 999]
time : 0.02 (+0.00 = 0.00 + 0.00)

16th Add (Sname, S, D) : g[0], 256, 4
Dist : [0, 0, 4, 1, 3, 0, 0, 2, 3, 2, 3, 3, 0, 2, 0, 2, 0, 2, 999, 999, 999, 999, 999, 999, 999, 999, 999, 999, 999, 0, 999, 1, 999, 0, 999, 2, 999, 2, 999, 3, 999, 2, 999, 2, 999, 2, 999, 0, 999, 4, 999, 3, 999, 0, 999, 3, 999, 3, 999, 0, 999, 0, 999, 0, 999, 999, 999, 999, 999, 999, 999, 999]
time : 0.02 (+0.00 = 0.00 + 0.00)

17th Add (Sname, S, D) : t[7], 155, 4
Dist : [0, 0, 4, 0, 3, 0, 0, 2, 3, 2, 3, 3, 0, 2, 0, 2, 0, 2, 999, 999, 999, 999, 999, 999, 999, 999, 999, 999, 999, 0, 999, 0, 999, 0, 999, 2, 999, 2, 999, 3, 999, 2, 999, 2, 999, 2, 999, 0, 999, 4, 999, 3, 999, 0, 999, 3, 999, 3, 999, 0, 999, 0, 999, 0, 999, 999, 999, 999, 999, 999, 999, 999]
time : 0.02 (+0.00 = 0.00 + 0.00)

18th Add (Sname, S, D) : t[8], 96, 1
Dist : [0, 0, 3, 0, 2, 0, 0, 2, 2, 1, 2, 3, 0, 2, 0, 2, 0, 1, 999, 999, 999, 999, 999, 999, 999, 999, 999, 999, 999, 0, 999, 0, 999, 0, 999, 2, 999, 1, 999, 3, 999, 2, 999, 2, 999, 1, 999, 0, 999, 3, 999, 2, 999, 0, 999, 2, 999, 2, 999, 0, 999, 0, 999, 0, 999, 999, 999, 999, 999, 999, 999, 999]
time : 0.03 (+0.01 = 0.00 + 0.01 + 0.00 + 0.00 + 0.00)

19th Add (Sname, S, D) : t[9], 97, 2
Dist : [0, 0, 2, 0, 1, 0, 0, 2, 1, 0, 1, 3, 0, 2, 0, 2, 0, 1, 999, 999, 999, 999, 999, 999, 999, 999, 999, 999, 999, 0, 999, 0, 999, 0, 999, 2, 999, 0, 999, 3, 999, 2, 999, 2, 999, 1, 999, 0, 999, 2, 999, 1, 999, 0, 999, 1, 999, 1, 999, 0, 999, 0, 999, 0, 999, 999, 999, 999, 999, 999, 999, 999]
time : 0.03 (+0.00 = 0.00 + 0.00)

20th Add (Sname, S, D) : t[10], 113, 3
Dist : [0, 0, 1, 0, 0, 0, 0, 2, 1, 0, 1, 3, 0, 2, 0, 2, 0, 1, 999, 999, 999, 999, 999, 999, 999, 999, 999, 999, 999, 0, 999, 0, 999, 0, 999, 2, 999, 0, 999, 3, 999, 2, 999, 2, 999, 1, 999, 0, 999, 1, 999, 0, 999, 0, 999, 1, 999, 1, 999, 0, 999, 0, 999, 0, 999, 999, 999, 999, 999, 999, 999, 999]
time : 0.03 (+0.00 = 0.00 + 0.00)

21th Add (Sname, S, D) : g[2], 1024, 4
Dist : [0, 0, 1, 0, 0, 0, 0, 2, 1, 0, 1, 3, 0, 2, 0, 2, 0, 1, 999, 999, 999, 999, 999, 999, 999, 999, 999, 999, 999, 0, 999, 0, 999, 0, 999, 2, 999, 0, 999, 3, 999, 2, 999, 2, 999, 1, 999, 0, 999, 1, 999, 0, 999, 0, 999, 1, 999, 1, 999, 0, 999, 0, 999, 0, 999, 999, 999, 999, 999, 999, 999, 999]
time : 0.03 (+0.00 = 0.00 + 0.00)

22th Add (Sname, S, D) : t[11], 231, 4
Dist : [0, 0, 0, 0, 0, 0, 0, 2, 1, 0, 1, 3, 0, 2, 0, 2, 0, 1, 999, 999, 999, 999, 999, 999, 999, 999, 999, 999, 999, 0, 999, 0, 999, 0, 999, 2, 999, 0, 999, 3, 999, 2, 999, 2, 999, 1, 999, 0, 999, 0, 999, 0, 999, 0, 999, 1, 999, 1, 999, 0, 999, 0, 999, 0, 999, 999, 999, 999, 999, 999, 999, 999]
time : 0.03 (+0.00 = 0.00 + 0.00)

23th Add (Sname, S, D) : g[1], 512, 5
Dist : [0, 0, 0, 0, 0, 0, 0, 2, 1, 0, 1, 3, 0, 2, 0, 2, 0, 1, 999, 999, 999, 999, 999, 999, 999, 999, 999, 999, 999, 0, 999, 0, 999, 0, 999, 2, 999, 0, 999, 3, 999, 2, 999, 2, 999, 1, 999, 0, 999, 0, 999, 0, 999, 0, 999, 1, 999, 1, 999, 0, 999, 0, 999, 0, 999, 999, 999, 999, 999, 999, 999, 999]
time : 0.03 (+0.00 = 0.00 + 0.00)

24th Add (Sname, S, D) : t[12], 99, 3
Dist : [0, 0, 0, 0, 0, 0, 0, 2, 0, 0, 1, 3, 0, 2, 0, 2, 0, 1, 999, 999, 999, 999, 999, 999, 999, 999, 999, 999, 999, 0, 999, 0, 999, 0, 999, 2, 999, 0, 999, 3, 999, 2, 999, 2, 999, 1, 999, 0, 999, 0, 999, 0, 999, 0, 999, 0, 999, 1, 999, 0, 999, 0, 999, 0, 999, 999, 999, 999, 999, 999, 999, 999]
time : 0.03 (+0.00 = 0.00 + 0.00)

25th Add (Sname, S, D) : g[4], 4096, 4
Dist : [0, 0, 0, 0, 0, 0, 0, 2, 0, 0, 1, 3, 0, 2, 0, 2, 0, 1, 999, 999, 999, 999, 999, 999, 999, 999, 999, 999, 999, 0, 999, 0, 999, 0, 999, 2, 999, 0, 999, 3, 999, 2, 999, 2, 999, 1, 999, 0, 999, 0, 999, 0, 999, 0, 999, 0, 999, 1, 999, 0, 999, 0, 999, 0, 999, 999, 999, 999, 999, 999, 999, 999]
time : 0.03 (+0.00 = 0.00 + 0.00)

26th Add (Sname, S, D) : t[13], 225, 3
Dist : [0, 0, 0, 0, 0, 0, 0, 2, 0, 0, 0, 3, 0, 2, 0, 2, 0, 1, 999, 999, 999, 999, 999, 999, 999, 999, 999, 999, 999, 0, 999, 0, 999, 0, 999, 2, 999, 0, 999, 3, 999, 2, 999, 2, 999, 1, 999, 0, 999, 0, 999, 0, 999, 0, 999, 0, 999, 0, 999, 0, 999, 0, 999, 0, 999, 999, 999, 999, 999, 999, 999, 999]
time : 0.03 (+0.00 = 0.00 + 0.00)

27th Add (Sname, S, D) : t[14], 250, 4
Dist : [0, 0, 0, 0, 0, 0, 0, 2, 0, 0, 0, 3, 0, 2, 0, 2, 0, 0, 999, 999, 999, 999, 999, 999, 999, 999, 999, 999, 999, 0, 999, 0, 999, 0, 999, 2, 999, 0, 999, 3, 999, 2, 999, 2, 999, 0, 999, 0, 999, 0, 999, 0, 999, 0, 999, 0, 999, 0, 999, 0, 999, 0, 999, 0, 999, 999, 999, 999, 999, 999, 999, 999]
time : 0.03 (+0.00 = 0.00 + 0.00)

28th Add (Sname, S, D) : g[8], 65536, 5
Dist : [0, 0, 0, 0, 0, 0, 0, 2, 0, 0, 0, 3, 0, 2, 0, 2, 0, 0, 999, 999, 999, 999, 999, 999, 999, 999, 999, 999, 999, 0, 999, 0, 999, 0, 999, 2, 999, 0, 999, 3, 999, 2, 999, 2, 999, 0, 999, 0, 999, 0, 999, 0, 999, 0, 999, 0, 999, 0, 999, 0, 999, 0, 999, 0, 999, 999, 999, 999, 999, 999, 999, 999]
time : 0.03 (+0.00 = 0.00 + 0.00)

29th Add (Sname, S, D) : t[15], 14, 3
Dist : [0, 0, 0, 0, 0, 0, 0, 1, 0, 0, 0, 2, 0, 1, 0, 2, 0, 0, 999, 999, 999, 999, 999, 999, 999, 999, 999, 999, 999, 0, 999, 0, 999, 0, 999, 1, 999, 0, 999, 2, 999, 1, 999, 2, 999, 0, 999, 0, 999, 0, 999, 0, 999, 0, 999, 0, 999, 0, 999, 0, 999, 0, 999, 0, 999, 999, 999, 999, 999, 999, 999, 999]
time : 0.08 (+0.05 = 0.00 + 0.05 + 0.00 + 0.00 + 0.00)

30th Add (Sname, S, D) : t[16], 46, 4
Dist : [0, 0, 0, 0, 0, 0, 0, 0, 0, 0, 0, 1, 0, 1, 0, 1, 0, 0, 999, 999, 999, 999, 999, 999, 999, 999, 999, 999, 999, 0, 999, 0, 999, 0, 999, 0, 999, 0, 999, 1, 999, 1, 999, 1, 999, 0, 999, 0, 999, 0, 999, 0, 999, 0, 999, 0, 999, 0, 999, 0, 999, 0, 999, 0, 999, 999, 999, 999, 999, 999, 999, 999]
time : 0.08 (+0.00 = 0.00 + 0.00)

31th Add (Sname, S, D) : g[3], 2048, 5
Dist : [0, 0, 0, 0, 0, 0, 0, 0, 0, 0, 0, 1, 0, 1, 0, 1, 0, 0, 999, 999, 999, 999, 999, 999, 999, 999, 999, 999, 999, 0, 999, 0, 999, 0, 999, 0, 999, 0, 999, 1, 999, 1, 999, 1, 999, 0, 999, 0, 999, 0, 999, 0, 999, 0, 999, 0, 999, 0, 999, 0, 999, 0, 999, 0, 999, 999, 999, 999, 999, 999, 999, 999]
time : 0.08 (+0.00 = 0.00 + 0.00)

32th Add (Sname, S, D) : t[17], 79, 5
Dist : [0, 0, 0, 0, 0, 0, 0, 0, 0, 0, 0, 0, 0, 1, 0, 1, 0, 0, 999, 999, 999, 999, 999, 999, 999, 999, 999, 999, 999, 0, 999, 0, 999, 0, 999, 0, 999, 0, 999, 0, 999, 1, 999, 1, 999, 0, 999, 0, 999, 0, 999, 0, 999, 0, 999, 0, 999, 0, 999, 0, 999, 0, 999, 0, 999, 999, 999, 999, 999, 999, 999, 999]
time : 0.08 (+0.00 = 0.00 + 0.00)

33th Add (Sname, S, D) : g[5], 8192, 6
Dist : [0, 0, 0, 0, 0, 0, 0, 0, 0, 0, 0, 0, 0, 1, 0, 1, 0, 0, 999, 999, 999, 999, 999, 999, 999, 999, 999, 999, 999, 0, 999, 0, 999, 0, 999, 0, 999, 0, 999, 0, 999, 1, 999, 1, 999, 0, 999, 0, 999, 0, 999, 0, 999, 0, 999, 0, 999, 0, 999, 0, 999, 0, 999, 0, 999, 999, 999, 999, 999, 999, 999, 999]
time : 0.09 (+0.00 = 0.00 + 0.00)

34th Add (Sname, S, D) : t[18], 78, 4
Dist : [0, 0, 0, 0, 0, 0, 0, 0, 0, 0, 0, 0, 0, 0, 0, 1, 0, 0, 999, 999, 999, 999, 999, 999, 999, 999, 999, 999, 999, 0, 999, 0, 999, 0, 999, 0, 999, 0, 999, 0, 999, 0, 999, 1, 999, 0, 999, 0, 999, 0, 999, 0, 999, 0, 999, 0, 999, 0, 999, 0, 999, 0, 999, 0, 999, 999, 999, 999, 999, 999, 999, 999]
time : 0.09 (+0.00 = 0.00 + 0.00)

35th Add (Sname, S, D) : g[6], 16384, 5
Dist : [0, 0, 0, 0, 0, 0, 0, 0, 0, 0, 0, 0, 0, 0, 0, 1, 0, 0, 999, 999, 999, 999, 999, 999, 5, 999, 999, 999, 999, 0, 999, 0, 999, 0, 999, 0, 999, 0, 999, 0, 999, 0, 999, 1, 999, 0, 999, 0, 999, 0, 999, 0, 999, 0, 999, 0, 999, 0, 999, 0, 999, 0, 999, 0, 999, 999, 999, 999, 999, 999, 999, 999]
time : 0.09 (+0.00 = 0.00 + 0.00)

36th Add (Sname, S, D) : t[19], 180, 5
Dist : [0, 0, 0, 0, 0, 0, 0, 0, 0, 0, 0, 0, 0, 0, 0, 0, 0, 0, 999, 999, 999, 999, 999, 999, 5, 999, 999, 999, 999, 0, 999, 0, 999, 0, 999, 0, 999, 0, 999, 0, 999, 0, 999, 0, 999, 0, 999, 0, 999, 0, 999, 0, 999, 0, 999, 0, 999, 0, 999, 0, 999, 0, 999, 0, 999, 999, 999, 999, 999, 999, 999, 999]
time : 0.09 (+0.00 = 0.00 + 0.00)

37th Add (Sname, S, D) : g[7], 32768, 6
Dist : [0, 0, 0, 0, 0, 0, 0, 0, 0, 0, 0, 0, 0, 0, 0, 0, 0, 0, 5, 5, 5, 999, 999, 4, 5, 999, 999, 999, 999, 0, 999, 0, 999, 0, 999, 0, 999, 0, 999, 0, 999, 0, 999, 0, 999, 0, 999, 0, 999, 0, 999, 0, 999, 0, 999, 0, 999, 0, 999, 0, 999, 0, 999, 0, 999, 999, 999, 999, 999, 999, 999, 999]
time : 0.09 (+0.00 = 0.00 + 0.00)

38th Add (Sname, S, D) : t[20], 98304, 7
Dist : [0, 0, 0, 0, 0, 0, 0, 0, 0, 0, 0, 0, 0, 0, 0, 0, 0, 0, 5, 5, 4, 999, 999, 3, 5, 999, 999, 999, 999, 0, 999, 0, 999, 0, 999, 0, 999, 0, 999, 0, 999, 0, 999, 0, 999, 0, 999, 0, 999, 0, 999, 0, 999, 0, 999, 0, 999, 0, 999, 0, 999, 0, 999, 0, 999, 999, 999, 999, 999, 999, 999, 999]
time : 0.31 (+0.23 = 0.00 + 0.22 + 0.00 + 0.00 + 0.00)

39th Add (Sname, S, D) : t[21], 18432, 6
Dist : [0, 0, 0, 0, 0, 0, 0, 0, 0, 0, 0, 0, 0, 0, 0, 0, 0, 0, 5, 4, 4, 999, 999, 3, 4, 999, 999, 999, 999, 0, 999, 0, 999, 0, 999, 0, 999, 0, 999, 0, 999, 0, 999, 0, 999, 0, 999, 0, 999, 0, 999, 0, 999, 0, 999, 0, 999, 0, 999, 0, 999, 0, 999, 0, 999, 999, 999, 999, 999, 999, 999, 999]
time : 0.59 (+0.27 = 0.00 + 0.27 + 0.00 + 0.00 + 0.00)

40th Add (Sname, S, D) : t[22], 18478, 7
Dist : [0, 0, 0, 0, 0, 0, 0, 0, 0, 0, 0, 0, 0, 0, 0, 0, 0, 0, 5, 3, 4, 999, 999, 3, 3, 999, 999, 999, 999, 0, 999, 0, 999, 0, 999, 0, 999, 0, 999, 0, 999, 0, 999, 0, 999, 0, 999, 0, 999, 0, 999, 0, 999, 0, 999, 0, 999, 0, 999, 0, 999, 0, 999, 0, 999, 999, 999, 999, 999, 999, 999, 999]
time : 0.90 (+0.31 = 0.00 + 0.31 + 0.00 + 0.00 + 0.00)

41th Add (Sname, S, D) : t[23], 26670, 8
Dist : [0, 0, 0, 0, 0, 0, 0, 0, 0, 0, 0, 0, 0, 0, 0, 0, 0, 0, 5, 3, 4, 999, 999, 3, 2, 999, 999, 999, 999, 0, 999, 0, 999, 0, 999, 0, 999, 0, 999, 0, 999, 0, 999, 0, 999, 0, 999, 0, 999, 0, 999, 0, 999, 0, 999, 0, 999, 0, 999, 0, 999, 0, 999, 0, 999, 999, 999, 999, 999, 999, 999, 999]
time : 1.25 (+0.35 = 0.00 + 0.35 + 0.00 + 0.00 + 0.00)

42th Add (Sname, S, D) : t[24], 92206, 9
Dist : [0, 0, 0, 0, 0, 0, 0, 0, 0, 0, 0, 0, 0, 0, 0, 0, 0, 0, 5, 3, 4, 999, 999, 3, 1, 999, 999, 999, 999, 0, 999, 0, 999, 0, 999, 0, 999, 0, 999, 0, 999, 0, 999, 0, 999, 0, 999, 0, 999, 0, 999, 0, 999, 0, 999, 0, 999, 0, 999, 0, 999, 0, 999, 0, 999, 999, 999, 999, 999, 999, 999, 999]
time : 1.66 (+0.41 = 0.00 + 0.41 + 0.00 + 0.00 + 0.00)

43th Add (Sname, S, D) : t[25], 92334, 10
Dist : [0, 0, 0, 0, 0, 0, 0, 0, 0, 0, 0, 0, 0, 0, 0, 0, 0, 0, 5, 3, 4, 999, 999, 3, 0, 999, 999, 999, 999, 0, 999, 0, 999, 0, 999, 0, 999, 0, 999, 0, 999, 0, 999, 0, 999, 0, 999, 0, 999, 0, 999, 0, 999, 0, 999, 0, 999, 0, 999, 0, 999, 0, 999, 0, 999, 999, 999, 999, 999, 999, 999, 999]
time : 1.66 (+0.00 = 0.00 + 0.00)

44th Add (Sname, S, D) : t[26], 106496, 8
Dist : [0, 0, 0, 0, 0, 0, 0, 0, 0, 0, 0, 0, 0, 0, 0, 0, 0, 0, 5, 3, 4, 999, 999, 2, 0, 999, 999, 999, 999, 0, 999, 0, 999, 0, 999, 0, 999, 0, 999, 0, 999, 0, 999, 0, 999, 0, 999, 0, 999, 0, 999, 0, 999, 0, 999, 0, 999, 0, 999, 0, 999, 0, 999, 0, 999, 999, 999, 999, 999, 999, 999, 999]
time : 2.20 (+0.54 = 0.00 + 0.53 + 0.00 + 0.00 + 0.00)

45th Add (Sname, S, D) : t[27], 110592, 9
Dist : [0, 0, 0, 0, 0, 0, 0, 0, 0, 0, 0, 0, 0, 0, 0, 0, 0, 0, 5, 2, 4, 999, 999, 1, 0, 999, 999, 999, 999, 0, 999, 0, 999, 0, 999, 0, 999, 0, 999, 0, 999, 0, 999, 0, 999, 0, 999, 0, 999, 0, 999, 0, 999, 0, 999, 0, 999, 0, 999, 0, 999, 0, 999, 0, 999, 999, 999, 999, 999, 999, 999, 999]
time : 2.83 (+0.62 = 0.00 + 0.62 + 0.00 + 0.00 + 0.00)

46th Add (Sname, S, D) : t[28], 110594, 10
Dist : [0, 0, 0, 0, 0, 0, 0, 0, 0, 0, 0, 0, 0, 0, 0, 0, 0, 0, 5, 1, 4, 999, 999, 0, 0, 999, 999, 999, 999, 0, 999, 0, 999, 0, 999, 0, 999, 0, 999, 0, 999, 0, 999, 0, 999, 0, 999, 0, 999, 0, 999, 0, 999, 0, 999, 0, 999, 0, 999, 0, 999, 0, 999, 0, 999, 999, 999, 999, 999, 999, 999, 999]
time : 2.83 (+0.00 = 0.00 + 0.00)

47th Add (Sname, S, D) : t[29], 55468, 11
Dist : [0, 0, 0, 0, 0, 0, 0, 0, 0, 0, 0, 0, 0, 0, 0, 0, 0, 0, 5, 0, 4, 999, 999, 0, 0, 999, 999, 999, 999, 0, 999, 0, 999, 0, 999, 0, 999, 0, 999, 0, 999, 0, 999, 0, 999, 0, 999, 0, 999, 0, 999, 0, 999, 0, 999, 0, 999, 0, 999, 0, 999, 0, 999, 0, 999, 999, 999, 999, 999, 999, 999, 999]
time : 2.83 (+0.00 = 0.00 + 0.00)

48th Add (Sname, S, D) : t[30], 1204, 6
Dist : [0, 0, 0, 0, 0, 0, 0, 0, 0, 0, 0, 0, 0, 0, 0, 0, 0, 0, 5, 0, 3, 999, 999, 0, 0, 999, 999, 999, 999, 0, 999, 0, 999, 0, 999, 0, 999, 0, 999, 0, 999, 0, 999, 0, 999, 0, 999, 0, 999, 0, 999, 0, 999, 0, 999, 0, 999, 0, 999, 0, 999, 0, 999, 0, 999, 999, 999, 999, 999, 999, 999, 999]
time : 3.77 (+0.94 = 0.00 + 0.94 + 0.00 + 0.00 + 0.00)

49th Add (Sname, S, D) : t[31], 532, 6
Dist : [0, 0, 0, 0, 0, 0, 0, 0, 0, 0, 0, 0, 0, 0, 0, 0, 0, 0, 5, 0, 2, 999, 999, 0, 0, 999, 999, 999, 999, 0, 999, 0, 999, 0, 999, 0, 999, 0, 999, 0, 999, 0, 999, 0, 999, 0, 999, 0, 999, 0, 999, 0, 999, 0, 999, 0, 999, 0, 999, 0, 999, 0, 999, 0, 999, 999, 999, 999, 999, 999, 999, 999]
time : 4.92 (+1.15 = 0.00 + 1.14 + 0.00 + 0.00 + 0.00)

50th Add (Sname, S, D) : t[32], 98836, 8
Dist : [0, 0, 0, 0, 0, 0, 0, 0, 0, 0, 0, 0, 0, 0, 0, 0, 0, 0, 5, 0, 1, 999, 999, 0, 0, 999, 999, 999, 999, 0, 999, 0, 999, 0, 999, 0, 999, 0, 999, 0, 999, 0, 999, 0, 999, 0, 999, 0, 999, 0, 999, 0, 999, 0, 999, 0, 999, 0, 999, 0, 999, 0, 999, 0, 999, 999, 999, 999, 999, 999, 999, 999]
time : 6.29 (+1.36 = 0.00 + 1.36 + 0.00 + 0.00 + 0.00)

51th Add (Sname, S, D) : t[33], 100000, 9
Dist : [0, 0, 0, 0, 0, 0, 0, 0, 0, 0, 0, 0, 0, 0, 0, 0, 0, 0, 5, 0, 0, 999, 999, 0, 0, 999, 999, 999, 999, 0, 999, 0, 999, 0, 999, 0, 999, 0, 999, 0, 999, 0, 999, 0, 999, 0, 999, 0, 999, 0, 999, 0, 999, 0, 999, 0, 999, 0, 999, 0, 999, 0, 999, 0, 999, 999, 999, 999, 999, 999, 999, 999]
time : 6.29 (+0.01 = 0.00 + 0.00)

52th Add (Sname, S, D) : t[34], 65792, 6
Dist : [0, 0, 0, 0, 0, 0, 0, 0, 0, 0, 0, 0, 0, 0, 0, 0, 0, 0, 4, 0, 0, 999, 999, 0, 0, 999, 999, 999, 999, 0, 999, 0, 999, 0, 999, 0, 999, 0, 999, 0, 999, 0, 999, 0, 999, 0, 999, 0, 999, 0, 999, 0, 999, 0, 999, 0, 999, 0, 999, 0, 999, 0, 999, 0, 999, 999, 999, 999, 999, 999, 999, 999]
time : 8.11 (+1.82 = 0.00 + 1.81 + 0.00 + 0.00 + 0.01)

53th Add (Sname, S, D) : t[35], 98974, 9
Dist : [0, 0, 0, 0, 0, 0, 0, 0, 0, 0, 0, 0, 0, 0, 0, 0, 0, 0, 3, 0, 0, 999, 999, 0, 0, 999, 999, 999, 999, 0, 999, 0, 999, 0, 999, 0, 999, 0, 999, 0, 999, 0, 999, 0, 999, 0, 999, 0, 999, 0, 999, 0, 999, 0, 999, 0, 999, 0, 999, 0, 999, 0, 999, 0, 999, 999, 999, 999, 999, 999, 999, 999]
time : 10.19 (+2.08 = 0.00 + 2.08 + 0.00 + 0.00 + 0.01)

54th Add (Sname, S, D) : t[36], 65856, 7
Dist : [0, 0, 0, 0, 0, 0, 0, 0, 0, 0, 0, 0, 0, 0, 0, 0, 0, 0, 2, 0, 0, 999, 999, 0, 0, 999, 999, 999, 999, 0, 999, 0, 999, 0, 999, 0, 999, 0, 999, 0, 999, 0, 999, 0, 999, 0, 999, 0, 999, 0, 999, 0, 999, 0, 999, 0, 999, 0, 999, 0, 999, 0, 999, 0, 999, 999, 999, 999, 999, 999, 999, 999]
time : 12.66 (+2.47 = 0.00 + 2.46 + 0.00 + 0.00 + 0.01)

55th Add (Sname, S, D) : t[37], 33758, 10
Dist : [0, 0, 0, 0, 0, 0, 0, 0, 0, 0, 0, 0, 0, 0, 0, 0, 0, 0, 1, 0, 0, 999, 999, 0, 0, 999, 999, 999, 999, 0, 999, 0, 999, 0, 999, 0, 999, 0, 999, 0, 999, 0, 999, 0, 999, 0, 999, 0, 999, 0, 999, 0, 999, 0, 999, 0, 999, 0, 999, 0, 999, 0, 999, 0, 999, 999, 999, 999, 999, 999, 999, 999]
time : 15.68 (+3.02 = 0.00 + 3.01 + 0.00 + 0.00 + 0.01)

56th Add (Sname, S, D) : t[38], 50142, 11
Dist : [0, 0, 0, 0, 0, 0, 0, 0, 0, 0, 0, 0, 0, 0, 0, 0, 0, 0, 0, 0, 0, 999, 999, 0, 0, 999, 999, 999, 999, 0, 999, 0, 999, 0, 999, 0, 999, 0, 999, 0, 999, 0, 999, 0, 999, 0, 999, 0, 999, 0, 999, 0, 999, 0, 999, 0, 999, 0, 999, 0, 999, 0, 999, 0, 999, 999, 999, 999, 999, 999, 999, 999]
time : 15.69 (+0.01 = 0.00 + 0.01)

57th Add (Sname, S, D) : g[9], 131072, 12
Dist : [0, 0, 0, 0, 0, 0, 0, 0, 0, 0, 0, 0, 0, 0, 0, 0, 0, 0, 0, 0, 0, 1, 2, 0, 0, 999, 999, 999, 999, 0, 999, 0, 999, 0, 999, 0, 999, 0, 999, 0, 999, 0, 999, 0, 999, 0, 999, 0, 999, 0, 999, 0, 999, 0, 999, 0, 999, 0, 999, 0, 999, 0, 999, 0, 999, 999, 999, 999, 999, 999, 999, 999]
time : 15.69 (+0.01 = 0.00 + 0.01)

58th Add (Sname, S, D) : t[39], 223406, 13
Dist : [0, 0, 0, 0, 0, 0, 0, 0, 0, 0, 0, 0, 0, 0, 0, 0, 0, 0, 0, 0, 0, 0, 2, 0, 0, 999, 999, 999, 999, 0, 999, 0, 999, 0, 999, 0, 999, 0, 999, 0, 999, 0, 999, 0, 999, 0, 999, 0, 999, 0, 999, 0, 999, 0, 999, 0, 999, 0, 999, 0, 999, 0, 999, 0, 999, 999, 999, 999, 999, 999, 999, 999]
time : 15.70 (+0.01 = 0.00 + 0.01)

59th Add (Sname, S, D) : g[10], 262144, 14
Dist : [0, 0, 0, 0, 0, 0, 0, 0, 0, 0, 0, 0, 0, 0, 0, 0, 0, 0, 0, 0, 0, 0, 2, 0, 0, 999, 2, 999, 999, 0, 999, 0, 999, 0, 999, 0, 999, 0, 2, 0, 999, 0, 999, 0, 999, 0, 999, 0, 999, 0, 999, 0, 999, 0, 999, 0, 2, 0, 999, 0, 999, 0, 999, 0, 999, 999, 999, 999, 999, 999, 999, 999]
time : 15.71 (+0.01 = 0.00 + 0.01)

60th Add (Sname, S, D) : t[40], 83326, 12
Dist : [0, 0, 0, 0, 0, 0, 0, 0, 0, 0, 0, 0, 0, 0, 0, 0, 0, 0, 0, 0, 0, 0, 1, 0, 0, 999, 1, 999, 999, 0, 999, 0, 999, 0, 999, 0, 999, 0, 1, 0, 999, 0, 999, 0, 999, 0, 999, 0, 999, 0, 999, 0, 999, 0, 999, 0, 1, 0, 999, 0, 999, 0, 999, 0, 999, 999, 999, 999, 999, 999, 999, 999]
time : 20.80 (+5.09 = 0.00 + 5.08 + 0.00 + 0.00 + 0.01)

61th Add (Sname, S, D) : t[41], 214398, 13
Dist : [0, 0, 0, 0, 0, 0, 0, 0, 0, 0, 0, 0, 0, 0, 0, 0, 0, 0, 0, 0, 0, 0, 0, 0, 0, 999, 1, 999, 999, 0, 999, 0, 999, 0, 999, 0, 999, 0, 1, 0, 999, 0, 999, 0, 999, 0, 999, 0, 999, 0, 999, 0, 999, 0, 999, 0, 1, 0, 999, 0, 999, 0, 999, 0, 999, 999, 999, 999, 999, 999, 999, 999]
time : 20.81 (+0.01 = 0.00 + 0.01)

62th Add (Sname, S, D) : g[11], 524288, 14
Dist : [0, 0, 0, 0, 0, 0, 0, 0, 0, 0, 0, 0, 0, 0, 0, 0, 0, 0, 0, 0, 0, 0, 0, 0, 0, 1, 1, 999, 999, 0, 999, 0, 1, 0, 999, 0, 999, 0, 1, 0, 3, 0, 999, 0, 999, 0, 999, 0, 999, 0, 1, 0, 999, 0, 999, 0, 1, 0, 3, 0, 999, 0, 999, 0, 999, 999, 999, 999, 999, 999, 999, 999]
time : 20.82 (+0.01 = 0.00 + 0.01)

63th Add (Sname, S, D) : t[42], 655360, 15
Dist : [0, 0, 0, 0, 0, 0, 0, 0, 0, 0, 0, 0, 0, 0, 0, 0, 0, 0, 0, 0, 0, 0, 0, 0, 0, 0, 1, 999, 999, 0, 999, 0, 1, 0, 999, 0, 999, 0, 1, 0, 3, 0, 999, 0, 999, 0, 999, 0, 999, 0, 1, 0, 999, 0, 999, 0, 1, 0, 3, 0, 999, 0, 999, 0, 999, 999, 999, 999, 999, 999, 999, 999]
time : 20.83 (+0.01 = 0.00 + 0.01)

64th Add (Sname, S, D) : g[12], 1048576, 16
Dist : [0, 0, 0, 0, 0, 0, 0, 0, 0, 0, 0, 0, 0, 0, 0, 0, 0, 0, 0, 0, 0, 0, 0, 0, 0, 0, 1, 1, 1, 0, 2, 0, 1, 0, 999, 0, 999, 0, 1, 0, 3, 0, 999, 0, 999, 0, 1, 0, 2, 0, 1, 0, 999, 0, 999, 0, 1, 0, 3, 0, 999, 0, 999, 0, 999, 999, 999, 999, 999, 999, 999, 999]
time : 20.84 (+0.01 = 0.00 + 0.01)

65th Add (Sname, S, D) : t[43], 345470, 15
Dist : [0, 0, 0, 0, 0, 0, 0, 0, 0, 0, 0, 0, 0, 0, 0, 0, 0, 0, 0, 0, 0, 0, 0, 0, 0, 0, 0, 1, 1, 0, 2, 0, 1, 0, 999, 0, 999, 0, 0, 0, 2, 0, 999, 0, 999, 0, 1, 0, 2, 0, 1, 0, 999, 0, 999, 0, 0, 0, 2, 0, 999, 0, 999, 0, 999, 999, 999, 999, 999, 999, 999, 999]
time : 20.86 (+0.02 = 0.00 + 0.02)

66th Add (Sname, S, D) : g[19], 134217728, 16
Dist : [0, 0, 0, 0, 0, 0, 0, 0, 0, 0, 0, 0, 0, 0, 0, 0, 0, 0, 0, 0, 0, 0, 0, 0, 0, 0, 0, 1, 1, 0, 2, 0, 1, 0, 999, 0, 999, 0, 0, 0, 2, 0, 999, 0, 999, 0, 1, 0, 2, 0, 1, 0, 999, 0, 999, 0, 0, 0, 2, 0, 999, 0, 999, 0, 999, 999, 999, 999, 999, 999, 999, 999]
time : 20.87 (+0.01 = 0.00 + 0.01)

67th Add (Sname, S, D) : g[28], 68719476736, 16
Dist : [0, 0, 0, 0, 0, 0, 0, 0, 0, 0, 0, 0, 0, 0, 0, 0, 0, 0, 0, 0, 0, 0, 0, 0, 0, 0, 0, 1, 1, 0, 2, 0, 1, 0, 999, 0, 999, 0, 0, 0, 2, 0, 999, 0, 999, 0, 1, 0, 2, 0, 1, 0, 999, 0, 999, 0, 0, 0, 2, 0, 999, 0, 999, 0, 999, 999, 999, 999, 999, 999, 999, 999]
time : 20.88 (+0.01 = 0.00 + 0.01)

68th Add (Sname, S, D) : t[44], 1271982, 17
Dist : [0, 0, 0, 0, 0, 0, 0, 0, 0, 0, 0, 0, 0, 0, 0, 0, 0, 0, 0, 0, 0, 0, 0, 0, 0, 0, 0, 0, 1, 0, 2, 0, 1, 0, 999, 0, 999, 0, 0, 0, 2, 0, 999, 0, 999, 0, 1, 0, 2, 0, 1, 0, 999, 0, 999, 0, 0, 0, 2, 0, 999, 0, 999, 0, 999, 999, 999, 999, 999, 999, 999, 999]
time : 20.90 (+0.01 = 0.00 + 0.01)

69th Add (Sname, S, D) : g[13], 2097152, 18
Dist : [0, 0, 0, 0, 0, 0, 0, 0, 0, 0, 0, 0, 0, 0, 0, 0, 0, 0, 0, 0, 0, 0, 0, 0, 0, 0, 0, 0, 1, 0, 2, 0, 1, 0, 2, 0, 1, 0, 0, 0, 2, 0, 4, 0, 4, 0, 1, 0, 2, 0, 1, 0, 2, 0, 1, 0, 0, 0, 2, 0, 4, 0, 4, 0, 999, 999, 999, 999, 999, 999, 999, 999]
time : 20.91 (+0.01 = 0.00 + 0.01)

70th Add (Sname, S, D) : t[45], 1104044, 17
Dist : [0, 0, 0, 0, 0, 0, 0, 0, 0, 0, 0, 0, 0, 0, 0, 0, 0, 0, 0, 0, 0, 0, 0, 0, 0, 0, 0, 0, 0, 0, 2, 0, 1, 0, 2, 0, 1, 0, 0, 0, 2, 0, 3, 0, 4, 0, 0, 0, 2, 0, 1, 0, 2, 0, 1, 0, 0, 0, 2, 0, 3, 0, 4, 0, 999, 999, 999, 999, 999, 999, 999, 999]
time : 20.93 (+0.02 = 0.00 + 0.02)

71th Add (Sname, S, D) : g[14], 4194304, 18
Dist : [0, 0, 0, 0, 0, 0, 0, 0, 0, 0, 0, 0, 0, 0, 0, 0, 0, 0, 0, 0, 0, 0, 0, 0, 0, 0, 0, 0, 0, 0, 2, 0, 1, 0, 2, 0, 1, 0, 0, 0, 2, 0, 3, 0, 4, 0, 0, 0, 2, 0, 1, 0, 2, 0, 1, 0, 0, 0, 2, 0, 3, 0, 4, 0, 999, 999, 999, 999, 999, 999, 999, 999]
time : 20.95 (+0.02 = 0.00 + 0.02)

72th Add (Sname, S, D) : g[23], 2147483648, 18
Dist : [0, 0, 0, 0, 0, 0, 0, 0, 0, 0, 0, 0, 0, 0, 0, 0, 0, 0, 0, 0, 0, 0, 0, 0, 0, 0, 0, 0, 0, 0, 2, 0, 1, 0, 2, 0, 1, 0, 0, 0, 2, 0, 3, 0, 4, 0, 0, 0, 2, 0, 1, 0, 2, 0, 1, 0, 0, 0, 2, 0, 3, 0, 4, 0, 999, 999, 999, 999, 999, 999, 999, 999]
time : 20.98 (+0.03 = 0.00 + 0.03)

73th Add (Sname, S, D) : t[46], 616622, 15
Dist : [0, 0, 0, 0, 0, 0, 0, 0, 0, 0, 0, 0, 0, 0, 0, 0, 0, 0, 0, 0, 0, 0, 0, 0, 0, 0, 0, 0, 0, 0, 1, 0, 0, 0, 2, 0, 1, 0, 0, 0, 1, 0, 3, 0, 3, 0, 0, 0, 1, 0, 0, 0, 2, 0, 1, 0, 0, 0, 1, 0, 3, 0, 3, 0, 999, 999, 999, 999, 999, 999, 999, 999]
time : 21.00 (+0.02 = 0.00 + 0.02)

74th Add (Sname, S, D) : g[16], 16777216, 16
Dist : [0, 0, 0, 0, 0, 0, 0, 0, 0, 0, 0, 0, 0, 0, 0, 0, 0, 0, 0, 0, 0, 0, 0, 0, 0, 0, 0, 0, 0, 0, 1, 0, 0, 0, 2, 0, 1, 0, 0, 0, 1, 0, 3, 0, 3, 0, 0, 0, 1, 0, 0, 0, 2, 0, 1, 0, 0, 0, 1, 0, 3, 0, 3, 0, 999, 999, 999, 999, 999, 999, 999, 999]
time : 21.02 (+0.02 = 0.00 + 0.02)

75th Add (Sname, S, D) : g[25], 8589934592, 16
Dist : [0, 0, 0, 0, 0, 0, 0, 0, 0, 0, 0, 0, 0, 0, 0, 0, 0, 0, 0, 0, 0, 0, 0, 0, 0, 0, 0, 0, 0, 0, 1, 0, 0, 0, 2, 0, 1, 0, 0, 0, 1, 0, 3, 0, 3, 0, 0, 0, 1, 0, 0, 0, 2, 0, 1, 0, 0, 0, 1, 0, 3, 0, 3, 0, 999, 999, 999, 999, 999, 999, 999, 999]
time : 21.04 (+0.02 = 0.00 + 0.02)

76th Add (Sname, S, D) : t[47], 1683458, 18
Dist : [0, 0, 0, 0, 0, 0, 0, 0, 0, 0, 0, 0, 0, 0, 0, 0, 0, 0, 0, 0, 0, 0, 0, 0, 0, 0, 0, 0, 0, 0, 0, 0, 0, 0, 2, 0, 1, 0, 0, 0, 1, 0, 3, 0, 2, 0, 0, 0, 0, 0, 0, 0, 2, 0, 1, 0, 0, 0, 1, 0, 3, 0, 2, 0, 999, 999, 999, 999, 999, 999, 999, 999]
time : 21.07 (+0.03 = 0.00 + 0.03)

77th Add (Sname, S, D) : g[15], 8388608, 19
Dist : [0, 0, 0, 0, 0, 0, 0, 0, 0, 0, 0, 0, 0, 0, 0, 0, 0, 0, 0, 0, 0, 0, 0, 0, 0, 0, 0, 0, 0, 0, 0, 0, 0, 0, 2, 0, 1, 0, 0, 0, 1, 0, 3, 0, 2, 0, 0, 0, 0, 0, 0, 0, 2, 0, 1, 0, 0, 0, 1, 0, 3, 0, 2, 0, 999, 999, 999, 999, 999, 999, 999, 999]
time : 21.09 (+0.02 = 0.00 + 0.02)

78th Add (Sname, S, D) : g[24], 4294967296, 19
Dist : [0, 0, 0, 0, 0, 0, 0, 0, 0, 0, 0, 0, 0, 0, 0, 0, 0, 0, 0, 0, 0, 0, 0, 0, 0, 0, 0, 0, 0, 0, 0, 0, 0, 0, 2, 0, 1, 0, 0, 0, 1, 0, 3, 0, 2, 0, 0, 0, 0, 0, 0, 0, 2, 0, 1, 0, 0, 0, 1, 0, 3, 0, 2, 0, 999, 999, 999, 999, 999, 999, 999, 999]
time : 21.12 (+0.03 = 0.00 + 0.03)

79th Add (Sname, S, D) : t[48], 2197152, 19
Dist : [0, 0, 0, 0, 0, 0, 0, 0, 0, 0, 0, 0, 0, 0, 0, 0, 0, 0, 0, 0, 0, 0, 0, 0, 0, 0, 0, 0, 0, 0, 0, 0, 0, 0, 1, 0, 0, 0, 0, 0, 1, 0, 2, 0, 1, 0, 0, 0, 0, 0, 0, 0, 1, 0, 0, 0, 0, 0, 1, 0, 2, 0, 1, 0, 999, 999, 999, 999, 999, 999, 999, 999]
time : 21.15 (+0.03 = 0.00 + 0.03)

80th Add (Sname, S, D) : g[18], 67108864, 20
Dist : [0, 0, 0, 0, 0, 0, 0, 0, 0, 0, 0, 0, 0, 0, 0, 0, 0, 0, 0, 0, 0, 0, 0, 0, 0, 0, 0, 0, 0, 0, 0, 0, 0, 0, 1, 0, 0, 0, 0, 0, 1, 0, 2, 0, 1, 0, 0, 0, 0, 0, 0, 0, 1, 0, 0, 0, 0, 0, 1, 0, 2, 0, 1, 0, 999, 999, 999, 999, 999, 999, 999, 999]
time : 21.18 (+0.03 = 0.00 + 0.03)

81th Add (Sname, S, D) : g[27], 34359738368, 20
Dist : [0, 0, 0, 0, 0, 0, 0, 0, 0, 0, 0, 0, 0, 0, 0, 0, 0, 0, 0, 0, 0, 0, 0, 0, 0, 0, 0, 0, 0, 0, 0, 0, 0, 0, 1, 0, 0, 0, 0, 0, 1, 0, 2, 0, 1, 0, 0, 0, 0, 0, 0, 0, 1, 0, 0, 0, 0, 0, 1, 0, 2, 0, 1, 0, 999, 999, 999, 999, 999, 999, 999, 999]
time : 21.25 (+0.06 = 0.00 + 0.06)

82th Add (Sname, S, D) : t[49], 2409438, 20
Dist : [0, 0, 0, 0, 0, 0, 0, 0, 0, 0, 0, 0, 0, 0, 0, 0, 0, 0, 0, 0, 0, 0, 0, 0, 0, 0, 0, 0, 0, 0, 0, 0, 0, 0, 0, 0, 0, 0, 0, 0, 1, 0, 1, 0, 1, 0, 0, 0, 0, 0, 0, 0, 0, 0, 0, 0, 0, 0, 1, 0, 1, 0, 1, 0, 999, 999, 999, 999, 999, 999, 999, 999]
time : 21.28 (+0.03 = 0.00 + 0.03)

83th Add (Sname, S, D) : g[17], 33554432, 21
Dist : [0, 0, 0, 0, 0, 0, 0, 0, 0, 0, 0, 0, 0, 0, 0, 0, 0, 0, 0, 0, 0, 0, 0, 0, 0, 0, 0, 0, 0, 0, 0, 0, 0, 0, 0, 0, 0, 0, 0, 0, 1, 0, 1, 0, 1, 0, 0, 0, 0, 0, 0, 0, 0, 0, 0, 0, 0, 0, 1, 0, 1, 0, 1, 0, 999, 999, 999, 999, 999, 999, 999, 999]
time : 21.31 (+0.03 = 0.00 + 0.03)

84th Add (Sname, S, D) : g[26], 17179869184, 21
Dist : [0, 0, 0, 0, 0, 0, 0, 0, 0, 0, 0, 0, 0, 0, 0, 0, 0, 0, 0, 0, 0, 0, 0, 0, 0, 0, 0, 0, 0, 0, 0, 0, 0, 0, 0, 0, 0, 0, 0, 0, 1, 0, 1, 0, 1, 0, 0, 0, 0, 0, 0, 0, 0, 0, 0, 0, 0, 0, 1, 0, 1, 0, 1, 0, 999, 999, 999, 999, 999, 999, 999, 999]
time : 21.34 (+0.04 = 0.00 + 0.04)

85th Add (Sname, S, D) : t[50], 798160, 16
Dist : [0, 0, 0, 0, 0, 0, 0, 0, 0, 0, 0, 0, 0, 0, 0, 0, 0, 0, 0, 0, 0, 0, 0, 0, 0, 0, 0, 0, 0, 0, 0, 0, 0, 0, 0, 0, 0, 0, 0, 0, 0, 0, 1, 0, 1, 0, 0, 0, 0, 0, 0, 0, 0, 0, 0, 0, 0, 0, 0, 0, 1, 0, 1, 0, 999, 999, 999, 999, 999, 999, 999, 999]
time : 21.38 (+0.04 = 0.00 + 0.04)

86th Add (Sname, S, D) : g[20], 268435456, 17
Dist : [0, 0, 0, 0, 0, 0, 0, 0, 0, 0, 0, 0, 0, 0, 0, 0, 0, 0, 0, 0, 0, 0, 0, 0, 0, 0, 0, 0, 0, 0, 0, 0, 0, 0, 0, 0, 0, 0, 0, 0, 0, 0, 1, 0, 1, 0, 0, 0, 0, 0, 0, 0, 0, 0, 0, 0, 0, 0, 0, 0, 1, 0, 1, 0, 999, 999, 999, 999, 999, 999, 999, 999]
time : 21.42 (+0.04 = 0.00 + 0.04)

87th Add (Sname, S, D) : g[29], 137438953472, 17
Dist : [0, 0, 0, 0, 0, 0, 0, 0, 0, 0, 0, 0, 0, 0, 0, 0, 0, 0, 0, 0, 0, 0, 0, 0, 0, 0, 0, 0, 0, 0, 0, 0, 0, 0, 0, 0, 0, 0, 0, 0, 0, 0, 1, 0, 1, 0, 0, 0, 0, 0, 0, 0, 0, 0, 0, 0, 0, 0, 0, 0, 1, 0, 1, 0, 999, 999, 999, 999, 999, 999, 999, 999]
time : 21.47 (+0.04 = 0.00 + 0.04)

88th Add (Sname, S, D) : t[51], 3414898, 21
Dist : [0, 0, 0, 0, 0, 0, 0, 0, 0, 0, 0, 0, 0, 0, 0, 0, 0, 0, 0, 0, 0, 0, 0, 0, 0, 0, 0, 0, 0, 0, 0, 0, 0, 0, 0, 0, 0, 0, 0, 0, 0, 0, 0, 0, 1, 0, 0, 0, 0, 0, 0, 0, 0, 0, 0, 0, 0, 0, 0, 0, 0, 0, 1, 0, 999, 999, 999, 999, 999, 999, 999, 999]
time : 21.51 (+0.05 = 0.00 + 0.05)

89th Add (Sname, S, D) : g[21], 536870912, 22
Dist : [0, 0, 0, 0, 0, 0, 0, 0, 0, 0, 0, 0, 0, 0, 0, 0, 0, 0, 0, 0, 0, 0, 0, 0, 0, 0, 0, 0, 0, 0, 0, 0, 0, 0, 0, 0, 0, 0, 0, 0, 0, 0, 0, 0, 1, 0, 0, 0, 0, 0, 0, 0, 0, 0, 0, 0, 0, 0, 0, 0, 0, 0, 1, 0, 999, 999, 999, 999, 999, 999, 999, 999]
time : 21.56 (+0.05 = 0.00 + 0.05)

90th Add (Sname, S, D) : g[30], 274877906944, 22
Dist : [0, 0, 0, 0, 0, 0, 0, 0, 0, 0, 0, 0, 0, 0, 0, 0, 0, 0, 0, 0, 0, 0, 0, 0, 0, 0, 0, 0, 0, 0, 0, 0, 0, 0, 0, 0, 0, 0, 0, 0, 0, 0, 0, 0, 1, 0, 0, 0, 0, 0, 0, 0, 0, 0, 0, 0, 0, 0, 0, 0, 0, 0, 1, 0, 7, 999, 999, 7, 7, 999, 7, 7]
time : 27.95 (+6.39 = 0.00 + 6.39)

91th Add (Sname, S, D) : t[52], 3684002, 20
Dist : [0, 0, 0, 0, 0, 0, 0, 0, 0, 0, 0, 0, 0, 0, 0, 0, 0, 0, 0, 0, 0, 0, 0, 0, 0, 0, 0, 0, 0, 0, 0, 0, 0, 0, 0, 0, 0, 0, 0, 0, 0, 0, 0, 0, 0, 0, 0, 0, 0, 0, 0, 0, 0, 0, 0, 0, 0, 0, 0, 0, 0, 0, 0, 0, 7, 999, 999, 7, 7, 999, 7, 7]
time : 28.30 (+0.36 = 0.00 + 0.35)

92th Add (Sname, S, D) : g[22], 1073741824, 21
Dist : [0, 0, 0, 0, 0, 0, 0, 0, 0, 0, 0, 0, 0, 0, 0, 0, 0, 0, 0, 0, 0, 0, 0, 0, 0, 0, 0, 0, 0, 0, 0, 0, 0, 0, 0, 0, 0, 0, 0, 0, 0, 0, 0, 0, 0, 0, 0, 0, 0, 0, 0, 0, 0, 0, 0, 0, 0, 0, 0, 0, 0, 0, 0, 0, 7, 7, 999, 7, 7, 999, 7, 7]
time : 31.41 (+3.10 = 0.00 + 3.10)

93th Add (Sname, S, D) : g[31], 549755813888, 21
Dist : [0, 0, 0, 0, 0, 0, 0, 0, 0, 0, 0, 0, 0, 0, 0, 0, 0, 0, 0, 0, 0, 0, 0, 0, 0, 0, 0, 0, 0, 0, 0, 0, 0, 0, 0, 0, 0, 0, 0, 0, 0, 0, 0, 0, 0, 0, 0, 0, 0, 0, 0, 0, 0, 0, 0, 0, 0, 0, 0, 0, 0, 0, 0, 0, 7, 7, 999, 7, 7, 7, 7, 7]
time : 34.46 (+3.05 = 0.00 + 3.05)

94th Add (Sname, S, D) : t[53], 412316860416, 23
Dist : [0, 0, 0, 0, 0, 0, 0, 0, 0, 0, 0, 0, 0, 0, 0, 0, 0, 0, 0, 0, 0, 0, 0, 0, 0, 0, 0, 0, 0, 0, 0, 0, 0, 0, 0, 0, 0, 0, 0, 0, 0, 0, 0, 0, 0, 0, 0, 0, 0, 0, 0, 0, 0, 0, 0, 0, 0, 0, 0, 0, 0, 0, 0, 0, 6, 6, 999, 6, 6, 7, 6, 6]
time : 1873.55 (+1839.09 = 0.01 + 1836.84 + 0.00 + 0.00 + 2.24)

95th Add (Sname, S, D) : t[54], 412383969280, 24
Dist : [0, 0, 0, 0, 0, 0, 0, 0, 0, 0, 0, 0, 0, 0, 0, 0, 0, 0, 0, 0, 0, 0, 0, 0, 0, 0, 0, 0, 0, 0, 0, 0, 0, 0, 0, 0, 0, 0, 0, 0, 0, 0, 0, 0, 0, 0, 0, 0, 0, 0, 0, 0, 0, 0, 0, 0, 0, 0, 0, 0, 0, 0, 0, 0, 6, 5, 999, 5, 5, 7, 6, 5]
time : 2336.78 (+463.23 = 0.01 + 461.35 + 0.00 + 0.00 + 1.88)

96th Add (Sname, S, D) : t[55], 6442450944, 20
Dist : [0, 0, 0, 0, 0, 0, 0, 0, 0, 0, 0, 0, 0, 0, 0, 0, 0, 0, 0, 0, 0, 0, 0, 0, 0, 0, 0, 0, 0, 0, 0, 0, 0, 0, 0, 0, 0, 0, 0, 0, 0, 0, 0, 0, 0, 0, 0, 0, 0, 0, 0, 0, 0, 0, 0, 0, 0, 0, 0, 0, 0, 0, 0, 0, 6, 5, 999, 4, 4, 7, 5, 4]
time : 2789.54 (+452.75 = 0.01 + 450.76 + 0.00 + 0.00 + 1.98)

97th Add (Sname, S, D) : t[56], 418826420224, 25
Dist : [0, 0, 0, 0, 0, 0, 0, 0, 0, 0, 0, 0, 0, 0, 0, 0, 0, 0, 0, 0, 0, 0, 0, 0, 0, 0, 0, 0, 0, 0, 0, 0, 0, 0, 0, 0, 0, 0, 0, 0, 0, 0, 0, 0, 0, 0, 0, 0, 0, 0, 0, 0, 0, 0, 0, 0, 0, 0, 0, 0, 0, 0, 0, 0, 6, 5, 999, 3, 3, 7, 5, 3]
time : 3257.84 (+468.30 = 0.01 + 466.29 + 0.00 + 0.00 + 2.01)

98th Add (Sname, S, D) : t[57], 805306368, 23
Dist : [0, 0, 0, 0, 0, 0, 0, 0, 0, 0, 0, 0, 0, 0, 0, 0, 0, 0, 0, 0, 0, 0, 0, 0, 0, 0, 0, 0, 0, 0, 0, 0, 0, 0, 0, 0, 0, 0, 0, 0, 0, 0, 0, 0, 0, 0, 0, 0, 0, 0, 0, 0, 0, 0, 0, 0, 0, 0, 0, 0, 0, 0, 0, 0, 6, 5, 999, 3, 3, 7, 4, 2]
time : 3739.29 (+481.46 = 0.01 + 479.37 + 0.00 + 0.00 + 2.08)

99th Add (Sname, S, D) : t[58], 12582912, 20
Dist : [0, 0, 0, 0, 0, 0, 0, 0, 0, 0, 0, 0, 0, 0, 0, 0, 0, 0, 0, 0, 0, 0, 0, 0, 0, 0, 0, 0, 0, 0, 0, 0, 0, 0, 0, 0, 0, 0, 0, 0, 0, 0, 0, 0, 0, 0, 0, 0, 0, 0, 0, 0, 0, 0, 0, 0, 0, 0, 0, 0, 0, 0, 0, 0, 6, 5, 999, 3, 2, 7, 3, 2]
time : 4248.24 (+508.95 = 0.01 + 506.78 + 0.00 + 0.00 + 2.17)

100th Add (Sname, S, D) : t[59], 150994944, 17
Dist : [0, 0, 0, 0, 0, 0, 0, 0, 0, 0, 0, 0, 0, 0, 0, 0, 0, 0, 0, 0, 0, 0, 0, 0, 0, 0, 0, 0, 0, 0, 0, 0, 0, 0, 0, 0, 0, 0, 0, 0, 0, 0, 0, 0, 0, 0, 0, 0, 0, 0, 0, 0, 0, 0, 0, 0, 0, 0, 0, 0, 0, 0, 0, 0, 5, 5, 999, 2, 2, 7, 3, 2]
time : 4783.94 (+535.70 = 0.01 + 533.42 + 0.00 + 0.00 + 2.27)

101th Add (Sname, S, D) : t[60], 51539607552, 22
Dist : [0, 0, 0, 0, 0, 0, 0, 0, 0, 0, 0, 0, 0, 0, 0, 0, 0, 0, 0, 0, 0, 0, 0, 0, 0, 0, 0, 0, 0, 0, 0, 0, 0, 0, 0, 0, 0, 0, 0, 0, 0, 0, 0, 0, 0, 0, 0, 0, 0, 0, 0, 0, 0, 0, 0, 0, 0, 0, 0, 0, 0, 0, 0, 0, 4, 4, 999, 2, 2, 7, 3, 2]
time : 5337.03 (+553.09 = 0.01 + 550.72 + 0.00 + 0.00 + 2.36)

102th Add (Sname, S, D) : t[61], 46137344, 22
Dist : [0, 0, 0, 0, 0, 0, 0, 0, 0, 0, 0, 0, 0, 0, 0, 0, 0, 0, 0, 0, 0, 0, 0, 0, 0, 0, 0, 0, 0, 0, 0, 0, 0, 0, 0, 0, 0, 0, 0, 0, 0, 0, 0, 0, 0, 0, 0, 0, 0, 0, 0, 0, 0, 0, 0, 0, 0, 0, 0, 0, 0, 0, 0, 0, 4, 4, 999, 2, 1, 7, 3, 2]
time : 5924.09 (+587.06 = 0.01 + 584.59 + 0.00 + 0.00 + 2.46)

103th Add (Sname, S, D) : t[62], 418872557568, 26
Dist : [0, 0, 0, 0, 0, 0, 0, 0, 0, 0, 0, 0, 0, 0, 0, 0, 0, 0, 0, 0, 0, 0, 0, 0, 0, 0, 0, 0, 0, 0, 0, 0, 0, 0, 0, 0, 0, 0, 0, 0, 0, 0, 0, 0, 0, 0, 0, 0, 0, 0, 0, 0, 0, 0, 0, 0, 0, 0, 0, 0, 0, 0, 0, 0, 4, 4, 999, 2, 0, 7, 3, 2]
time : 5926.70 (+2.60 = 0.00 + 2.60)

104th Add (Sname, S, D) : t[63], 159383552, 20
Dist : [0, 0, 0, 0, 0, 0, 0, 0, 0, 0, 0, 0, 0, 0, 0, 0, 0, 0, 0, 0, 0, 0, 0, 0, 0, 0, 0, 0, 0, 0, 0, 0, 0, 0, 0, 0, 0, 0, 0, 0, 0, 0, 0, 0, 0, 0, 0, 0, 0, 0, 0, 0, 0, 0, 0, 0, 0, 0, 0, 0, 0, 0, 0, 0, 3, 4, 999, 1, 0, 7, 3, 2]
time : 6563.44 (+636.75 = 0.01 + 633.96 + 0.00 + 0.00 + 2.78)

105th Add (Sname, S, D) : t[64], 418985803776, 26
Dist : [0, 0, 0, 0, 0, 0, 0, 0, 0, 0, 0, 0, 0, 0, 0, 0, 0, 0, 0, 0, 0, 0, 0, 0, 0, 0, 0, 0, 0, 0, 0, 0, 0, 0, 0, 0, 0, 0, 0, 0, 0, 0, 0, 0, 0, 0, 0, 0, 0, 0, 0, 0, 0, 0, 0, 0, 0, 0, 0, 0, 0, 0, 0, 0, 3, 4, 999, 0, 0, 7, 3, 2]
time : 6566.32 (+2.88 = 0.00 + 2.87)

106th Add (Sname, S, D) : t[65], 838860800, 24
Dist : [0, 0, 0, 0, 0, 0, 0, 0, 0, 0, 0, 0, 0, 0, 0, 0, 0, 0, 0, 0, 0, 0, 0, 0, 0, 0, 0, 0, 0, 0, 0, 0, 0, 0, 0, 0, 0, 0, 0, 0, 0, 0, 0, 0, 0, 0, 0, 0, 0, 0, 0, 0, 0, 0, 0, 0, 0, 0, 0, 0, 0, 0, 0, 0, 3, 4, 999, 0, 0, 7, 3, 1]
time : 7254.30 (+687.99 = 0.01 + 684.96 + 0.00 + 0.00 + 3.02)

107th Add (Sname, S, D) : t[66], 419665281024, 26
Dist : [0, 0, 0, 0, 0, 0, 0, 0, 0, 0, 0, 0, 0, 0, 0, 0, 0, 0, 0, 0, 0, 0, 0, 0, 0, 0, 0, 0, 0, 0, 0, 0, 0, 0, 0, 0, 0, 0, 0, 0, 0, 0, 0, 0, 0, 0, 0, 0, 0, 0, 0, 0, 0, 0, 0, 0, 0, 0, 0, 0, 0, 0, 0, 0, 3, 4, 999, 0, 0, 7, 3, 0]
time : 7257.23 (+2.92 = 0.00 + 2.92)

108th Add (Sname, S, D) : t[67], 412362997760, 24
Dist : [0, 0, 0, 0, 0, 0, 0, 0, 0, 0, 0, 0, 0, 0, 0, 0, 0, 0, 0, 0, 0, 0, 0, 0, 0, 0, 0, 0, 0, 0, 0, 0, 0, 0, 0, 0, 0, 0, 0, 0, 0, 0, 0, 0, 0, 0, 0, 0, 0, 0, 0, 0, 0, 0, 0, 0, 0, 0, 0, 0, 0, 0, 0, 0, 2, 4, 999, 0, 0, 7, 2, 0]
time : 8004.71 (+747.48 = 0.01 + 744.66 + 0.00 + 0.00 + 2.81)

109th Add (Sname, S, D) : t[68], 413134749696, 25
Dist : [0, 0, 0, 0, 0, 0, 0, 0, 0, 0, 0, 0, 0, 0, 0, 0, 0, 0, 0, 0, 0, 0, 0, 0, 0, 0, 0, 0, 0, 0, 0, 0, 0, 0, 0, 0, 0, 0, 0, 0, 0, 0, 0, 0, 0, 0, 0, 0, 0, 0, 0, 0, 0, 0, 0, 0, 0, 0, 0, 0, 0, 0, 0, 0, 2, 4, 999, 0, 0, 7, 1, 0]
time : 8791.40 (+786.69 = 0.01 + 783.76 + 0.00 + 0.00 + 2.92)

110th Add (Sname, S, D) : t[69], 419577200640, 26
Dist : [0, 0, 0, 0, 0, 0, 0, 0, 0, 0, 0, 0, 0, 0, 0, 0, 0, 0, 0, 0, 0, 0, 0, 0, 0, 0, 0, 0, 0, 0, 0, 0, 0, 0, 0, 0, 0, 0, 0, 0, 0, 0, 0, 0, 0, 0, 0, 0, 0, 0, 0, 0, 0, 0, 0, 0, 0, 0, 0, 0, 0, 0, 0, 0, 2, 4, 999, 0, 0, 7, 0, 0]
time : 8794.44 (+3.04 = 0.00 + 3.04)

111th Add (Sname, S, D) : t[70], 463902605312, 25
Dist : [0, 0, 0, 0, 0, 0, 0, 0, 0, 0, 0, 0, 0, 0, 0, 0, 0, 0, 0, 0, 0, 0, 0, 0, 0, 0, 0, 0, 0, 0, 0, 0, 0, 0, 0, 0, 0, 0, 0, 0, 0, 0, 0, 0, 0, 0, 0, 0, 0, 0, 0, 0, 0, 0, 0, 0, 0, 0, 0, 0, 0, 0, 0, 0, 1, 4, 999, 0, 0, 7, 0, 0]
time : 9622.29 (+827.85 = 0.01 + 824.77 + 0.00 + 0.00 + 3.08)

112th Add (Sname, S, D) : t[71], 464045211648, 26
Dist : [0, 0, 0, 0, 0, 0, 0, 0, 0, 0, 0, 0, 0, 0, 0, 0, 0, 0, 0, 0, 0, 0, 0, 0, 0, 0, 0, 0, 0, 0, 0, 0, 0, 0, 0, 0, 0, 0, 0, 0, 0, 0, 0, 0, 0, 0, 0, 0, 0, 0, 0, 0, 0, 0, 0, 0, 0, 0, 0, 0, 0, 0, 0, 0, 0, 4, 999, 0, 0, 7, 0, 0]
time : 9625.59 (+3.30 = 0.00 + 3.30)

113th Add (Sname, S, D) : t[72], 413457711104, 25
Dist : [0, 0, 0, 0, 0, 0, 0, 0, 0, 0, 0, 0, 0, 0, 0, 0, 0, 0, 0, 0, 0, 0, 0, 0, 0, 0, 0, 0, 0, 0, 0, 0, 0, 0, 0, 0, 0, 0, 0, 0, 0, 0, 0, 0, 0, 0, 0, 0, 0, 0, 0, 0, 0, 0, 0, 0, 0, 0, 0, 0, 0, 0, 0, 0, 0, 3, 999, 0, 0, 7, 0, 0]
time : 10520.41 (+894.82 = 0.01 + 891.46 + 0.00 + 0.00 + 3.36)

114th Add (Sname, S, D) : t[73], 671088640, 23
Dist : [0, 0, 0, 0, 0, 0, 0, 0, 0, 0, 0, 0, 0, 0, 0, 0, 0, 0, 0, 0, 0, 0, 0, 0, 0, 0, 0, 0, 0, 0, 0, 0, 0, 0, 0, 0, 0, 0, 0, 0, 0, 0, 0, 0, 0, 0, 0, 0, 0, 0, 0, 0, 0, 0, 0, 0, 0, 0, 0, 0, 0, 0, 0, 0, 0, 2, 7, 0, 0, 7, 0, 0]
time : 11431.51 (+911.10 = 0.01 + 907.72 + 0.00 + 0.00 + 3.37)

115th Add (Sname, S, D) : t[74], 68878860288, 21
Dist : [0, 0, 0, 0, 0, 0, 0, 0, 0, 0, 0, 0, 0, 0, 0, 0, 0, 0, 0, 0, 0, 0, 0, 0, 0, 0, 0, 0, 0, 0, 0, 0, 0, 0, 0, 0, 0, 0, 0, 0, 0, 0, 0, 0, 0, 0, 0, 0, 0, 0, 0, 0, 0, 0, 0, 0, 0, 0, 0, 0, 0, 0, 0, 0, 0, 2, 6, 0, 0, 6, 0, 0]
time : 12922.88 (+1491.37 = 0.01 + 1490.90 + 0.00 + 0.00 + 0.45)

116th Add (Sname, S, D) : t[75], 17850957824, 24
Dist : [0, 0, 0, 0, 0, 0, 0, 0, 0, 0, 0, 0, 0, 0, 0, 0, 0, 0, 0, 0, 0, 0, 0, 0, 0, 0, 0, 0, 0, 0, 0, 0, 0, 0, 0, 0, 0, 0, 0, 0, 0, 0, 0, 0, 0, 0, 0, 0, 0, 0, 0, 0, 0, 0, 0, 0, 0, 0, 0, 0, 0, 0, 0, 0, 0, 2, 5, 0, 0, 5, 0, 0]
time : 13401.89 (+479.01 = 0.01 + 478.77 + 0.00 + 0.00 + 0.23)

117th Add (Sname, S, D) : t[76], 52210696192, 24
Dist : [0, 0, 0, 0, 0, 0, 0, 0, 0, 0, 0, 0, 0, 0, 0, 0, 0, 0, 0, 0, 0, 0, 0, 0, 0, 0, 0, 0, 0, 0, 0, 0, 0, 0, 0, 0, 0, 0, 0, 0, 0, 0, 0, 0, 0, 0, 0, 0, 0, 0, 0, 0, 0, 0, 0, 0, 0, 0, 0, 0, 0, 0, 0, 0, 0, 1, 5, 0, 0, 5, 0, 0]
time : 13900.67 (+498.78 = 0.01 + 498.54 + 0.00 + 0.00 + 0.23)

118th Add (Sname, S, D) : t[77], 465668407296, 26
Dist : [0, 0, 0, 0, 0, 0, 0, 0, 0, 0, 0, 0, 0, 0, 0, 0, 0, 0, 0, 0, 0, 0, 0, 0, 0, 0, 0, 0, 0, 0, 0, 0, 0, 0, 0, 0, 0, 0, 0, 0, 0, 0, 0, 0, 0, 0, 0, 0, 0, 0, 0, 0, 0, 0, 0, 0, 0, 0, 0, 0, 0, 0, 0, 0, 0, 0, 5, 0, 0, 5, 0, 0]
time : 13900.90 (+0.23 = 0.00 + 0.23)

119th Add (Sname, S, D) : t[78], 550829555712, 22
Dist : [0, 0, 0, 0, 0, 0, 0, 0, 0, 0, 0, 0, 0, 0, 0, 0, 0, 0, 0, 0, 0, 0, 0, 0, 0, 0, 0, 0, 0, 0, 0, 0, 0, 0, 0, 0, 0, 0, 0, 0, 0, 0, 0, 0, 0, 0, 0, 0, 0, 0, 0, 0, 0, 0, 0, 0, 0, 0, 0, 0, 0, 0, 0, 0, 0, 0, 5, 0, 0, 4, 0, 0]
time : 14442.66 (+541.76 = 0.01 + 541.49 + 0.00 + 0.00 + 0.26)

120th Add (Sname, S, D) : t[79], 619708416000, 23
Dist : [0, 0, 0, 0, 0, 0, 0, 0, 0, 0, 0, 0, 0, 0, 0, 0, 0, 0, 0, 0, 0, 0, 0, 0, 0, 0, 0, 0, 0, 0, 0, 0, 0, 0, 0, 0, 0, 0, 0, 0, 0, 0, 0, 0, 0, 0, 0, 0, 0, 0, 0, 0, 0, 0, 0, 0, 0, 0, 0, 0, 0, 0, 0, 0, 0, 0, 5, 0, 0, 3, 0, 0]
time : 15072.59 (+629.93 = 0.01 + 629.64 + 0.00 + 0.00 + 0.27)

121th Add (Sname, S, D) : t[80], 894586322944, 24
Dist : [0, 0, 0, 0, 0, 0, 0, 0, 0, 0, 0, 0, 0, 0, 0, 0, 0, 0, 0, 0, 0, 0, 0, 0, 0, 0, 0, 0, 0, 0, 0, 0, 0, 0, 0, 0, 0, 0, 0, 0, 0, 0, 0, 0, 0, 0, 0, 0, 0, 0, 0, 0, 0, 0, 0, 0, 0, 0, 0, 0, 0, 0, 0, 0, 0, 0, 5, 0, 0, 2, 0, 0]
time : 15737.09 (+664.50 = 0.01 + 664.20 + 0.00 + 0.00 + 0.29)

122th Add (Sname, S, D) : t[81], 912168845312, 25
Dist : [0, 0, 0, 0, 0, 0, 0, 0, 0, 0, 0, 0, 0, 0, 0, 0, 0, 0, 0, 0, 0, 0, 0, 0, 0, 0, 0, 0, 0, 0, 0, 0, 0, 0, 0, 0, 0, 0, 0, 0, 0, 0, 0, 0, 0, 0, 0, 0, 0, 0, 0, 0, 0, 0, 0, 0, 0, 0, 0, 0, 0, 0, 0, 0, 0, 0, 5, 0, 0, 1, 0, 0]
time : 16434.33 (+697.25 = 0.01 + 696.94 + 0.00 + 0.00 + 0.30)

123th Add (Sname, S, D) : t[82], 774457262080, 26
Dist : [0, 0, 0, 0, 0, 0, 0, 0, 0, 0, 0, 0, 0, 0, 0, 0, 0, 0, 0, 0, 0, 0, 0, 0, 0, 0, 0, 0, 0, 0, 0, 0, 0, 0, 0, 0, 0, 0, 0, 0, 0, 0, 0, 0, 0, 0, 0, 0, 0, 0, 0, 0, 0, 0, 0, 0, 0, 0, 0, 0, 0, 0, 0, 0, 0, 0, 5, 0, 0, 0, 0, 0]
time : 16434.63 (+0.30 = 0.00 + 0.30)

124th Add (Sname, S, D) : t[83], 77468794880, 22
Dist : [0, 0, 0, 0, 0, 0, 0, 0, 0, 0, 0, 0, 0, 0, 0, 0, 0, 0, 0, 0, 0, 0, 0, 0, 0, 0, 0, 0, 0, 0, 0, 0, 0, 0, 0, 0, 0, 0, 0, 0, 0, 0, 0, 0, 0, 0, 0, 0, 0, 0, 0, 0, 0, 0, 0, 0, 0, 0, 0, 0, 0, 0, 0, 0, 0, 0, 4, 0, 0, 0, 0, 0]
time : 17164.03 (+729.40 = 0.01 + 729.08 + 0.00 + 0.00 + 0.31)

125th Add (Sname, S, D) : t[84], 81763762176, 23
Dist : [0, 0, 0, 0, 0, 0, 0, 0, 0, 0, 0, 0, 0, 0, 0, 0, 0, 0, 0, 0, 0, 0, 0, 0, 0, 0, 0, 0, 0, 0, 0, 0, 0, 0, 0, 0, 0, 0, 0, 0, 0, 0, 0, 0, 0, 0, 0, 0, 0, 0, 0, 0, 0, 0, 0, 0, 0, 0, 0, 0, 0, 0, 0, 0, 0, 0, 3, 0, 0, 0, 0, 0]
time : 17890.39 (+726.36 = 0.01 + 726.08 + 0.00 + 0.00 + 0.27)

126th Add (Sname, S, D) : t[85], 81793122304, 24
Dist : [0, 0, 0, 0, 0, 0, 0, 0, 0, 0, 0, 0, 0, 0, 0, 0, 0, 0, 0, 0, 0, 0, 0, 0, 0, 0, 0, 0, 0, 0, 0, 0, 0, 0, 0, 0, 0, 0, 0, 0, 0, 0, 0, 0, 0, 0, 0, 0, 0, 0, 0, 0, 0, 0, 0, 0, 0, 0, 0, 0, 0, 0, 0, 0, 0, 0, 2, 0, 0, 0, 0, 0]
time : 18549.82 (+659.43 = 0.01 + 658.71 + 0.00 + 0.00 + 0.70)

127th Add (Sname, S, D) : t[86], 99375644672, 25
Dist : [0, 0, 0, 0, 0, 0, 0, 0, 0, 0, 0, 0, 0, 0, 0, 0, 0, 0, 0, 0, 0, 0, 0, 0, 0, 0, 0, 0, 0, 0, 0, 0, 0, 0, 0, 0, 0, 0, 0, 0, 0, 0, 0, 0, 0, 0, 0, 0, 0, 0, 0, 0, 0, 0, 0, 0, 0, 0, 0, 0, 0, 0, 0, 0, 0, 0, 1, 0, 0, 0, 0, 0]
time : 19139.71 (+589.89 = 0.01 + 589.67 + 0.00 + 0.00 + 0.21)

128th Add (Sname, S, D) : t[87], 512833355776, 26
Dist : [0, 0, 0, 0, 0, 0, 0, 0, 0, 0, 0, 0, 0, 0, 0, 0, 0, 0, 0, 0, 0, 0, 0, 0, 0, 0, 0, 0, 0, 0, 0, 0, 0, 0, 0, 0, 0, 0, 0, 0, 0, 0, 0, 0, 0, 0, 0, 0, 0, 0, 0, 0, 0, 0, 0, 0, 0, 0, 0, 0, 0, 0, 0, 0, 0, 0, 0, 0, 0, 0, 0, 0]
time : 19139.93 (+0.22 = 0.00 + 0.22)

XOR : 88
Circuit : ['r[5]=x[0]', 'r[33]=x[0]', 't[0]=x[1]^x[7]', 'r[6]=t[0]', 'r[53]=t[0]', 't[1]=x[4]^x[7]', 'r[12]=t[1]', 'r[59]=t[1]', 't[2]=x[2]^x[4]', 'r[14]=t[2]', 'r[61]=t[2]', 't[3]=t[0]^t[2]', 'r[0]=t[3]', 'r[47]=t[3]', 't[4]=x[2]^x[7]', 'r[16]=t[4]', 'r[63]=t[4]', 't[5]=x[3]^t[0]', 't[6]=x[4]^t[5]', 'r[1]=t[6]', 'r[29]=t[6]', 'g[0]=r[0]&r[1]', 't[7]=x[0]^t[6]', 'r[3]=t[7]', 'r[31]=t[7]', 't[8]=x[5]^x[6]', 't[9]=x[0]^t[8]', 'r[9]=t[9]', 'r[37]=t[9]', 't[10]=x[4]^t[9]', 'r[4]=t[10]', 'r[51]=t[10]', 'g[2]=r[4]&r[5]', 't[11]=t[3]^t[10]', 'r[2]=t[11]', 'r[49]=t[11]', 'g[1]=r[2]&r[3]', 't[12]=x[1]^t[9]', 'r[8]=t[12]', 'r[55]=t[12]', 'g[4]=r[8]&r[9]', 't[13]=x[7]^t[9]', 'r[10]=t[13]', 'r[57]=t[13]', 't[14]=t[6]^t[8]', 'r[17]=t[14]', 'r[45]=t[14]', 'g[8]=r[16]&r[17]', 't[15]=t[4]^t[5]', 't[16]=x[5]^t[15]', 'r[7]=t[16]', 'r[35]=t[16]', 'g[3]=r[6]&r[7]', 't[17]=t[9]^t[16]', 'r[11]=t[17]', 'r[39]=t[17]', 'g[5]=r[10]&r[11]', 't[18]=x[6]^t[15]', 'r[13]=t[18]', 'r[41]=t[18]', 'g[6]=r[12]&r[13]', 't[19]=t[6]^t[16]', 'r[15]=t[19]', 'r[43]=t[19]', 'g[7]=r[14]&r[15]', 't[20]=g[8]^g[7]', 't[21]=g[3]^g[6]', 't[22]=t[16]^t[21]', 't[23]=g[5]^t[22]', 't[24]=g[8]^t[23]', 't[25]=x[7]^t[24]', 'r[24]=t[25]', 't[26]=g[5]^t[20]', 't[27]=g[4]^t[26]', 't[28]=x[1]^t[27]', 'r[23]=t[28]', 't[29]=t[25]^t[28]', 'r[19]=t[29]', 't[30]=g[2]^t[19]', 't[31]=t[2]^g[1]', 't[32]=t[20]^t[31]', 't[33]=t[30]^t[32]', 'r[20]=t[33]', 't[34]=g[0]^g[8]', 't[35]=t[5]^t[32]', 't[36]=x[6]^t[34]', 't[37]=t[35]^t[36]', 't[38]=g[6]^t[37]', 'r[18]=t[38]', 'g[9]=r[18]&r[19]', 't[39]=t[25]^g[9]', 'r[21]=t[39]', 'g[10]=r[20]&r[21]', 't[40]=t[33]^t[38]', 't[41]=g[9]^t[40]', 'r[22]=t[41]', 'g[11]=r[22]&r[23]', 't[42]=g[9]^g[11]', 'r[25]=t[42]', 'g[12]=r[24]&r[25]', 't[43]=g[10]^t[40]', 'r[26]=t[43]', 'r[38]=t[43]', 'r[56]=t[43]', 'g[19]=r[38]&r[39]', 'g[28]=r[56]&r[57]', 't[44]=t[39]^g[12]', 'r[27]=t[44]', 'g[13]=r[26]&r[27]', 't[45]=t[29]^g[12]', 'r[28]=t[45]', 'r[46]=t[45]', 'g[14]=r[28]&r[29]', 'g[23]=r[46]&r[47]', 't[46]=t[25]^g[11]', 'r[32]=t[46]', 'r[50]=t[46]', 'g[16]=r[32]&r[33]', 'g[25]=r[50]&r[51]', 't[47]=t[45]^t[46]', 'r[30]=t[47]', 'r[48]=t[47]', 'g[15]=r[30]&r[31]', 'g[24]=r[48]&r[49]', 't[48]=t[33]^g[13]', 'r[36]=t[48]', 'r[54]=t[48]', 'g[18]=r[36]&r[37]', 'g[27]=r[54]&r[55]', 't[49]=t[43]^t[48]', 'r[34]=t[49]', 'r[52]=t[49]', 'g[17]=r[34]&r[35]', 'g[26]=r[52]&r[53]', 't[50]=t[43]^t[46]', 'r[40]=t[50]', 'r[58]=t[50]', 'g[20]=r[40]&r[41]', 'g[29]=r[58]&r[59]', 't[51]=t[45]^t[49]', 'r[42]=t[51]', 'r[60]=t[51]', 'g[21]=r[42]&r[43]', 'g[30]=r[60]&r[61]', 't[52]=t[47]^t[48]', 'r[44]=t[52]', 'r[62]=t[52]', 'g[22]=r[44]&r[45]', 'g[31]=r[62]&r[63]', 't[53]=g[29]^g[30]', 't[54]=g[18]^t[53]', 't[55]=g[23]^g[24]', 't[56]=t[54]^t[55]', 't[57]=g[20]^g[21]', 't[58]=g[14]^g[15]', 't[59]=g[19]^g[16]', 't[60]=g[27]^g[26]', 't[61]=g[17]^t[58]', 't[62]=t[56]^t[61]', 'y[4]=t[62]', 't[63]=g[15]^t[59]', 't[64]=t[56]^t[63]', 'y[3]=t[64]', 't[65]=g[17]^t[57]', 't[66]=t[56]^t[65]', 'y[7]=t[66]', 't[67]=t[53]^t[61]', 't[68]=t[65]^t[67]', 't[69]=t[55]^t[68]', 'y[6]=t[69]^1', 't[70]=t[60]^t[67]', 't[71]=t[63]^t[70]', 'y[0]=t[71]^1', 't[72]=g[22]^t[54]', 't[73]=g[19]^g[21]', 't[74]=g[28]^t[63]', 't[75]=g[26]^t[73]', 't[76]=t[60]^t[73]', 't[77]=t[72]^t[76]', 'y[1]=t[77]^1', 't[78]=g[22]^g[31]', 't[79]=t[74]^t[78]', 't[80]=g[30]^t[79]', 't[81]=t[75]^t[80]', 't[82]=t[68]^t[81]', 'y[5]=t[82]^1', 't[83]=g[25]^t[74]', 't[84]=g[24]^t[83]', 't[85]=t[61]^t[84]', 't[86]=t[75]^t[85]', 't[87]=t[72]^t[86]', 'y[2]=t[87]']