n : 8
m : 8
H : 26
Y : [150, 154, 231, 155, 113, 1, 130, 46, 99, 97, 225, 79, 144, 78, 20, 180, 132, 250, 50142, 55468, 100000, 223406, 214398, 110594, 92334, 655360, 345470, 1271982, 1104044, 154, 1683458, 155, 616622, 1, 2409438, 46, 2197152, 97, 345470, 79, 798160, 78, 3414898, 180, 3684002, 250, 1104044, 150, 1683458, 231, 616622, 113, 2409438, 130, 2197152, 99, 345470, 225, 798160, 144, 3414898, 20, 3684002, 132, 464045211648, 465668407296, 512833355776, 418985803776, 418872557568, 774457262080, 419577200640, 419665281024]
XORs : {'r[0]': ['x[7]', 'x[1]', 'x[4]', 'x[2]'], 'r[1]': ['x[3]', 'x[7]', 'x[1]', 'x[4]'], 'r[2]': ['x[1]', 'x[7]', 'x[2]', 'x[0]', 'x[6]', 'x[5]'], 'r[3]': ['x[0]', 'x[3]', 'x[7]', 'x[1]', 'x[4]'], 'r[4]': ['x[4]', 'x[0]', 'x[6]', 'x[5]'], 'r[5]': ['x[0]'], 'r[6]': ['x[7]', 'x[1]'], 'r[7]': ['x[5]', 'x[3]', 'x[1]', 'x[2]'], 'r[8]': ['x[1]', 'x[0]', 'x[6]', 'x[5]'], 'r[9]': ['x[0]', 'x[6]', 'x[5]'], 'r[10]': ['x[7]', 'x[0]', 'x[6]', 'x[5]'], 'r[11]': ['x[0]', 'x[6]', 'x[3]', 'x[1]', 'x[2]'], 'r[12]': ['x[7]', 'x[4]'], 'r[13]': ['x[6]', 'x[3]', 'x[1]', 'x[2]'], 'r[14]': ['x[4]', 'x[2]'], 'r[15]': ['x[2]', 'x[5]', 'x[7]', 'x[4]'], 'r[16]': ['x[7]', 'x[2]'], 'r[17]': ['x[6]', 'x[5]', 'x[3]', 'x[7]', 'x[1]', 'x[4]'], 'r[18]': ['x[6]', 'g[1]', 'g[0]', 'g[7]', 'g[6]', 'x[3]', 'x[7]', 'x[1]', 'x[4]', 'x[2]'], 'r[19]': ['g[4]', 'g[3]', 'g[7]', 'g[6]', 'x[5]', 'x[3]', 'x[7]', 'x[2]'], 'r[20]': ['g[1]', 'g[7]', 'g[2]', 'g[8]', 'x[5]', 'x[7]'], 'r[21]': ['g[9]', 'g[5]', 'g[3]', 'g[8]', 'g[6]', 'x[5]', 'x[3]', 'x[7]', 'x[1]', 'x[2]'], 'r[22]': ['g[9]', 'g[2]', 'g[0]', 'g[8]', 'g[6]', 'x[6]', 'x[5]', 'x[3]', 'x[1]', 'x[4]', 'x[2]'], 'r[23]': ['g[4]', 'g[7]', 'x[1]', 'g[5]', 'g[8]'], 'r[24]': ['g[5]', 'g[3]', 'g[8]', 'g[6]', 'x[5]', 'x[3]', 'x[7]', 'x[1]', 'x[2]'], 'r[25]': ['g[9]', 'g[11]'], 'r[26]': ['g[10]', 'g[2]', 'g[0]', 'g[8]', 'g[6]', 'x[6]', 'x[5]', 'x[3]', 'x[1]', 'x[4]', 'x[2]'], 'r[27]': ['g[12]', 'g[9]', 'g[5]', 'g[3]', 'g[8]', 'g[6]', 'x[5]', 'x[3]', 'x[7]', 'x[1]', 'x[2]'], 'r[28]': ['g[12]', 'g[4]', 'g[7]', 'g[3]', 'g[6]', 'x[5]', 'x[3]', 'x[7]', 'x[2]'], 'r[29]': ['x[3]', 'x[7]', 'x[1]', 'x[4]'], 'r[30]': ['g[12]', 'g[11]', 'g[4]', 'g[7]', 'g[5]', 'g[8]', 'x[1]'], 'r[31]': ['x[0]', 'x[3]', 'x[7]', 'x[1]', 'x[4]'], 'r[32]': ['g[11]', 'g[5]', 'g[3]', 'g[8]', 'g[6]', 'x[5]', 'x[3]', 'x[7]', 'x[1]', 'x[2]'], 'r[33]': ['x[0]'], 'r[34]': ['g[10]', 'g[13]', 'g[1]', 'g[7]', 'g[0]', 'g[6]', 'x[6]', 'x[3]', 'x[7]', 'x[1]', 'x[4]', 'x[2]'], 'r[35]': ['x[5]', 'x[3]', 'x[1]', 'x[2]'], 'r[36]': ['g[13]', 'g[1]', 'g[7]', 'g[2]', 'g[8]', 'x[5]', 'x[7]'], 'r[37]': ['x[0]', 'x[6]', 'x[5]'], 'r[38]': ['g[10]', 'g[2]', 'g[0]', 'g[8]', 'g[6]', 'x[6]', 'x[5]', 'x[3]', 'x[1]', 'x[4]', 'x[2]'], 'r[39]': ['x[0]', 'x[6]', 'x[3]', 'x[1]', 'x[2]'], 'r[40]': ['g[10]', 'g[11]', 'g[2]', 'g[0]', 'g[5]', 'g[3]', 'x[6]', 'x[7]', 'x[4]'], 'r[41]': ['x[6]', 'x[3]', 'x[1]', 'x[2]'], 'r[42]': ['g[10]', 'g[13]', 'g[12]', 'g[1]', 'g[0]', 'g[4]', 'g[3]', 'x[5]', 'x[6]', 'x[1]', 'x[4]'], 'r[43]': ['x[2]', 'x[5]', 'x[7]', 'x[4]'], 'r[44]': ['g[13]', 'g[12]', 'g[11]', 'g[1]', 'g[2]', 'g[4]', 'g[5]', 'x[5]', 'x[7]', 'x[1]'], 'r[45]': ['x[6]', 'x[5]', 'x[3]', 'x[7]', 'x[1]', 'x[4]'], 'r[46]': ['g[12]', 'g[4]', 'g[7]', 'g[3]', 'g[6]', 'x[5]', 'x[3]', 'x[7]', 'x[2]'], 'r[47]': ['x[7]', 'x[1]', 'x[4]', 'x[2]'], 'r[48]': ['g[12]', 'g[11]', 'g[4]', 'g[7]', 'g[5]', 'g[8]', 'x[1]'], 'r[49]': ['x[1]', 'x[7]', 'x[2]', 'x[0]', 'x[6]', 'x[5]'], 'r[50]': ['g[11]', 'g[5]', 'g[3]', 'g[8]', 'g[6]', 'x[5]', 'x[3]', 'x[7]', 'x[1]', 'x[2]'], 'r[51]': ['x[4]', 'x[0]', 'x[6]', 'x[5]'], 'r[52]': ['g[10]', 'g[13]', 'g[1]', 'g[7]', 'g[0]', 'g[6]', 'x[6]', 'x[3]', 'x[7]', 'x[1]', 'x[4]', 'x[2]'], 'r[53]': ['x[7]', 'x[1]'], 'r[54]': ['g[13]', 'g[1]', 'g[7]', 'g[2]', 'g[8]', 'x[5]', 'x[7]'], 'r[55]': ['x[1]', 'x[0]', 'x[6]', 'x[5]'], 'r[56]': ['g[10]', 'g[2]', 'g[0]', 'g[8]', 'g[6]', 'x[6]', 'x[5]', 'x[3]', 'x[1]', 'x[4]', 'x[2]'], 'r[57]': ['x[7]', 'x[0]', 'x[6]', 'x[5]'], 'r[58]': ['g[10]', 'g[11]', 'g[2]', 'g[0]', 'g[5]', 'g[3]', 'x[6]', 'x[7]', 'x[4]'], 'r[59]': ['x[7]', 'x[4]'], 'r[60]': ['g[10]', 'g[13]', 'g[12]', 'g[1]', 'g[0]', 'g[4]', 'g[3]', 'x[5]', 'x[6]', 'x[1]', 'x[4]'], 'r[61]': ['x[4]', 'x[2]'], 'r[62]': ['g[13]', 'g[12]', 'g[11]', 'g[1]', 'g[2]', 'g[4]', 'g[5]', 'x[5]', 'x[7]', 'x[1]'], 'r[63]': ['x[7]', 'x[2]'], 'y[7]': ['g[17]', 'g[20]', 'g[21]', 'g[23]', 'g[24]', 'g[18]', 'g[29]', 'g[30]'], 'y[1]': ['g[26]', 'g[19]', 'g[27]', 'g[21]', 'g[22]', 'g[18]', 'g[29]', 'g[30]'], 'y[0]': ['g[19]', 'g[27]', 'g[29]', 'g[30]', 'g[16]', 'g[26]', 'g[14]', 'g[17]'], 'y[4]': ['g[14]', 'g[17]', 'g[15]', 'g[23]', 'g[24]', 'g[18]', 'g[29]', 'g[30]'], 'y[3]': ['g[16]', 'g[19]', 'g[15]', 'g[23]', 'g[24]', 'g[18]', 'g[29]', 'g[30]'], 'y[2]': ['g[24]', 'g[25]', 'g[28]', 'g[21]', 'g[22]', 'g[18]', 'g[16]', 'g[26]', 'g[14]', 'g[17]', 'g[29]', 'g[30]'], 'y[6]': ['g[14]', 'g[15]', 'g[20]', 'g[21]', 'g[23]', 'g[24]', 'g[29]', 'g[30]'], 'y[5]': ['g[31]', 'g[28]', 'g[20]', 'g[22]', 'g[16]', 'g[26]', 'g[14]', 'g[29]']}
HY : [12, 12, 11, 11, 13, 0, 1, 12, 11, 11, 14, 14, 1, 10, 1, 9, 1, 11, 14, 14, 18, 18, 16, 16, 18, 18, 20, 20, 22, 12, 20, 11, 19, 0, 22, 12, 22, 11, 20, 14, 20, 10, 22, 9, 22, 11, 22, 12, 20, 11, 19, 13, 22, 1, 22, 11, 20, 14, 20, 1, 22, 1, 22, 1, 26, 26, 26, 26, 26, 26, 26, 26]
sbp_pool_size : 2

Dist : [3, 3, 5, 4, 3, 0, 1, 3, 3, 2, 3, 4, 1, 3, 1, 3, 1, 5, 999, 999, 999, 999, 999, 999, 999, 999, 999, 999, 999, 3, 999, 4, 999, 0, 999, 3, 999, 2, 999, 4, 999, 3, 999, 3, 999, 5, 999, 3, 999, 5, 999, 3, 999, 1, 999, 3, 999, 3, 999, 1, 999, 1, 999, 1, 999, 999, 999, 999, 999, 999, 999, 999]
time : 0.02 (+0.02)

9th Add (Sname, S, D) : t[0], 130, 1
Dist : [2, 2, 4, 3, 3, 0, 0, 3, 3, 2, 3, 4, 1, 3, 1, 3, 1, 4, 999, 999, 999, 999, 999, 999, 999, 999, 999, 999, 999, 2, 999, 3, 999, 0, 999, 3, 999, 2, 999, 4, 999, 3, 999, 3, 999, 4, 999, 2, 999, 4, 999, 3, 999, 0, 999, 3, 999, 3, 999, 1, 999, 1, 999, 1, 999, 999, 999, 999, 999, 999, 999, 999]
time : 0.02 (+0.02 = 0.00 + 0.00)

10th Add (Sname, S, D) : t[1], 144, 1
Dist : [2, 2, 4, 3, 3, 0, 0, 3, 3, 2, 3, 4, 0, 3, 1, 2, 1, 4, 999, 999, 999, 999, 999, 999, 999, 999, 999, 999, 999, 2, 999, 3, 999, 0, 999, 3, 999, 2, 999, 4, 999, 3, 999, 2, 999, 4, 999, 2, 999, 4, 999, 3, 999, 0, 999, 3, 999, 3, 999, 0, 999, 1, 999, 1, 999, 999, 999, 999, 999, 999, 999, 999]
time : 0.02 (+0.00 = 0.00 + 0.00)

11th Add (Sname, S, D) : t[2], 20, 1
Dist : [1, 2, 4, 3, 3, 0, 0, 3, 3, 2, 3, 4, 0, 3, 0, 2, 1, 4, 999, 999, 999, 999, 999, 999, 999, 999, 999, 999, 999, 2, 999, 3, 999, 0, 999, 3, 999, 2, 999, 4, 999, 3, 999, 2, 999, 4, 999, 1, 999, 4, 999, 3, 999, 0, 999, 3, 999, 3, 999, 0, 999, 0, 999, 1, 999, 999, 999, 999, 999, 999, 999, 999]
time : 0.02 (+0.00 = 0.00 + 0.00)

12th Add (Sname, S, D) : t[3], 150, 2
Dist : [0, 2, 4, 3, 3, 0, 0, 3, 3, 2, 3, 4, 0, 3, 0, 2, 1, 4, 999, 999, 999, 999, 999, 999, 999, 999, 999, 999, 999, 2, 999, 3, 999, 0, 999, 3, 999, 2, 999, 4, 999, 3, 999, 2, 999, 4, 999, 0, 999, 4, 999, 3, 999, 0, 999, 3, 999, 3, 999, 0, 999, 0, 999, 1, 999, 999, 999, 999, 999, 999, 999, 999]
time : 0.02 (+0.00 = 0.00 + 0.00)

13th Add (Sname, S, D) : t[4], 132, 1
Dist : [0, 2, 4, 3, 3, 0, 0, 3, 3, 2, 3, 4, 0, 3, 0, 2, 0, 4, 999, 999, 999, 999, 999, 999, 999, 999, 999, 999, 999, 2, 999, 3, 999, 0, 999, 3, 999, 2, 999, 4, 999, 3, 999, 2, 999, 4, 999, 0, 999, 4, 999, 3, 999, 0, 999, 3, 999, 3, 999, 0, 999, 0, 999, 0, 999, 999, 999, 999, 999, 999, 999, 999]
time : 0.02 (+0.00 = 0.00 + 0.00)

14th Add (Sname, S, D) : t[5], 96, 1
Dist : [0, 2, 3, 3, 2, 0, 0, 3, 2, 1, 2, 4, 0, 3, 0, 2, 0, 3, 999, 999, 999, 999, 999, 999, 999, 999, 999, 999, 999, 2, 999, 3, 999, 0, 999, 3, 999, 1, 999, 4, 999, 3, 999, 2, 999, 3, 999, 0, 999, 3, 999, 2, 999, 0, 999, 2, 999, 2, 999, 0, 999, 0, 999, 0, 999, 999, 999, 999, 999, 999, 999, 999]
time : 0.02 (+0.00 = 0.00 + 0.00 + 0.00 + 0.00 + 0.00)

15th Add (Sname, S, D) : t[6], 97, 2
Dist : [0, 2, 2, 3, 1, 0, 0, 3, 1, 0, 1, 4, 0, 3, 0, 2, 0, 3, 999, 999, 999, 999, 999, 999, 999, 999, 999, 999, 999, 2, 999, 3, 999, 0, 999, 3, 999, 0, 999, 4, 999, 3, 999, 2, 999, 3, 999, 0, 999, 2, 999, 1, 999, 0, 999, 1, 999, 1, 999, 0, 999, 0, 999, 0, 999, 999, 999, 999, 999, 999, 999, 999]
time : 0.02 (+0.00 = 0.00 + 0.00)

16th Add (Sname, S, D) : t[7], 113, 3
Dist : [0, 2, 1, 3, 0, 0, 0, 3, 1, 0, 1, 4, 0, 3, 0, 2, 0, 3, 999, 999, 999, 999, 999, 999, 999, 999, 999, 999, 999, 2, 999, 3, 999, 0, 999, 3, 999, 0, 999, 4, 999, 3, 999, 2, 999, 3, 999, 0, 999, 1, 999, 0, 999, 0, 999, 1, 999, 1, 999, 0, 999, 0, 999, 0, 999, 999, 999, 999, 999, 999, 999, 999]
time : 0.02 (+0.00 = 0.00 + 0.00)

17th Add (Sname, S, D) : g[2], 1024, 4
Dist : [0, 2, 1, 3, 0, 0, 0, 3, 1, 0, 1, 4, 0, 3, 0, 2, 0, 3, 999, 999, 999, 999, 999, 999, 999, 999, 999, 999, 999, 2, 999, 3, 999, 0, 999, 3, 999, 0, 999, 4, 999, 3, 999, 2, 999, 3, 999, 0, 999, 1, 999, 0, 999, 0, 999, 1, 999, 1, 999, 0, 999, 0, 999, 0, 999, 999, 999, 999, 999, 999, 999, 999]
time : 0.02 (+0.00 = 0.00 + 0.00)

18th Add (Sname, S, D) : t[8], 231, 4
Dist : [0, 2, 0, 3, 0, 0, 0, 3, 1, 0, 1, 3, 0, 3, 0, 2, 0, 3, 999, 999, 999, 999, 999, 999, 999, 999, 999, 999, 999, 2, 999, 3, 999, 0, 999, 3, 999, 0, 999, 3, 999, 3, 999, 2, 999, 3, 999, 0, 999, 0, 999, 0, 999, 0, 999, 1, 999, 1, 999, 0, 999, 0, 999, 0, 999, 999, 999, 999, 999, 999, 999, 999]
time : 0.02 (+0.00 = 0.00 + 0.00)

19th Add (Sname, S, D) : t[9], 99, 3
Dist : [0, 2, 0, 3, 0, 0, 0, 3, 0, 0, 1, 3, 0, 3, 0, 2, 0, 3, 999, 999, 999, 999, 999, 999, 999, 999, 999, 999, 999, 2, 999, 3, 999, 0, 999, 3, 999, 0, 999, 3, 999, 3, 999, 2, 999, 3, 999, 0, 999, 0, 999, 0, 999, 0, 999, 0, 999, 1, 999, 0, 999, 0, 999, 0, 999, 999, 999, 999, 999, 999, 999, 999]
time : 0.02 (+0.00 = 0.00 + 0.00)

20th Add (Sname, S, D) : g[4], 4096, 4
Dist : [0, 2, 0, 3, 0, 0, 0, 3, 0, 0, 1, 3, 0, 3, 0, 2, 0, 3, 999, 999, 999, 999, 999, 999, 999, 999, 999, 999, 999, 2, 999, 3, 999, 0, 999, 3, 999, 0, 999, 3, 999, 3, 999, 2, 999, 3, 999, 0, 999, 0, 999, 0, 999, 0, 999, 0, 999, 1, 999, 0, 999, 0, 999, 0, 999, 999, 999, 999, 999, 999, 999, 999]
time : 0.02 (+0.00 = 0.00 + 0.00)

21th Add (Sname, S, D) : t[10], 225, 3
Dist : [0, 2, 0, 3, 0, 0, 0, 3, 0, 0, 0, 3, 0, 3, 0, 2, 0, 3, 999, 999, 999, 999, 999, 999, 999, 999, 999, 999, 999, 2, 999, 3, 999, 0, 999, 3, 999, 0, 999, 3, 999, 3, 999, 2, 999, 3, 999, 0, 999, 0, 999, 0, 999, 0, 999, 0, 999, 0, 999, 0, 999, 0, 999, 0, 999, 999, 999, 999, 999, 999, 999, 999]
time : 0.02 (+0.00 = 0.00 + 0.00)

22th Add (Sname, S, D) : t[11], 12, 1
Dist : [0, 1, 0, 2, 0, 0, 0, 2, 0, 0, 0, 2, 0, 2, 0, 2, 0, 2, 999, 999, 999, 999, 999, 999, 999, 999, 999, 999, 999, 1, 999, 2, 999, 0, 999, 2, 999, 0, 999, 2, 999, 2, 999, 2, 999, 2, 999, 0, 999, 0, 999, 0, 999, 0, 999, 0, 999, 0, 999, 0, 999, 0, 999, 0, 999, 999, 999, 999, 999, 999, 999, 999]
time : 0.04 (+0.02 = 0.00 + 0.02 + 0.00 + 0.00 + 0.00)

23th Add (Sname, S, D) : t[12], 154, 3
Dist : [0, 0, 0, 1, 0, 0, 0, 2, 0, 0, 0, 2, 0, 2, 0, 2, 0, 1, 999, 999, 999, 999, 999, 999, 999, 999, 999, 999, 999, 0, 999, 1, 999, 0, 999, 2, 999, 0, 999, 2, 999, 2, 999, 2, 999, 1, 999, 0, 999, 0, 999, 0, 999, 0, 999, 0, 999, 0, 999, 0, 999, 0, 999, 0, 999, 999, 999, 999, 999, 999, 999, 999]
time : 0.04 (+0.00 = 0.00 + 0.00)

24th Add (Sname, S, D) : g[0], 256, 4
Dist : [0, 0, 0, 1, 0, 0, 0, 2, 0, 0, 0, 2, 0, 2, 0, 2, 0, 1, 999, 999, 999, 999, 999, 999, 999, 999, 999, 999, 999, 0, 999, 1, 999, 0, 999, 2, 999, 0, 999, 2, 999, 2, 999, 2, 999, 1, 999, 0, 999, 0, 999, 0, 999, 0, 999, 0, 999, 0, 999, 0, 999, 0, 999, 0, 999, 999, 999, 999, 999, 999, 999, 999]
time : 0.04 (+0.00 = 0.00 + 0.00)

25th Add (Sname, S, D) : t[13], 155, 4
Dist : [0, 0, 0, 0, 0, 0, 0, 2, 0, 0, 0, 2, 0, 2, 0, 2, 0, 1, 999, 999, 999, 999, 999, 999, 999, 999, 999, 999, 999, 0, 999, 0, 999, 0, 999, 2, 999, 0, 999, 2, 999, 2, 999, 2, 999, 1, 999, 0, 999, 0, 999, 0, 999, 0, 999, 0, 999, 0, 999, 0, 999, 0, 999, 0, 999, 999, 999, 999, 999, 999, 999, 999]
time : 0.04 (+0.00 = 0.00 + 0.00)

26th Add (Sname, S, D) : g[1], 512, 5
Dist : [0, 0, 0, 0, 0, 0, 0, 2, 0, 0, 0, 2, 0, 2, 0, 2, 0, 1, 999, 999, 999, 999, 999, 999, 999, 999, 999, 999, 999, 0, 999, 0, 999, 0, 999, 2, 999, 0, 999, 2, 999, 2, 999, 2, 999, 1, 999, 0, 999, 0, 999, 0, 999, 0, 999, 0, 999, 0, 999, 0, 999, 0, 999, 0, 999, 999, 999, 999, 999, 999, 999, 999]
time : 0.04 (+0.00 = 0.00 + 0.00)

27th Add (Sname, S, D) : t[14], 250, 4
Dist : [0, 0, 0, 0, 0, 0, 0, 2, 0, 0, 0, 2, 0, 2, 0, 2, 0, 0, 999, 999, 999, 999, 999, 999, 999, 999, 999, 999, 999, 0, 999, 0, 999, 0, 999, 2, 999, 0, 999, 2, 999, 2, 999, 2, 999, 0, 999, 0, 999, 0, 999, 0, 999, 0, 999, 0, 999, 0, 999, 0, 999, 0, 999, 0, 999, 999, 999, 999, 999, 999, 999, 999]
time : 0.04 (+0.00 = 0.00 + 0.00)

28th Add (Sname, S, D) : g[8], 65536, 5
Dist : [0, 0, 0, 0, 0, 0, 0, 2, 0, 0, 0, 2, 0, 2, 0, 2, 0, 0, 999, 999, 999, 999, 999, 999, 999, 999, 999, 999, 999, 0, 999, 0, 999, 0, 999, 2, 999, 0, 999, 2, 999, 2, 999, 2, 999, 0, 999, 0, 999, 0, 999, 0, 999, 0, 999, 0, 999, 0, 999, 0, 999, 0, 999, 0, 999, 999, 999, 999, 999, 999, 999, 999]
time : 0.04 (+0.00 = 0.00 + 0.00)

29th Add (Sname, S, D) : t[15], 44, 2
Dist : [0, 0, 0, 0, 0, 0, 0, 1, 0, 0, 0, 1, 0, 2, 0, 2, 0, 0, 999, 999, 999, 999, 999, 999, 999, 999, 999, 999, 999, 0, 999, 0, 999, 0, 999, 1, 999, 0, 999, 1, 999, 2, 999, 2, 999, 0, 999, 0, 999, 0, 999, 0, 999, 0, 999, 0, 999, 0, 999, 0, 999, 0, 999, 0, 999, 999, 999, 999, 999, 999, 999, 999]
time : 0.11 (+0.06 = 0.00 + 0.06 + 0.00 + 0.00 + 0.00)

30th Add (Sname, S, D) : t[16], 46, 3
Dist : [0, 0, 0, 0, 0, 0, 0, 0, 0, 0, 0, 1, 0, 1, 0, 1, 0, 0, 999, 999, 999, 999, 999, 999, 999, 999, 999, 999, 999, 0, 999, 0, 999, 0, 999, 0, 999, 0, 999, 1, 999, 1, 999, 1, 999, 0, 999, 0, 999, 0, 999, 0, 999, 0, 999, 0, 999, 0, 999, 0, 999, 0, 999, 0, 999, 999, 999, 999, 999, 999, 999, 999]
time : 0.11 (+0.00 = 0.00 + 0.00)

31th Add (Sname, S, D) : g[3], 2048, 4
Dist : [0, 0, 0, 0, 0, 0, 0, 0, 0, 0, 0, 1, 0, 1, 0, 1, 0, 0, 999, 999, 999, 999, 999, 999, 999, 999, 999, 999, 999, 0, 999, 0, 999, 0, 999, 0, 999, 0, 999, 1, 999, 1, 999, 1, 999, 0, 999, 0, 999, 0, 999, 0, 999, 0, 999, 0, 999, 0, 999, 0, 999, 0, 999, 0, 999, 999, 999, 999, 999, 999, 999, 999]
time : 0.11 (+0.00 = 0.00 + 0.00)

32th Add (Sname, S, D) : t[17], 79, 4
Dist : [0, 0, 0, 0, 0, 0, 0, 0, 0, 0, 0, 0, 0, 1, 0, 1, 0, 0, 999, 999, 999, 999, 999, 999, 999, 999, 999, 999, 999, 0, 999, 0, 999, 0, 999, 0, 999, 0, 999, 0, 999, 1, 999, 1, 999, 0, 999, 0, 999, 0, 999, 0, 999, 0, 999, 0, 999, 0, 999, 0, 999, 0, 999, 0, 999, 999, 999, 999, 999, 999, 999, 999]
time : 0.11 (+0.00 = 0.00 + 0.00)

33th Add (Sname, S, D) : g[5], 8192, 5
Dist : [0, 0, 0, 0, 0, 0, 0, 0, 0, 0, 0, 0, 0, 1, 0, 1, 0, 0, 999, 999, 999, 999, 999, 999, 999, 999, 999, 999, 999, 0, 999, 0, 999, 0, 999, 0, 999, 0, 999, 0, 999, 1, 999, 1, 999, 0, 999, 0, 999, 0, 999, 0, 999, 0, 999, 0, 999, 0, 999, 0, 999, 0, 999, 0, 999, 999, 999, 999, 999, 999, 999, 999]
time : 0.11 (+0.00 = 0.00 + 0.00)

34th Add (Sname, S, D) : t[18], 78, 4
Dist : [0, 0, 0, 0, 0, 0, 0, 0, 0, 0, 0, 0, 0, 0, 0, 1, 0, 0, 999, 999, 999, 999, 999, 999, 999, 999, 999, 999, 999, 0, 999, 0, 999, 0, 999, 0, 999, 0, 999, 0, 999, 0, 999, 1, 999, 0, 999, 0, 999, 0, 999, 0, 999, 0, 999, 0, 999, 0, 999, 0, 999, 0, 999, 0, 999, 999, 999, 999, 999, 999, 999, 999]
time : 0.11 (+0.00 = 0.00 + 0.00)

35th Add (Sname, S, D) : g[6], 16384, 5
Dist : [0, 0, 0, 0, 0, 0, 0, 0, 0, 0, 0, 0, 0, 0, 0, 1, 0, 0, 999, 999, 999, 999, 999, 999, 5, 999, 999, 999, 999, 0, 999, 0, 999, 0, 999, 0, 999, 0, 999, 0, 999, 0, 999, 1, 999, 0, 999, 0, 999, 0, 999, 0, 999, 0, 999, 0, 999, 0, 999, 0, 999, 0, 999, 0, 999, 999, 999, 999, 999, 999, 999, 999]
time : 0.11 (+0.00 = 0.00 + 0.00)

36th Add (Sname, S, D) : t[19], 180, 4
Dist : [0, 0, 0, 0, 0, 0, 0, 0, 0, 0, 0, 0, 0, 0, 0, 0, 0, 0, 999, 999, 999, 999, 999, 999, 5, 999, 999, 999, 999, 0, 999, 0, 999, 0, 999, 0, 999, 0, 999, 0, 999, 0, 999, 0, 999, 0, 999, 0, 999, 0, 999, 0, 999, 0, 999, 0, 999, 0, 999, 0, 999, 0, 999, 0, 999, 999, 999, 999, 999, 999, 999, 999]
time : 0.11 (+0.00 = 0.00 + 0.00)

37th Add (Sname, S, D) : g[7], 32768, 5
Dist : [0, 0, 0, 0, 0, 0, 0, 0, 0, 0, 0, 0, 0, 0, 0, 0, 0, 0, 5, 5, 5, 999, 999, 4, 5, 999, 999, 999, 999, 0, 999, 0, 999, 0, 999, 0, 999, 0, 999, 0, 999, 0, 999, 0, 999, 0, 999, 0, 999, 0, 999, 0, 999, 0, 999, 0, 999, 0, 999, 0, 999, 0, 999, 0, 999, 999, 999, 999, 999, 999, 999, 999]
time : 0.11 (+0.00 = 0.00 + 0.00)

38th Add (Sname, S, D) : t[20], 98304, 6
Dist : [0, 0, 0, 0, 0, 0, 0, 0, 0, 0, 0, 0, 0, 0, 0, 0, 0, 0, 5, 5, 4, 999, 999, 3, 5, 999, 999, 999, 999, 0, 999, 0, 999, 0, 999, 0, 999, 0, 999, 0, 999, 0, 999, 0, 999, 0, 999, 0, 999, 0, 999, 0, 999, 0, 999, 0, 999, 0, 999, 0, 999, 0, 999, 0, 999, 999, 999, 999, 999, 999, 999, 999]
time : 0.42 (+0.30 = 0.00 + 0.30 + 0.00 + 0.00 + 0.00)

39th Add (Sname, S, D) : t[21], 18432, 6
Dist : [0, 0, 0, 0, 0, 0, 0, 0, 0, 0, 0, 0, 0, 0, 0, 0, 0, 0, 5, 4, 4, 999, 999, 3, 4, 999, 999, 999, 999, 0, 999, 0, 999, 0, 999, 0, 999, 0, 999, 0, 999, 0, 999, 0, 999, 0, 999, 0, 999, 0, 999, 0, 999, 0, 999, 0, 999, 0, 999, 0, 999, 0, 999, 0, 999, 999, 999, 999, 999, 999, 999, 999]
time : 0.74 (+0.32 = 0.00 + 0.32 + 0.00 + 0.00 + 0.00)

40th Add (Sname, S, D) : t[22], 18478, 7
Dist : [0, 0, 0, 0, 0, 0, 0, 0, 0, 0, 0, 0, 0, 0, 0, 0, 0, 0, 5, 3, 4, 999, 999, 3, 3, 999, 999, 999, 999, 0, 999, 0, 999, 0, 999, 0, 999, 0, 999, 0, 999, 0, 999, 0, 999, 0, 999, 0, 999, 0, 999, 0, 999, 0, 999, 0, 999, 0, 999, 0, 999, 0, 999, 0, 999, 999, 999, 999, 999, 999, 999, 999]
time : 1.11 (+0.37 = 0.00 + 0.37 + 0.00 + 0.00 + 0.00)

41th Add (Sname, S, D) : t[23], 26670, 8
Dist : [0, 0, 0, 0, 0, 0, 0, 0, 0, 0, 0, 0, 0, 0, 0, 0, 0, 0, 5, 3, 4, 999, 999, 3, 2, 999, 999, 999, 999, 0, 999, 0, 999, 0, 999, 0, 999, 0, 999, 0, 999, 0, 999, 0, 999, 0, 999, 0, 999, 0, 999, 0, 999, 0, 999, 0, 999, 0, 999, 0, 999, 0, 999, 0, 999, 999, 999, 999, 999, 999, 999, 999]
time : 1.57 (+0.46 = 0.00 + 0.46 + 0.00 + 0.00 + 0.00)

42th Add (Sname, S, D) : t[24], 26798, 9
Dist : [0, 0, 0, 0, 0, 0, 0, 0, 0, 0, 0, 0, 0, 0, 0, 0, 0, 0, 5, 3, 4, 999, 999, 3, 1, 999, 999, 999, 999, 0, 999, 0, 999, 0, 999, 0, 999, 0, 999, 0, 999, 0, 999, 0, 999, 0, 999, 0, 999, 0, 999, 0, 999, 0, 999, 0, 999, 0, 999, 0, 999, 0, 999, 0, 999, 999, 999, 999, 999, 999, 999, 999]
time : 2.06 (+0.49 = 0.00 + 0.48 + 0.00 + 0.00 + 0.00)

43th Add (Sname, S, D) : t[25], 92334, 10
Dist : [0, 0, 0, 0, 0, 0, 0, 0, 0, 0, 0, 0, 0, 0, 0, 0, 0, 0, 5, 3, 4, 999, 999, 3, 0, 999, 999, 999, 999, 0, 999, 0, 999, 0, 999, 0, 999, 0, 999, 0, 999, 0, 999, 0, 999, 0, 999, 0, 999, 0, 999, 0, 999, 0, 999, 0, 999, 0, 999, 0, 999, 0, 999, 0, 999, 999, 999, 999, 999, 999, 999, 999]
time : 2.06 (+0.00 = 0.00 + 0.00)

44th Add (Sname, S, D) : t[26], 51246, 8
Dist : [0, 0, 0, 0, 0, 0, 0, 0, 0, 0, 0, 0, 0, 0, 0, 0, 0, 0, 5, 2, 4, 999, 999, 3, 0, 999, 999, 999, 999, 0, 999, 0, 999, 0, 999, 0, 999, 0, 999, 0, 999, 0, 999, 0, 999, 0, 999, 0, 999, 0, 999, 0, 999, 0, 999, 0, 999, 0, 999, 0, 999, 0, 999, 0, 999, 999, 999, 999, 999, 999, 999, 999]
time : 2.68 (+0.62 = 0.00 + 0.61 + 0.00 + 0.00 + 0.00)

45th Add (Sname, S, D) : t[27], 51372, 9
Dist : [0, 0, 0, 0, 0, 0, 0, 0, 0, 0, 0, 0, 0, 0, 0, 0, 0, 0, 5, 1, 4, 999, 999, 2, 0, 999, 999, 999, 999, 0, 999, 0, 999, 0, 999, 0, 999, 0, 999, 0, 999, 0, 999, 0, 999, 0, 999, 0, 999, 0, 999, 0, 999, 0, 999, 0, 999, 0, 999, 0, 999, 0, 999, 0, 999, 999, 999, 999, 999, 999, 999, 999]
time : 3.38 (+0.70 = 0.00 + 0.70 + 0.00 + 0.00 + 0.00)

46th Add (Sname, S, D) : t[28], 55468, 10
Dist : [0, 0, 0, 0, 0, 0, 0, 0, 0, 0, 0, 0, 0, 0, 0, 0, 0, 0, 5, 0, 4, 999, 999, 1, 0, 999, 999, 999, 999, 0, 999, 0, 999, 0, 999, 0, 999, 0, 999, 0, 999, 0, 999, 0, 999, 0, 999, 0, 999, 0, 999, 0, 999, 0, 999, 0, 999, 0, 999, 0, 999, 0, 999, 0, 999, 999, 999, 999, 999, 999, 999, 999]
time : 3.38 (+0.00 = 0.00 + 0.00)

47th Add (Sname, S, D) : t[29], 110594, 11
Dist : [0, 0, 0, 0, 0, 0, 0, 0, 0, 0, 0, 0, 0, 0, 0, 0, 0, 0, 5, 0, 4, 999, 999, 0, 0, 999, 999, 999, 999, 0, 999, 0, 999, 0, 999, 0, 999, 0, 999, 0, 999, 0, 999, 0, 999, 0, 999, 0, 999, 0, 999, 0, 999, 0, 999, 0, 999, 0, 999, 0, 999, 0, 999, 0, 999, 999, 999, 999, 999, 999, 999, 999]
time : 3.39 (+0.00 = 0.00 + 0.00)

48th Add (Sname, S, D) : t[30], 98816, 7
Dist : [0, 0, 0, 0, 0, 0, 0, 0, 0, 0, 0, 0, 0, 0, 0, 0, 0, 0, 5, 0, 3, 999, 999, 0, 0, 999, 999, 999, 999, 0, 999, 0, 999, 0, 999, 0, 999, 0, 999, 0, 999, 0, 999, 0, 999, 0, 999, 0, 999, 0, 999, 0, 999, 0, 999, 0, 999, 0, 999, 0, 999, 0, 999, 0, 999, 999, 999, 999, 999, 999, 999, 999]
time : 4.54 (+1.15 = 0.00 + 1.14 + 0.00 + 0.00 + 0.00)

49th Add (Sname, S, D) : t[31], 98996, 8
Dist : [0, 0, 0, 0, 0, 0, 0, 0, 0, 0, 0, 0, 0, 0, 0, 0, 0, 0, 5, 0, 2, 999, 999, 0, 0, 999, 999, 999, 999, 0, 999, 0, 999, 0, 999, 0, 999, 0, 999, 0, 999, 0, 999, 0, 999, 0, 999, 0, 999, 0, 999, 0, 999, 0, 999, 0, 999, 0, 999, 0, 999, 0, 999, 0, 999, 999, 999, 999, 999, 999, 999, 999]
time : 6.02 (+1.49 = 0.00 + 1.48 + 0.00 + 0.00 + 0.01)

50th Add (Sname, S, D) : t[32], 100020, 9
Dist : [0, 0, 0, 0, 0, 0, 0, 0, 0, 0, 0, 0, 0, 0, 0, 0, 0, 0, 5, 0, 1, 999, 999, 0, 0, 999, 999, 999, 999, 0, 999, 0, 999, 0, 999, 0, 999, 0, 999, 0, 999, 0, 999, 0, 999, 0, 999, 0, 999, 0, 999, 0, 999, 0, 999, 0, 999, 0, 999, 0, 999, 0, 999, 0, 999, 999, 999, 999, 999, 999, 999, 999]
time : 7.68 (+1.66 = 0.00 + 1.65 + 0.00 + 0.00 + 0.01)

51th Add (Sname, S, D) : t[33], 100000, 10
Dist : [0, 0, 0, 0, 0, 0, 0, 0, 0, 0, 0, 0, 0, 0, 0, 0, 0, 0, 5, 0, 0, 999, 999, 0, 0, 999, 999, 999, 999, 0, 999, 0, 999, 0, 999, 0, 999, 0, 999, 0, 999, 0, 999, 0, 999, 0, 999, 0, 999, 0, 999, 0, 999, 0, 999, 0, 999, 0, 999, 0, 999, 0, 999, 0, 999, 999, 999, 999, 999, 999, 999, 999]
time : 7.69 (+0.01 = 0.00 + 0.01)

52th Add (Sname, S, D) : t[34], 115380, 9
Dist : [0, 0, 0, 0, 0, 0, 0, 0, 0, 0, 0, 0, 0, 0, 0, 0, 0, 0, 4, 0, 0, 999, 999, 0, 0, 999, 999, 999, 999, 0, 999, 0, 999, 0, 999, 0, 999, 0, 999, 0, 999, 0, 999, 0, 999, 0, 999, 0, 999, 0, 999, 0, 999, 0, 999, 0, 999, 0, 999, 0, 999, 0, 999, 0, 999, 999, 999, 999, 999, 999, 999, 999]
time : 9.86 (+2.17 = 0.00 + 2.16 + 0.00 + 0.00 + 0.01)

53th Add (Sname, S, D) : t[35], 115278, 10
Dist : [0, 0, 0, 0, 0, 0, 0, 0, 0, 0, 0, 0, 0, 0, 0, 0, 0, 0, 3, 0, 0, 999, 999, 0, 0, 999, 999, 999, 999, 0, 999, 0, 999, 0, 999, 0, 999, 0, 999, 0, 999, 0, 999, 0, 999, 0, 999, 0, 999, 0, 999, 0, 999, 0, 999, 0, 999, 0, 999, 0, 999, 0, 999, 0, 999, 999, 999, 999, 999, 999, 999, 999]
time : 12.39 (+2.54 = 0.00 + 2.53 + 0.00 + 0.00 + 0.01)

54th Add (Sname, S, D) : t[36], 115534, 11
Dist : [0, 0, 0, 0, 0, 0, 0, 0, 0, 0, 0, 0, 0, 0, 0, 0, 0, 0, 2, 0, 0, 999, 999, 0, 0, 999, 999, 999, 999, 0, 999, 0, 999, 0, 999, 0, 999, 0, 999, 0, 999, 0, 999, 0, 999, 0, 999, 0, 999, 0, 999, 0, 999, 0, 999, 0, 999, 0, 999, 0, 999, 0, 999, 0, 999, 999, 999, 999, 999, 999, 999, 999]
time : 15.22 (+2.83 = 0.00 + 2.82 + 0.00 + 0.00 + 0.01)

55th Add (Sname, S, D) : t[37], 49998, 12
Dist : [0, 0, 0, 0, 0, 0, 0, 0, 0, 0, 0, 0, 0, 0, 0, 0, 0, 0, 1, 0, 0, 999, 999, 0, 0, 999, 999, 999, 999, 0, 999, 0, 999, 0, 999, 0, 999, 0, 999, 0, 999, 0, 999, 0, 999, 0, 999, 0, 999, 0, 999, 0, 999, 0, 999, 0, 999, 0, 999, 0, 999, 0, 999, 0, 999, 999, 999, 999, 999, 999, 999, 999]
time : 18.69 (+3.47 = 0.00 + 3.46 + 0.00 + 0.00 + 0.01)

56th Add (Sname, S, D) : t[38], 50142, 13
Dist : [0, 0, 0, 0, 0, 0, 0, 0, 0, 0, 0, 0, 0, 0, 0, 0, 0, 0, 0, 0, 0, 999, 999, 0, 0, 999, 999, 999, 999, 0, 999, 0, 999, 0, 999, 0, 999, 0, 999, 0, 999, 0, 999, 0, 999, 0, 999, 0, 999, 0, 999, 0, 999, 0, 999, 0, 999, 0, 999, 0, 999, 0, 999, 0, 999, 999, 999, 999, 999, 999, 999, 999]
time : 18.70 (+0.01 = 0.00 + 0.01)

57th Add (Sname, S, D) : g[9], 131072, 14
Dist : [0, 0, 0, 0, 0, 0, 0, 0, 0, 0, 0, 0, 0, 0, 0, 0, 0, 0, 0, 0, 0, 1, 2, 0, 0, 999, 999, 999, 999, 0, 999, 0, 999, 0, 999, 0, 999, 0, 999, 0, 999, 0, 999, 0, 999, 0, 999, 0, 999, 0, 999, 0, 999, 0, 999, 0, 999, 0, 999, 0, 999, 0, 999, 0, 999, 999, 999, 999, 999, 999, 999, 999]
time : 18.70 (+0.01 = 0.00 + 0.01)

58th Add (Sname, S, D) : t[39], 223406, 15
Dist : [0, 0, 0, 0, 0, 0, 0, 0, 0, 0, 0, 0, 0, 0, 0, 0, 0, 0, 0, 0, 0, 0, 2, 0, 0, 999, 999, 999, 999, 0, 999, 0, 999, 0, 999, 0, 999, 0, 999, 0, 999, 0, 999, 0, 999, 0, 999, 0, 999, 0, 999, 0, 999, 0, 999, 0, 999, 0, 999, 0, 999, 0, 999, 0, 999, 999, 999, 999, 999, 999, 999, 999]
time : 18.71 (+0.01 = 0.00 + 0.01)

59th Add (Sname, S, D) : g[10], 262144, 16
Dist : [0, 0, 0, 0, 0, 0, 0, 0, 0, 0, 0, 0, 0, 0, 0, 0, 0, 0, 0, 0, 0, 0, 2, 0, 0, 999, 2, 999, 999, 0, 999, 0, 999, 0, 999, 0, 999, 0, 2, 0, 999, 0, 999, 0, 999, 0, 999, 0, 999, 0, 999, 0, 999, 0, 999, 0, 2, 0, 999, 0, 999, 0, 999, 0, 999, 999, 999, 999, 999, 999, 999, 999]
time : 18.73 (+0.01 = 0.00 + 0.01)

60th Add (Sname, S, D) : t[40], 83326, 14
Dist : [0, 0, 0, 0, 0, 0, 0, 0, 0, 0, 0, 0, 0, 0, 0, 0, 0, 0, 0, 0, 0, 0, 1, 0, 0, 999, 1, 999, 999, 0, 999, 0, 999, 0, 999, 0, 999, 0, 1, 0, 999, 0, 999, 0, 999, 0, 999, 0, 999, 0, 999, 0, 999, 0, 999, 0, 1, 0, 999, 0, 999, 0, 999, 0, 999, 999, 999, 999, 999, 999, 999, 999]
time : 24.50 (+5.78 = 0.00 + 5.76 + 0.00 + 0.00 + 0.01)

61th Add (Sname, S, D) : t[41], 214398, 15
Dist : [0, 0, 0, 0, 0, 0, 0, 0, 0, 0, 0, 0, 0, 0, 0, 0, 0, 0, 0, 0, 0, 0, 0, 0, 0, 999, 1, 999, 999, 0, 999, 0, 999, 0, 999, 0, 999, 0, 1, 0, 999, 0, 999, 0, 999, 0, 999, 0, 999, 0, 999, 0, 999, 0, 999, 0, 1, 0, 999, 0, 999, 0, 999, 0, 999, 999, 999, 999, 999, 999, 999, 999]
time : 24.51 (+0.01 = 0.00 + 0.01)

62th Add (Sname, S, D) : g[11], 524288, 16
Dist : [0, 0, 0, 0, 0, 0, 0, 0, 0, 0, 0, 0, 0, 0, 0, 0, 0, 0, 0, 0, 0, 0, 0, 0, 0, 1, 1, 999, 999, 0, 999, 0, 1, 0, 999, 0, 999, 0, 1, 0, 3, 0, 999, 0, 999, 0, 999, 0, 999, 0, 1, 0, 999, 0, 999, 0, 1, 0, 3, 0, 999, 0, 999, 0, 999, 999, 999, 999, 999, 999, 999, 999]
time : 24.52 (+0.01 = 0.00 + 0.01)

63th Add (Sname, S, D) : t[42], 655360, 17
Dist : [0, 0, 0, 0, 0, 0, 0, 0, 0, 0, 0, 0, 0, 0, 0, 0, 0, 0, 0, 0, 0, 0, 0, 0, 0, 0, 1, 999, 999, 0, 999, 0, 1, 0, 999, 0, 999, 0, 1, 0, 3, 0, 999, 0, 999, 0, 999, 0, 999, 0, 1, 0, 999, 0, 999, 0, 1, 0, 3, 0, 999, 0, 999, 0, 999, 999, 999, 999, 999, 999, 999, 999]
time : 24.53 (+0.01 = 0.00 + 0.01)

64th Add (Sname, S, D) : g[12], 1048576, 18
Dist : [0, 0, 0, 0, 0, 0, 0, 0, 0, 0, 0, 0, 0, 0, 0, 0, 0, 0, 0, 0, 0, 0, 0, 0, 0, 0, 1, 1, 1, 0, 2, 0, 1, 0, 999, 0, 999, 0, 1, 0, 3, 0, 999, 0, 999, 0, 1, 0, 2, 0, 1, 0, 999, 0, 999, 0, 1, 0, 3, 0, 999, 0, 999, 0, 999, 999, 999, 999, 999, 999, 999, 999]
time : 24.55 (+0.01 = 0.00 + 0.01)

65th Add (Sname, S, D) : t[43], 345470, 17
Dist : [0, 0, 0, 0, 0, 0, 0, 0, 0, 0, 0, 0, 0, 0, 0, 0, 0, 0, 0, 0, 0, 0, 0, 0, 0, 0, 0, 1, 1, 0, 2, 0, 1, 0, 999, 0, 999, 0, 0, 0, 2, 0, 999, 0, 999, 0, 1, 0, 2, 0, 1, 0, 999, 0, 999, 0, 0, 0, 2, 0, 999, 0, 999, 0, 999, 999, 999, 999, 999, 999, 999, 999]
time : 24.56 (+0.02 = 0.00 + 0.01)

66th Add (Sname, S, D) : g[19], 134217728, 18
Dist : [0, 0, 0, 0, 0, 0, 0, 0, 0, 0, 0, 0, 0, 0, 0, 0, 0, 0, 0, 0, 0, 0, 0, 0, 0, 0, 0, 1, 1, 0, 2, 0, 1, 0, 999, 0, 999, 0, 0, 0, 2, 0, 999, 0, 999, 0, 1, 0, 2, 0, 1, 0, 999, 0, 999, 0, 0, 0, 2, 0, 999, 0, 999, 0, 999, 999, 999, 999, 999, 999, 999, 999]
time : 24.58 (+0.02 = 0.00 + 0.02)

67th Add (Sname, S, D) : g[28], 68719476736, 18
Dist : [0, 0, 0, 0, 0, 0, 0, 0, 0, 0, 0, 0, 0, 0, 0, 0, 0, 0, 0, 0, 0, 0, 0, 0, 0, 0, 0, 1, 1, 0, 2, 0, 1, 0, 999, 0, 999, 0, 0, 0, 2, 0, 999, 0, 999, 0, 1, 0, 2, 0, 1, 0, 999, 0, 999, 0, 0, 0, 2, 0, 999, 0, 999, 0, 999, 999, 999, 999, 999, 999, 999, 999]
time : 24.59 (+0.01 = 0.00 + 0.01)

68th Add (Sname, S, D) : t[44], 1271982, 19
Dist : [0, 0, 0, 0, 0, 0, 0, 0, 0, 0, 0, 0, 0, 0, 0, 0, 0, 0, 0, 0, 0, 0, 0, 0, 0, 0, 0, 0, 1, 0, 2, 0, 1, 0, 999, 0, 999, 0, 0, 0, 2, 0, 999, 0, 999, 0, 1, 0, 2, 0, 1, 0, 999, 0, 999, 0, 0, 0, 2, 0, 999, 0, 999, 0, 999, 999, 999, 999, 999, 999, 999, 999]
time : 24.61 (+0.02 = 0.00 + 0.02)

69th Add (Sname, S, D) : g[13], 2097152, 20
Dist : [0, 0, 0, 0, 0, 0, 0, 0, 0, 0, 0, 0, 0, 0, 0, 0, 0, 0, 0, 0, 0, 0, 0, 0, 0, 0, 0, 0, 1, 0, 2, 0, 1, 0, 2, 0, 1, 0, 0, 0, 2, 0, 4, 0, 4, 0, 1, 0, 2, 0, 1, 0, 2, 0, 1, 0, 0, 0, 2, 0, 4, 0, 4, 0, 999, 999, 999, 999, 999, 999, 999, 999]
time : 24.63 (+0.02 = 0.00 + 0.02)

70th Add (Sname, S, D) : t[45], 1104044, 19
Dist : [0, 0, 0, 0, 0, 0, 0, 0, 0, 0, 0, 0, 0, 0, 0, 0, 0, 0, 0, 0, 0, 0, 0, 0, 0, 0, 0, 0, 0, 0, 2, 0, 1, 0, 2, 0, 1, 0, 0, 0, 2, 0, 3, 0, 4, 0, 0, 0, 2, 0, 1, 0, 2, 0, 1, 0, 0, 0, 2, 0, 3, 0, 4, 0, 999, 999, 999, 999, 999, 999, 999, 999]
time : 24.65 (+0.02 = 0.00 + 0.02)

71th Add (Sname, S, D) : g[14], 4194304, 20
Dist : [0, 0, 0, 0, 0, 0, 0, 0, 0, 0, 0, 0, 0, 0, 0, 0, 0, 0, 0, 0, 0, 0, 0, 0, 0, 0, 0, 0, 0, 0, 2, 0, 1, 0, 2, 0, 1, 0, 0, 0, 2, 0, 3, 0, 4, 0, 0, 0, 2, 0, 1, 0, 2, 0, 1, 0, 0, 0, 2, 0, 3, 0, 4, 0, 999, 999, 999, 999, 999, 999, 999, 999]
time : 24.67 (+0.02 = 0.00 + 0.02)

72th Add (Sname, S, D) : g[23], 2147483648, 20
Dist : [0, 0, 0, 0, 0, 0, 0, 0, 0, 0, 0, 0, 0, 0, 0, 0, 0, 0, 0, 0, 0, 0, 0, 0, 0, 0, 0, 0, 0, 0, 2, 0, 1, 0, 2, 0, 1, 0, 0, 0, 2, 0, 3, 0, 4, 0, 0, 0, 2, 0, 1, 0, 2, 0, 1, 0, 0, 0, 2, 0, 3, 0, 4, 0, 999, 999, 999, 999, 999, 999, 999, 999]
time : 24.70 (+0.04 = 0.00 + 0.04)

73th Add (Sname, S, D) : t[46], 616622, 17
Dist : [0, 0, 0, 0, 0, 0, 0, 0, 0, 0, 0, 0, 0, 0, 0, 0, 0, 0, 0, 0, 0, 0, 0, 0, 0, 0, 0, 0, 0, 0, 1, 0, 0, 0, 2, 0, 1, 0, 0, 0, 1, 0, 3, 0, 3, 0, 0, 0, 1, 0, 0, 0, 2, 0, 1, 0, 0, 0, 1, 0, 3, 0, 3, 0, 999, 999, 999, 999, 999, 999, 999, 999]
time : 24.73 (+0.02 = 0.00 + 0.02)

74th Add (Sname, S, D) : g[16], 16777216, 18
Dist : [0, 0, 0, 0, 0, 0, 0, 0, 0, 0, 0, 0, 0, 0, 0, 0, 0, 0, 0, 0, 0, 0, 0, 0, 0, 0, 0, 0, 0, 0, 1, 0, 0, 0, 2, 0, 1, 0, 0, 0, 1, 0, 3, 0, 3, 0, 0, 0, 1, 0, 0, 0, 2, 0, 1, 0, 0, 0, 1, 0, 3, 0, 3, 0, 999, 999, 999, 999, 999, 999, 999, 999]
time : 24.75 (+0.02 = 0.00 + 0.02)

75th Add (Sname, S, D) : g[25], 8589934592, 18
Dist : [0, 0, 0, 0, 0, 0, 0, 0, 0, 0, 0, 0, 0, 0, 0, 0, 0, 0, 0, 0, 0, 0, 0, 0, 0, 0, 0, 0, 0, 0, 1, 0, 0, 0, 2, 0, 1, 0, 0, 0, 1, 0, 3, 0, 3, 0, 0, 0, 1, 0, 0, 0, 2, 0, 1, 0, 0, 0, 1, 0, 3, 0, 3, 0, 999, 999, 999, 999, 999, 999, 999, 999]
time : 24.77 (+0.03 = 0.00 + 0.03)

76th Add (Sname, S, D) : t[47], 1683458, 20
Dist : [0, 0, 0, 0, 0, 0, 0, 0, 0, 0, 0, 0, 0, 0, 0, 0, 0, 0, 0, 0, 0, 0, 0, 0, 0, 0, 0, 0, 0, 0, 0, 0, 0, 0, 2, 0, 1, 0, 0, 0, 1, 0, 3, 0, 2, 0, 0, 0, 0, 0, 0, 0, 2, 0, 1, 0, 0, 0, 1, 0, 3, 0, 2, 0, 999, 999, 999, 999, 999, 999, 999, 999]
time : 24.80 (+0.03 = 0.00 + 0.03)

77th Add (Sname, S, D) : g[15], 8388608, 21
Dist : [0, 0, 0, 0, 0, 0, 0, 0, 0, 0, 0, 0, 0, 0, 0, 0, 0, 0, 0, 0, 0, 0, 0, 0, 0, 0, 0, 0, 0, 0, 0, 0, 0, 0, 2, 0, 1, 0, 0, 0, 1, 0, 3, 0, 2, 0, 0, 0, 0, 0, 0, 0, 2, 0, 1, 0, 0, 0, 1, 0, 3, 0, 2, 0, 999, 999, 999, 999, 999, 999, 999, 999]
time : 24.83 (+0.03 = 0.00 + 0.03)

78th Add (Sname, S, D) : g[24], 4294967296, 21
Dist : [0, 0, 0, 0, 0, 0, 0, 0, 0, 0, 0, 0, 0, 0, 0, 0, 0, 0, 0, 0, 0, 0, 0, 0, 0, 0, 0, 0, 0, 0, 0, 0, 0, 0, 2, 0, 1, 0, 0, 0, 1, 0, 3, 0, 2, 0, 0, 0, 0, 0, 0, 0, 2, 0, 1, 0, 0, 0, 1, 0, 3, 0, 2, 0, 999, 999, 999, 999, 999, 999, 999, 999]
time : 24.86 (+0.03 = 0.00 + 0.03)

79th Add (Sname, S, D) : t[48], 2197152, 21
Dist : [0, 0, 0, 0, 0, 0, 0, 0, 0, 0, 0, 0, 0, 0, 0, 0, 0, 0, 0, 0, 0, 0, 0, 0, 0, 0, 0, 0, 0, 0, 0, 0, 0, 0, 1, 0, 0, 0, 0, 0, 1, 0, 2, 0, 1, 0, 0, 0, 0, 0, 0, 0, 1, 0, 0, 0, 0, 0, 1, 0, 2, 0, 1, 0, 999, 999, 999, 999, 999, 999, 999, 999]
time : 24.90 (+0.03 = 0.00 + 0.03)

80th Add (Sname, S, D) : g[18], 67108864, 22
Dist : [0, 0, 0, 0, 0, 0, 0, 0, 0, 0, 0, 0, 0, 0, 0, 0, 0, 0, 0, 0, 0, 0, 0, 0, 0, 0, 0, 0, 0, 0, 0, 0, 0, 0, 1, 0, 0, 0, 0, 0, 1, 0, 2, 0, 1, 0, 0, 0, 0, 0, 0, 0, 1, 0, 0, 0, 0, 0, 1, 0, 2, 0, 1, 0, 999, 999, 999, 999, 999, 999, 999, 999]
time : 24.93 (+0.03 = 0.00 + 0.03)

81th Add (Sname, S, D) : g[27], 34359738368, 22
Dist : [0, 0, 0, 0, 0, 0, 0, 0, 0, 0, 0, 0, 0, 0, 0, 0, 0, 0, 0, 0, 0, 0, 0, 0, 0, 0, 0, 0, 0, 0, 0, 0, 0, 0, 1, 0, 0, 0, 0, 0, 1, 0, 2, 0, 1, 0, 0, 0, 0, 0, 0, 0, 1, 0, 0, 0, 0, 0, 1, 0, 2, 0, 1, 0, 999, 999, 999, 999, 999, 999, 999, 999]
time : 25.00 (+0.07 = 0.00 + 0.07)

82th Add (Sname, S, D) : t[49], 2409438, 22
Dist : [0, 0, 0, 0, 0, 0, 0, 0, 0, 0, 0, 0, 0, 0, 0, 0, 0, 0, 0, 0, 0, 0, 0, 0, 0, 0, 0, 0, 0, 0, 0, 0, 0, 0, 0, 0, 0, 0, 0, 0, 1, 0, 2, 0, 1, 0, 0, 0, 0, 0, 0, 0, 0, 0, 0, 0, 0, 0, 1, 0, 2, 0, 1, 0, 999, 999, 999, 999, 999, 999, 999, 999]
time : 25.04 (+0.04 = 0.00 + 0.04)

83th Add (Sname, S, D) : g[17], 33554432, 23
Dist : [0, 0, 0, 0, 0, 0, 0, 0, 0, 0, 0, 0, 0, 0, 0, 0, 0, 0, 0, 0, 0, 0, 0, 0, 0, 0, 0, 0, 0, 0, 0, 0, 0, 0, 0, 0, 0, 0, 0, 0, 1, 0, 2, 0, 1, 0, 0, 0, 0, 0, 0, 0, 0, 0, 0, 0, 0, 0, 1, 0, 2, 0, 1, 0, 999, 999, 999, 999, 999, 999, 999, 999]
time : 25.07 (+0.04 = 0.00 + 0.04)

84th Add (Sname, S, D) : g[26], 17179869184, 23
Dist : [0, 0, 0, 0, 0, 0, 0, 0, 0, 0, 0, 0, 0, 0, 0, 0, 0, 0, 0, 0, 0, 0, 0, 0, 0, 0, 0, 0, 0, 0, 0, 0, 0, 0, 0, 0, 0, 0, 0, 0, 1, 0, 2, 0, 1, 0, 0, 0, 0, 0, 0, 0, 0, 0, 0, 0, 0, 0, 1, 0, 2, 0, 1, 0, 999, 999, 999, 999, 999, 999, 999, 999]
time : 25.12 (+0.04 = 0.00 + 0.04)

85th Add (Sname, S, D) : t[50], 798160, 18
Dist : [0, 0, 0, 0, 0, 0, 0, 0, 0, 0, 0, 0, 0, 0, 0, 0, 0, 0, 0, 0, 0, 0, 0, 0, 0, 0, 0, 0, 0, 0, 0, 0, 0, 0, 0, 0, 0, 0, 0, 0, 0, 0, 2, 0, 1, 0, 0, 0, 0, 0, 0, 0, 0, 0, 0, 0, 0, 0, 0, 0, 2, 0, 1, 0, 999, 999, 999, 999, 999, 999, 999, 999]
time : 25.16 (+0.05 = 0.00 + 0.05)

86th Add (Sname, S, D) : g[20], 268435456, 19
Dist : [0, 0, 0, 0, 0, 0, 0, 0, 0, 0, 0, 0, 0, 0, 0, 0, 0, 0, 0, 0, 0, 0, 0, 0, 0, 0, 0, 0, 0, 0, 0, 0, 0, 0, 0, 0, 0, 0, 0, 0, 0, 0, 2, 0, 1, 0, 0, 0, 0, 0, 0, 0, 0, 0, 0, 0, 0, 0, 0, 0, 2, 0, 1, 0, 999, 999, 999, 999, 999, 999, 999, 999]
time : 25.21 (+0.04 = 0.00 + 0.04)

87th Add (Sname, S, D) : g[29], 137438953472, 19
Dist : [0, 0, 0, 0, 0, 0, 0, 0, 0, 0, 0, 0, 0, 0, 0, 0, 0, 0, 0, 0, 0, 0, 0, 0, 0, 0, 0, 0, 0, 0, 0, 0, 0, 0, 0, 0, 0, 0, 0, 0, 0, 0, 2, 0, 1, 0, 0, 0, 0, 0, 0, 0, 0, 0, 0, 0, 0, 0, 0, 0, 2, 0, 1, 0, 999, 999, 999, 999, 999, 999, 999, 999]
time : 25.26 (+0.05 = 0.00 + 0.05)

88th Add (Sname, S, D) : t[51], 3684002, 22
Dist : [0, 0, 0, 0, 0, 0, 0, 0, 0, 0, 0, 0, 0, 0, 0, 0, 0, 0, 0, 0, 0, 0, 0, 0, 0, 0, 0, 0, 0, 0, 0, 0, 0, 0, 0, 0, 0, 0, 0, 0, 0, 0, 2, 0, 0, 0, 0, 0, 0, 0, 0, 0, 0, 0, 0, 0, 0, 0, 0, 0, 2, 0, 0, 0, 999, 999, 999, 999, 999, 999, 999, 999]
time : 25.31 (+0.05 = 0.00 + 0.05)

89th Add (Sname, S, D) : g[22], 1073741824, 23
Dist : [0, 0, 0, 0, 0, 0, 0, 0, 0, 0, 0, 0, 0, 0, 0, 0, 0, 0, 0, 0, 0, 0, 0, 0, 0, 0, 0, 0, 0, 0, 0, 0, 0, 0, 0, 0, 0, 0, 0, 0, 0, 0, 2, 0, 0, 0, 0, 0, 0, 0, 0, 0, 0, 0, 0, 0, 0, 0, 0, 0, 2, 0, 0, 0, 999, 999, 999, 999, 999, 999, 999, 999]
time : 25.37 (+0.05 = 0.00 + 0.05)

90th Add (Sname, S, D) : g[31], 549755813888, 23
Dist : [0, 0, 0, 0, 0, 0, 0, 0, 0, 0, 0, 0, 0, 0, 0, 0, 0, 0, 0, 0, 0, 0, 0, 0, 0, 0, 0, 0, 0, 0, 0, 0, 0, 0, 0, 0, 0, 0, 0, 0, 0, 0, 2, 0, 0, 0, 0, 0, 0, 0, 0, 0, 0, 0, 0, 0, 0, 0, 0, 0, 2, 0, 0, 0, 999, 999, 999, 999, 999, 7, 999, 999]
time : 26.91 (+1.55 = 0.00 + 1.55)

91th Add (Sname, S, D) : t[52], 1416658, 20
Dist : [0, 0, 0, 0, 0, 0, 0, 0, 0, 0, 0, 0, 0, 0, 0, 0, 0, 0, 0, 0, 0, 0, 0, 0, 0, 0, 0, 0, 0, 0, 0, 0, 0, 0, 0, 0, 0, 0, 0, 0, 0, 0, 1, 0, 0, 0, 0, 0, 0, 0, 0, 0, 0, 0, 0, 0, 0, 0, 0, 0, 1, 0, 0, 0, 999, 999, 999, 999, 999, 7, 999, 999]
time : 338.31 (+311.40 = 0.01 + 311.25 + 0.00 + 0.00 + 0.14)

92th Add (Sname, S, D) : t[53], 3414898, 22
Dist : [0, 0, 0, 0, 0, 0, 0, 0, 0, 0, 0, 0, 0, 0, 0, 0, 0, 0, 0, 0, 0, 0, 0, 0, 0, 0, 0, 0, 0, 0, 0, 0, 0, 0, 0, 0, 0, 0, 0, 0, 0, 0, 0, 0, 0, 0, 0, 0, 0, 0, 0, 0, 0, 0, 0, 0, 0, 0, 0, 0, 0, 0, 0, 0, 999, 999, 999, 999, 999, 7, 999, 999]
time : 338.46 (+0.15 = 0.00 + 0.15)

93th Add (Sname, S, D) : g[21], 536870912, 23
Dist : [0, 0, 0, 0, 0, 0, 0, 0, 0, 0, 0, 0, 0, 0, 0, 0, 0, 0, 0, 0, 0, 0, 0, 0, 0, 0, 0, 0, 0, 0, 0, 0, 0, 0, 0, 0, 0, 0, 0, 0, 0, 0, 0, 0, 0, 0, 0, 0, 0, 0, 0, 0, 0, 0, 0, 0, 0, 0, 0, 0, 0, 0, 0, 0, 999, 999, 999, 999, 999, 7, 999, 999]
time : 338.67 (+0.21 = 0.00 + 0.21)

94th Add (Sname, S, D) : g[30], 274877906944, 23
Dist : [0, 0, 0, 0, 0, 0, 0, 0, 0, 0, 0, 0, 0, 0, 0, 0, 0, 0, 0, 0, 0, 0, 0, 0, 0, 0, 0, 0, 0, 0, 0, 0, 0, 0, 0, 0, 0, 0, 0, 0, 0, 0, 0, 0, 0, 0, 0, 0, 0, 0, 0, 0, 0, 0, 0, 0, 0, 0, 0, 0, 0, 0, 0, 0, 7, 7, 999, 7, 7, 7, 7, 7]
time : 350.19 (+11.52 = 0.00 + 11.52)

95th Add (Sname, S, D) : t[54], 412316860416, 24
Dist : [0, 0, 0, 0, 0, 0, 0, 0, 0, 0, 0, 0, 0, 0, 0, 0, 0, 0, 0, 0, 0, 0, 0, 0, 0, 0, 0, 0, 0, 0, 0, 0, 0, 0, 0, 0, 0, 0, 0, 0, 0, 0, 0, 0, 0, 0, 0, 0, 0, 0, 0, 0, 0, 0, 0, 0, 0, 0, 0, 0, 0, 0, 0, 0, 6, 6, 999, 6, 6, 7, 6, 6]
time : 2364.72 (+2014.52 = 0.01 + 2012.20 + 0.00 + 0.00 + 2.32)

96th Add (Sname, S, D) : t[55], 416611827712, 25
Dist : [0, 0, 0, 0, 0, 0, 0, 0, 0, 0, 0, 0, 0, 0, 0, 0, 0, 0, 0, 0, 0, 0, 0, 0, 0, 0, 0, 0, 0, 0, 0, 0, 0, 0, 0, 0, 0, 0, 0, 0, 0, 0, 0, 0, 0, 0, 0, 0, 0, 0, 0, 0, 0, 0, 0, 0, 0, 0, 0, 0, 0, 0, 0, 0, 6, 6, 999, 5, 5, 7, 5, 5]
time : 2853.97 (+489.26 = 0.01 + 487.31 + 0.00 + 0.00 + 1.94)

97th Add (Sname, S, D) : t[56], 2155872256, 22
Dist : [0, 0, 0, 0, 0, 0, 0, 0, 0, 0, 0, 0, 0, 0, 0, 0, 0, 0, 0, 0, 0, 0, 0, 0, 0, 0, 0, 0, 0, 0, 0, 0, 0, 0, 0, 0, 0, 0, 0, 0, 0, 0, 0, 0, 0, 0, 0, 0, 0, 0, 0, 0, 0, 0, 0, 0, 0, 0, 0, 0, 0, 0, 0, 0, 6, 6, 999, 4, 4, 7, 4, 5]
time : 3319.97 (+466.00 = 0.01 + 463.98 + 0.00 + 0.00 + 2.02)

98th Add (Sname, S, D) : t[57], 2222981120, 23
Dist : [0, 0, 0, 0, 0, 0, 0, 0, 0, 0, 0, 0, 0, 0, 0, 0, 0, 0, 0, 0, 0, 0, 0, 0, 0, 0, 0, 0, 0, 0, 0, 0, 0, 0, 0, 0, 0, 0, 0, 0, 0, 0, 0, 0, 0, 0, 0, 0, 0, 0, 0, 0, 0, 0, 0, 0, 0, 0, 0, 0, 0, 0, 0, 0, 6, 6, 999, 3, 3, 7, 4, 5]
time : 3810.96 (+490.99 = 0.01 + 488.87 + 0.00 + 0.00 + 2.11)

99th Add (Sname, S, D) : t[58], 2256535552, 24
Dist : [0, 0, 0, 0, 0, 0, 0, 0, 0, 0, 0, 0, 0, 0, 0, 0, 0, 0, 0, 0, 0, 0, 0, 0, 0, 0, 0, 0, 0, 0, 0, 0, 0, 0, 0, 0, 0, 0, 0, 0, 0, 0, 0, 0, 0, 0, 0, 0, 0, 0, 0, 0, 0, 0, 0, 0, 0, 0, 0, 0, 0, 0, 0, 0, 6, 6, 999, 3, 2, 7, 4, 4]
time : 4328.07 (+517.11 = 0.01 + 514.94 + 0.00 + 0.00 + 2.16)

100th Add (Sname, S, D) : t[59], 150994944, 19
Dist : [0, 0, 0, 0, 0, 0, 0, 0, 0, 0, 0, 0, 0, 0, 0, 0, 0, 0, 0, 0, 0, 0, 0, 0, 0, 0, 0, 0, 0, 0, 0, 0, 0, 0, 0, 0, 0, 0, 0, 0, 0, 0, 0, 0, 0, 0, 0, 0, 0, 0, 0, 0, 0, 0, 0, 0, 0, 0, 0, 0, 0, 0, 0, 0, 5, 6, 999, 2, 2, 7, 4, 4]
time : 4873.83 (+545.76 = 0.01 + 543.48 + 0.00 + 0.00 + 2.28)

101th Add (Sname, S, D) : t[60], 446676598784, 25
Dist : [0, 0, 0, 0, 0, 0, 0, 0, 0, 0, 0, 0, 0, 0, 0, 0, 0, 0, 0, 0, 0, 0, 0, 0, 0, 0, 0, 0, 0, 0, 0, 0, 0, 0, 0, 0, 0, 0, 0, 0, 0, 0, 0, 0, 0, 0, 0, 0, 0, 0, 0, 0, 0, 0, 0, 0, 0, 0, 0, 0, 0, 0, 0, 0, 4, 5, 999, 2, 2, 7, 4, 4]
time : 5436.84 (+563.01 = 0.01 + 560.63 + 0.00 + 0.00 + 2.37)

102th Add (Sname, S, D) : t[61], 272629760, 21
Dist : [0, 0, 0, 0, 0, 0, 0, 0, 0, 0, 0, 0, 0, 0, 0, 0, 0, 0, 0, 0, 0, 0, 0, 0, 0, 0, 0, 0, 0, 0, 0, 0, 0, 0, 0, 0, 0, 0, 0, 0, 0, 0, 0, 0, 0, 0, 0, 0, 0, 0, 0, 0, 0, 0, 0, 0, 0, 0, 0, 0, 0, 0, 0, 0, 4, 5, 999, 2, 2, 6, 3, 4]
time : 6009.67 (+572.84 = 0.01 + 570.34 + 0.00 + 0.00 + 2.49)

103th Add (Sname, S, D) : t[62], 18253611008, 24
Dist : [0, 0, 0, 0, 0, 0, 0, 0, 0, 0, 0, 0, 0, 0, 0, 0, 0, 0, 0, 0, 0, 0, 0, 0, 0, 0, 0, 0, 0, 0, 0, 0, 0, 0, 0, 0, 0, 0, 0, 0, 0, 0, 0, 0, 0, 0, 0, 0, 0, 0, 0, 0, 0, 0, 0, 0, 0, 0, 0, 0, 0, 0, 0, 0, 4, 4, 999, 2, 2, 5, 3, 4]
time : 6244.47 (+234.80 = 0.01 + 232.14 + 0.00 + 0.00 + 2.65)

104th Add (Sname, S, D) : t[63], 2260729856, 25
Dist : [0, 0, 0, 0, 0, 0, 0, 0, 0, 0, 0, 0, 0, 0, 0, 0, 0, 0, 0, 0, 0, 0, 0, 0, 0, 0, 0, 0, 0, 0, 0, 0, 0, 0, 0, 0, 0, 0, 0, 0, 0, 0, 0, 0, 0, 0, 0, 0, 0, 0, 0, 0, 0, 0, 0, 0, 0, 0, 0, 0, 0, 0, 0, 0, 4, 4, 999, 2, 1, 5, 3, 4]
time : 6479.24 (+234.77 = 0.01 + 232.14 + 0.00 + 0.00 + 2.62)

105th Add (Sname, S, D) : t[64], 418872557568, 26
Dist : [0, 0, 0, 0, 0, 0, 0, 0, 0, 0, 0, 0, 0, 0, 0, 0, 0, 0, 0, 0, 0, 0, 0, 0, 0, 0, 0, 0, 0, 0, 0, 0, 0, 0, 0, 0, 0, 0, 0, 0, 0, 0, 0, 0, 0, 0, 0, 0, 0, 0, 0, 0, 0, 0, 0, 0, 0, 0, 0, 0, 0, 0, 0, 0, 4, 4, 999, 2, 0, 5, 3, 4]
time : 6482.00 (+2.76 = 0.00 + 2.76)

106th Add (Sname, S, D) : t[65], 2373976064, 24
Dist : [0, 0, 0, 0, 0, 0, 0, 0, 0, 0, 0, 0, 0, 0, 0, 0, 0, 0, 0, 0, 0, 0, 0, 0, 0, 0, 0, 0, 0, 0, 0, 0, 0, 0, 0, 0, 0, 0, 0, 0, 0, 0, 0, 0, 0, 0, 0, 0, 0, 0, 0, 0, 0, 0, 0, 0, 0, 0, 0, 0, 0, 0, 0, 0, 4, 4, 999, 1, 0, 5, 3, 4]
time : 6733.58 (+251.58 = 0.01 + 248.74 + 0.00 + 0.00 + 2.84)

107th Add (Sname, S, D) : t[66], 418985803776, 26
Dist : [0, 0, 0, 0, 0, 0, 0, 0, 0, 0, 0, 0, 0, 0, 0, 0, 0, 0, 0, 0, 0, 0, 0, 0, 0, 0, 0, 0, 0, 0, 0, 0, 0, 0, 0, 0, 0, 0, 0, 0, 0, 0, 0, 0, 0, 0, 0, 0, 0, 0, 0, 0, 0, 0, 0, 0, 0, 0, 0, 0, 0, 0, 0, 0, 4, 4, 999, 0, 0, 5, 3, 4]
time : 6736.61 (+3.04 = 0.00 + 3.04)

108th Add (Sname, S, D) : t[67], 2428502016, 23
Dist : [0, 0, 0, 0, 0, 0, 0, 0, 0, 0, 0, 0, 0, 0, 0, 0, 0, 0, 0, 0, 0, 0, 0, 0, 0, 0, 0, 0, 0, 0, 0, 0, 0, 0, 0, 0, 0, 0, 0, 0, 0, 0, 0, 0, 0, 0, 0, 0, 0, 0, 0, 0, 0, 0, 0, 0, 0, 0, 0, 0, 0, 0, 0, 0, 4, 4, 999, 0, 0, 5, 2, 4]
time : 7011.44 (+274.83 = 0.01 + 271.86 + 0.00 + 0.00 + 2.95)

109th Add (Sname, S, D) : t[68], 2965372928, 24
Dist : [0, 0, 0, 0, 0, 0, 0, 0, 0, 0, 0, 0, 0, 0, 0, 0, 0, 0, 0, 0, 0, 0, 0, 0, 0, 0, 0, 0, 0, 0, 0, 0, 0, 0, 0, 0, 0, 0, 0, 0, 0, 0, 0, 0, 0, 0, 0, 0, 0, 0, 0, 0, 0, 0, 0, 0, 0, 0, 0, 0, 0, 0, 0, 0, 4, 4, 999, 0, 0, 5, 1, 4]
time : 7305.59 (+294.16 = 0.01 + 291.31 + 0.00 + 0.00 + 2.84)

110th Add (Sname, S, D) : t[69], 419577200640, 26
Dist : [0, 0, 0, 0, 0, 0, 0, 0, 0, 0, 0, 0, 0, 0, 0, 0, 0, 0, 0, 0, 0, 0, 0, 0, 0, 0, 0, 0, 0, 0, 0, 0, 0, 0, 0, 0, 0, 0, 0, 0, 0, 0, 0, 0, 0, 0, 0, 0, 0, 0, 0, 0, 0, 0, 0, 0, 0, 0, 0, 0, 0, 0, 0, 0, 4, 4, 999, 0, 0, 5, 0, 4]
time : 7308.55 (+2.96 = 0.00 + 2.96)

111th Add (Sname, S, D) : t[70], 17330864128, 24
Dist : [0, 0, 0, 0, 0, 0, 0, 0, 0, 0, 0, 0, 0, 0, 0, 0, 0, 0, 0, 0, 0, 0, 0, 0, 0, 0, 0, 0, 0, 0, 0, 0, 0, 0, 0, 0, 0, 0, 0, 0, 0, 0, 0, 0, 0, 0, 0, 0, 0, 0, 0, 0, 0, 0, 0, 0, 0, 0, 0, 0, 0, 0, 0, 0, 3, 4, 999, 0, 0, 5, 0, 4]
time : 7628.24 (+319.69 = 0.01 + 316.66 + 0.00 + 0.00 + 3.02)

112th Add (Sname, S, D) : t[71], 37748736, 24
Dist : [0, 0, 0, 0, 0, 0, 0, 0, 0, 0, 0, 0, 0, 0, 0, 0, 0, 0, 0, 0, 0, 0, 0, 0, 0, 0, 0, 0, 0, 0, 0, 0, 0, 0, 0, 0, 0, 0, 0, 0, 0, 0, 0, 0, 0, 0, 0, 0, 0, 0, 0, 0, 0, 0, 0, 0, 0, 0, 0, 0, 0, 0, 0, 0, 2, 4, 999, 0, 0, 5, 0, 4]
time : 7970.42 (+342.17 = 0.01 + 338.99 + 0.00 + 0.00 + 3.17)

113th Add (Sname, S, D) : t[72], 17368612864, 25
Dist : [0, 0, 0, 0, 0, 0, 0, 0, 0, 0, 0, 0, 0, 0, 0, 0, 0, 0, 0, 0, 0, 0, 0, 0, 0, 0, 0, 0, 0, 0, 0, 0, 0, 0, 0, 0, 0, 0, 0, 0, 0, 0, 0, 0, 0, 0, 0, 0, 0, 0, 0, 0, 0, 0, 0, 0, 0, 0, 0, 0, 0, 0, 0, 0, 1, 4, 999, 0, 0, 5, 0, 4]
time : 8332.45 (+362.03 = 0.01 + 358.70 + 0.00 + 0.00 + 3.32)

114th Add (Sname, S, D) : t[73], 464045211648, 26
Dist : [0, 0, 0, 0, 0, 0, 0, 0, 0, 0, 0, 0, 0, 0, 0, 0, 0, 0, 0, 0, 0, 0, 0, 0, 0, 0, 0, 0, 0, 0, 0, 0, 0, 0, 0, 0, 0, 0, 0, 0, 0, 0, 0, 0, 0, 0, 0, 0, 0, 0, 0, 0, 0, 0, 0, 0, 0, 0, 0, 0, 0, 0, 0, 0, 0, 4, 999, 0, 0, 5, 0, 4]
time : 8335.87 (+3.43 = 0.00 + 3.43)

115th Add (Sname, S, D) : t[74], 201326592, 23
Dist : [0, 0, 0, 0, 0, 0, 0, 0, 0, 0, 0, 0, 0, 0, 0, 0, 0, 0, 0, 0, 0, 0, 0, 0, 0, 0, 0, 0, 0, 0, 0, 0, 0, 0, 0, 0, 0, 0, 0, 0, 0, 0, 0, 0, 0, 0, 0, 0, 0, 0, 0, 0, 0, 0, 0, 0, 0, 0, 0, 0, 0, 0, 0, 0, 0, 3, 999, 0, 0, 5, 0, 4]
time : 8762.73 (+426.85 = 0.01 + 423.25 + 0.00 + 0.00 + 3.59)

116th Add (Sname, S, D) : t[75], 738197504, 24
Dist : [0, 0, 0, 0, 0, 0, 0, 0, 0, 0, 0, 0, 0, 0, 0, 0, 0, 0, 0, 0, 0, 0, 0, 0, 0, 0, 0, 0, 0, 0, 0, 0, 0, 0, 0, 0, 0, 0, 0, 0, 0, 0, 0, 0, 0, 0, 0, 0, 0, 0, 0, 0, 0, 0, 0, 0, 0, 0, 0, 0, 0, 0, 0, 0, 0, 2, 999, 0, 0, 5, 0, 4]
time : 9216.08 (+453.36 = 0.01 + 449.61 + 0.00 + 0.00 + 3.73)

117th Add (Sname, S, D) : t[76], 18991808512, 25
Dist : [0, 0, 0, 0, 0, 0, 0, 0, 0, 0, 0, 0, 0, 0, 0, 0, 0, 0, 0, 0, 0, 0, 0, 0, 0, 0, 0, 0, 0, 0, 0, 0, 0, 0, 0, 0, 0, 0, 0, 0, 0, 0, 0, 0, 0, 0, 0, 0, 0, 0, 0, 0, 0, 0, 0, 0, 0, 0, 0, 0, 0, 0, 0, 0, 0, 1, 7, 0, 0, 5, 0, 4]
time : 9696.50 (+480.42 = 0.01 + 476.58 + 0.00 + 0.00 + 3.83)

118th Add (Sname, S, D) : t[77], 465668407296, 26
Dist : [0, 0, 0, 0, 0, 0, 0, 0, 0, 0, 0, 0, 0, 0, 0, 0, 0, 0, 0, 0, 0, 0, 0, 0, 0, 0, 0, 0, 0, 0, 0, 0, 0, 0, 0, 0, 0, 0, 0, 0, 0, 0, 0, 0, 0, 0, 0, 0, 0, 0, 0, 0, 0, 0, 0, 0, 0, 0, 0, 0, 0, 0, 0, 0, 0, 0, 7, 0, 0, 5, 0, 4]
time : 9696.88 (+0.37 = 0.00 + 0.37)

119th Add (Sname, S, D) : t[78], 206158430208, 20
Dist : [0, 0, 0, 0, 0, 0, 0, 0, 0, 0, 0, 0, 0, 0, 0, 0, 0, 0, 0, 0, 0, 0, 0, 0, 0, 0, 0, 0, 0, 0, 0, 0, 0, 0, 0, 0, 0, 0, 0, 0, 0, 0, 0, 0, 0, 0, 0, 0, 0, 0, 0, 0, 0, 0, 0, 0, 0, 0, 0, 0, 0, 0, 0, 0, 0, 0, 6, 0, 0, 4, 0, 4]
time : 10856.66 (+1159.78 = 0.01 + 1159.40 + 0.00 + 0.00 + 0.37)

120th Add (Sname, S, D) : t[79], 224412041216, 25
Dist : [0, 0, 0, 0, 0, 0, 0, 0, 0, 0, 0, 0, 0, 0, 0, 0, 0, 0, 0, 0, 0, 0, 0, 0, 0, 0, 0, 0, 0, 0, 0, 0, 0, 0, 0, 0, 0, 0, 0, 0, 0, 0, 0, 0, 0, 0, 0, 0, 0, 0, 0, 0, 0, 0, 0, 0, 0, 0, 0, 0, 0, 0, 0, 0, 0, 0, 6, 0, 0, 3, 0, 4]
time : 11405.52 (+548.86 = 0.01 + 548.62 + 0.00 + 0.00 + 0.23)

121th Add (Sname, S, D) : t[80], 550028443648, 24
Dist : [0, 0, 0, 0, 0, 0, 0, 0, 0, 0, 0, 0, 0, 0, 0, 0, 0, 0, 0, 0, 0, 0, 0, 0, 0, 0, 0, 0, 0, 0, 0, 0, 0, 0, 0, 0, 0, 0, 0, 0, 0, 0, 0, 0, 0, 0, 0, 0, 0, 0, 0, 0, 0, 0, 0, 0, 0, 0, 0, 0, 0, 0, 0, 0, 0, 0, 6, 0, 0, 2, 0, 4]
time : 11955.45 (+549.93 = 0.01 + 549.68 + 0.00 + 0.00 + 0.24)

122th Add (Sname, S, D) : t[81], 550045220864, 25
Dist : [0, 0, 0, 0, 0, 0, 0, 0, 0, 0, 0, 0, 0, 0, 0, 0, 0, 0, 0, 0, 0, 0, 0, 0, 0, 0, 0, 0, 0, 0, 0, 0, 0, 0, 0, 0, 0, 0, 0, 0, 0, 0, 0, 0, 0, 0, 0, 0, 0, 0, 0, 0, 0, 0, 0, 0, 0, 0, 0, 0, 0, 0, 0, 0, 0, 0, 6, 0, 0, 1, 0, 4]
time : 12475.24 (+519.80 = 0.01 + 519.59 + 0.00 + 0.00 + 0.20)

123th Add (Sname, S, D) : t[82], 774457262080, 26
Dist : [0, 0, 0, 0, 0, 0, 0, 0, 0, 0, 0, 0, 0, 0, 0, 0, 0, 0, 0, 0, 0, 0, 0, 0, 0, 0, 0, 0, 0, 0, 0, 0, 0, 0, 0, 0, 0, 0, 0, 0, 0, 0, 0, 0, 0, 0, 0, 0, 0, 0, 0, 0, 0, 0, 0, 0, 0, 0, 0, 0, 0, 0, 0, 0, 0, 0, 6, 0, 0, 0, 0, 4]
time : 12475.46 (+0.22 = 0.00 + 0.22)

124th Add (Sname, S, D) : t[83], 276824064, 22
Dist : [0, 0, 0, 0, 0, 0, 0, 0, 0, 0, 0, 0, 0, 0, 0, 0, 0, 0, 0, 0, 0, 0, 0, 0, 0, 0, 0, 0, 0, 0, 0, 0, 0, 0, 0, 0, 0, 0, 0, 0, 0, 0, 0, 0, 0, 0, 0, 0, 0, 0, 0, 0, 0, 0, 0, 0, 0, 0, 0, 0, 0, 0, 0, 0, 0, 0, 6, 0, 0, 0, 0, 3]
time : 12979.47 (+504.02 = 0.01 + 503.79 + 0.00 + 0.00 + 0.22)

125th Add (Sname, S, D) : t[84], 813694976, 24
Dist : [0, 0, 0, 0, 0, 0, 0, 0, 0, 0, 0, 0, 0, 0, 0, 0, 0, 0, 0, 0, 0, 0, 0, 0, 0, 0, 0, 0, 0, 0, 0, 0, 0, 0, 0, 0, 0, 0, 0, 0, 0, 0, 0, 0, 0, 0, 0, 0, 0, 0, 0, 0, 0, 0, 0, 0, 0, 0, 0, 0, 0, 0, 0, 0, 0, 0, 6, 0, 0, 0, 0, 2]
time : 13517.46 (+537.98 = 0.01 + 537.72 + 0.00 + 0.00 + 0.25)

126th Add (Sname, S, D) : t[85], 3053453312, 25
Dist : [0, 0, 0, 0, 0, 0, 0, 0, 0, 0, 0, 0, 0, 0, 0, 0, 0, 0, 0, 0, 0, 0, 0, 0, 0, 0, 0, 0, 0, 0, 0, 0, 0, 0, 0, 0, 0, 0, 0, 0, 0, 0, 0, 0, 0, 0, 0, 0, 0, 0, 0, 0, 0, 0, 0, 0, 0, 0, 0, 0, 0, 0, 0, 0, 0, 0, 6, 0, 0, 0, 0, 1]
time : 14153.20 (+635.74 = 0.01 + 635.45 + 0.00 + 0.00 + 0.28)

127th Add (Sname, S, D) : t[86], 419665281024, 26
Dist : [0, 0, 0, 0, 0, 0, 0, 0, 0, 0, 0, 0, 0, 0, 0, 0, 0, 0, 0, 0, 0, 0, 0, 0, 0, 0, 0, 0, 0, 0, 0, 0, 0, 0, 0, 0, 0, 0, 0, 0, 0, 0, 0, 0, 0, 0, 0, 0, 0, 0, 0, 0, 0, 0, 0, 0, 0, 0, 0, 0, 0, 0, 0, 0, 0, 0, 6, 0, 0, 0, 0, 0]
time : 14153.90 (+0.70 = 0.00 + 0.70)

128th Add (Sname, S, D) : t[87], 206309425152, 21
Dist : [0, 0, 0, 0, 0, 0, 0, 0, 0, 0, 0, 0, 0, 0, 0, 0, 0, 0, 0, 0, 0, 0, 0, 0, 0, 0, 0, 0, 0, 0, 0, 0, 0, 0, 0, 0, 0, 0, 0, 0, 0, 0, 0, 0, 0, 0, 0, 0, 0, 0, 0, 0, 0, 0, 0, 0, 0, 0, 0, 0, 0, 0, 0, 0, 0, 0, 5, 0, 0, 0, 0, 0]
time : 14837.52 (+683.63 = 0.01 + 683.34 + 0.00 + 0.00 + 0.28)

129th Add (Sname, S, D) : t[88], 210604392448, 22
Dist : [0, 0, 0, 0, 0, 0, 0, 0, 0, 0, 0, 0, 0, 0, 0, 0, 0, 0, 0, 0, 0, 0, 0, 0, 0, 0, 0, 0, 0, 0, 0, 0, 0, 0, 0, 0, 0, 0, 0, 0, 0, 0, 0, 0, 0, 0, 0, 0, 0, 0, 0, 0, 0, 0, 0, 0, 0, 0, 0, 0, 0, 0, 0, 0, 0, 0, 4, 0, 0, 0, 0, 0]
time : 15544.08 (+706.56 = 0.01 + 706.27 + 0.00 + 0.00 + 0.27)

130th Add (Sname, S, D) : t[89], 219194327040, 23
Dist : [0, 0, 0, 0, 0, 0, 0, 0, 0, 0, 0, 0, 0, 0, 0, 0, 0, 0, 0, 0, 0, 0, 0, 0, 0, 0, 0, 0, 0, 0, 0, 0, 0, 0, 0, 0, 0, 0, 0, 0, 0, 0, 0, 0, 0, 0, 0, 0, 0, 0, 0, 0, 0, 0, 0, 0, 0, 0, 0, 0, 0, 0, 0, 0, 0, 0, 3, 0, 0, 0, 0, 0]
time : 16283.72 (+739.64 = 0.01 + 739.35 + 0.00 + 0.00 + 0.27)

131th Add (Sname, S, D) : t[90], 494072233984, 24
Dist : [0, 0, 0, 0, 0, 0, 0, 0, 0, 0, 0, 0, 0, 0, 0, 0, 0, 0, 0, 0, 0, 0, 0, 0, 0, 0, 0, 0, 0, 0, 0, 0, 0, 0, 0, 0, 0, 0, 0, 0, 0, 0, 0, 0, 0, 0, 0, 0, 0, 0, 0, 0, 0, 0, 0, 0, 0, 0, 0, 0, 0, 0, 0, 0, 0, 0, 2, 0, 0, 0, 0, 0]
time : 17065.25 (+781.53 = 0.01 + 781.22 + 0.00 + 0.00 + 0.30)

132th Add (Sname, S, D) : t[91], 494109982720, 25
Dist : [0, 0, 0, 0, 0, 0, 0, 0, 0, 0, 0, 0, 0, 0, 0, 0, 0, 0, 0, 0, 0, 0, 0, 0, 0, 0, 0, 0, 0, 0, 0, 0, 0, 0, 0, 0, 0, 0, 0, 0, 0, 0, 0, 0, 0, 0, 0, 0, 0, 0, 0, 0, 0, 0, 0, 0, 0, 0, 0, 0, 0, 0, 0, 0, 0, 0, 1, 0, 0, 0, 0, 0]
time : 17719.74 (+654.49 = 0.01 + 654.22 + 0.00 + 0.00 + 0.26)

133th Add (Sname, S, D) : t[92], 512833355776, 26
Dist : [0, 0, 0, 0, 0, 0, 0, 0, 0, 0, 0, 0, 0, 0, 0, 0, 0, 0, 0, 0, 0, 0, 0, 0, 0, 0, 0, 0, 0, 0, 0, 0, 0, 0, 0, 0, 0, 0, 0, 0, 0, 0, 0, 0, 0, 0, 0, 0, 0, 0, 0, 0, 0, 0, 0, 0, 0, 0, 0, 0, 0, 0, 0, 0, 0, 0, 0, 0, 0, 0, 0, 0]
time : 17719.99 (+0.25 = 0.00 + 0.25)

XOR : 93
Circuit : ['r[5]=x[0]', 'r[33]=x[0]', 't[0]=x[1]^x[7]', 'r[6]=t[0]', 'r[53]=t[0]', 't[1]=x[4]^x[7]', 'r[12]=t[1]', 'r[59]=t[1]', 't[2]=x[2]^x[4]', 'r[14]=t[2]', 'r[61]=t[2]', 't[3]=t[0]^t[2]', 'r[0]=t[3]', 'r[47]=t[3]', 't[4]=x[2]^x[7]', 'r[16]=t[4]', 'r[63]=t[4]', 't[5]=x[5]^x[6]', 't[6]=x[0]^t[5]', 'r[9]=t[6]', 'r[37]=t[6]', 't[7]=x[4]^t[6]', 'r[4]=t[7]', 'r[51]=t[7]', 'g[2]=r[4]&r[5]', 't[8]=t[3]^t[7]', 'r[2]=t[8]', 'r[49]=t[8]', 't[9]=x[1]^t[6]', 'r[8]=t[9]', 'r[55]=t[9]', 'g[4]=r[8]&r[9]', 't[10]=x[7]^t[6]', 'r[10]=t[10]', 'r[57]=t[10]', 't[11]=x[2]^x[3]', 't[12]=t[3]^t[11]', 'r[1]=t[12]', 'r[29]=t[12]', 'g[0]=r[0]&r[1]', 't[13]=x[0]^t[12]', 'r[3]=t[13]', 'r[31]=t[13]', 'g[1]=r[2]&r[3]', 't[14]=t[5]^t[12]', 'r[17]=t[14]', 'r[45]=t[14]', 'g[8]=r[16]&r[17]', 't[15]=x[5]^t[11]', 't[16]=x[1]^t[15]', 'r[7]=t[16]', 'r[35]=t[16]', 'g[3]=r[6]&r[7]', 't[17]=t[6]^t[16]', 'r[11]=t[17]', 'r[39]=t[17]', 'g[5]=r[10]&r[11]', 't[18]=t[5]^t[16]', 'r[13]=t[18]', 'r[41]=t[18]', 'g[6]=r[12]&r[13]', 't[19]=t[12]^t[16]', 'r[15]=t[19]', 'r[43]=t[19]', 'g[7]=r[14]&r[15]', 't[20]=g[8]^g[7]', 't[21]=g[3]^g[6]', 't[22]=t[16]^t[21]', 't[23]=g[5]^t[22]', 't[24]=x[7]^t[23]', 't[25]=g[8]^t[24]', 'r[24]=t[25]', 't[26]=g[7]^t[22]', 't[27]=t[0]^t[26]', 't[28]=g[4]^t[27]', 'r[19]=t[28]', 't[29]=t[25]^t[28]', 'r[23]=t[29]', 't[30]=g[1]^t[20]', 't[31]=t[19]^t[30]', 't[32]=g[2]^t[31]', 't[33]=t[2]^t[32]', 'r[20]=t[33]', 't[34]=g[6]^t[31]', 't[35]=t[14]^t[34]', 't[36]=g[0]^t[35]', 't[37]=g[8]^t[36]', 't[38]=t[1]^t[37]', 'r[18]=t[38]', 'g[9]=r[18]&r[19]', 't[39]=t[25]^g[9]', 'r[21]=t[39]', 'g[10]=r[20]&r[21]', 't[40]=t[33]^t[38]', 't[41]=g[9]^t[40]', 'r[22]=t[41]', 'g[11]=r[22]&r[23]', 't[42]=g[9]^g[11]', 'r[25]=t[42]', 'g[12]=r[24]&r[25]', 't[43]=g[10]^t[40]', 'r[26]=t[43]', 'r[38]=t[43]', 'r[56]=t[43]', 'g[19]=r[38]&r[39]', 'g[28]=r[56]&r[57]', 't[44]=t[39]^g[12]', 'r[27]=t[44]', 'g[13]=r[26]&r[27]', 't[45]=t[28]^g[12]', 'r[28]=t[45]', 'r[46]=t[45]', 'g[14]=r[28]&r[29]', 'g[23]=r[46]&r[47]', 't[46]=t[25]^g[11]', 'r[32]=t[46]', 'r[50]=t[46]', 'g[16]=r[32]&r[33]', 'g[25]=r[50]&r[51]', 't[47]=t[45]^t[46]', 'r[30]=t[47]', 'r[48]=t[47]', 'g[15]=r[30]&r[31]', 'g[24]=r[48]&r[49]', 't[48]=t[33]^g[13]', 'r[36]=t[48]', 'r[54]=t[48]', 'g[18]=r[36]&r[37]', 'g[27]=r[54]&r[55]', 't[49]=t[43]^t[48]', 'r[34]=t[49]', 'r[52]=t[49]', 'g[17]=r[34]&r[35]', 'g[26]=r[52]&r[53]', 't[50]=t[43]^t[46]', 'r[40]=t[50]', 'r[58]=t[50]', 'g[20]=r[40]&r[41]', 'g[29]=r[58]&r[59]', 't[51]=t[47]^t[48]', 'r[44]=t[51]', 'r[62]=t[51]', 'g[22]=r[44]&r[45]', 'g[31]=r[62]&r[63]', 't[52]=t[43]^t[45]', 't[53]=t[48]^t[52]', 'r[42]=t[53]', 'r[60]=t[53]', 'g[21]=r[42]&r[43]', 'g[30]=r[60]&r[61]', 't[54]=g[29]^g[30]', 't[55]=g[24]^t[54]', 't[56]=g[23]^g[15]', 't[57]=g[18]^t[56]', 't[58]=g[17]^t[57]', 't[59]=g[19]^g[16]', 't[60]=g[27]^t[54]', 't[61]=g[14]^g[20]', 't[62]=g[26]^g[22]', 't[63]=g[14]^t[58]', 't[64]=t[55]^t[63]', 'y[4]=t[64]', 't[65]=t[57]^t[59]', 't[66]=t[55]^t[65]', 'y[3]=t[66]', 't[67]=t[56]^t[61]', 't[68]=g[21]^t[67]', 't[69]=t[55]^t[68]', 'y[6]=t[69]^1', 't[70]=g[26]^t[59]', 't[71]=g[14]^g[17]', 't[72]=t[70]^t[71]', 't[73]=t[60]^t[72]', 'y[0]=t[73]^1', 't[74]=g[19]^g[18]', 't[75]=g[21]^t[74]', 't[76]=t[62]^t[75]', 't[77]=t[60]^t[76]', 'y[1]=t[77]^1', 't[78]=g[28]^g[29]', 't[79]=t[62]^t[78]', 't[80]=g[31]^t[61]', 't[81]=g[16]^t[80]', 't[82]=t[79]^t[81]', 'y[5]=t[82]^1', 't[83]=g[15]^g[20]', 't[84]=g[21]^t[83]', 't[85]=t[58]^t[84]', 't[86]=t[55]^t[85]', 'y[7]=t[86]', 't[87]=t[59]^t[78]', 't[88]=g[24]^t[87]', 't[89]=g[25]^t[88]', 't[90]=g[30]^t[89]', 't[91]=t[71]^t[90]', 't[92]=t[76]^t[91]', 'y[2]=t[92]']