n : 8
m : 8
H : 15
Y : [150, 154, 231, 155, 113, 1, 130, 46, 2, 97, 225, 79, 144, 78, 20, 180, 132, 250, 7024, 49920, 240496, 100000, 231072, 110592, 49920, 92272, 100000, 1048576, 83360, 55408, 110592, 4194304, 9050992, 154, 8614656, 155, 616560, 1, 2490368, 46, 2311584, 97, 345504, 79, 798160, 78, 11279216, 180, 10499744, 250, 9050992, 150, 8614656, 231, 616560, 113, 2490368, 130, 2311584, 99, 345504, 225, 798160, 144, 11279216, 20, 10499744, 132, 1856180846592, 1862673629184, 2051333423104, 1675943215104, 1675490230272, 3097829048320, 1678308802560, 1678661124096]
XORs : {'r[0]': ['x[7]', 'x[1]', 'x[4]', 'x[2]'], 'r[1]': ['x[7]', 'x[4]', 'x[3]', 'x[1]'], 'r[2]': ['x[7]', 'x[2]', 'x[6]', 'x[5]', 'x[1]', 'x[0]'], 'r[3]': ['x[0]', 'x[7]', 'x[4]', 'x[3]', 'x[1]'], 'r[4]': ['x[6]', 'x[5]', 'x[4]', 'x[0]'], 'r[5]': ['x[0]'], 'r[6]': ['x[7]', 'x[1]'], 'r[7]': ['x[3]', 'x[1]', 'x[5]', 'x[2]'], 'r[8]': ['x[1]'], 'r[9]': ['x[0]', 'x[6]', 'x[5]'], 'r[10]': ['x[7]', 'x[6]', 'x[5]', 'x[0]'], 'r[11]': ['x[0]', 'x[6]', 'x[3]', 'x[1]', 'x[2]'], 'r[12]': ['x[7]', 'x[4]'], 'r[13]': ['x[3]', 'x[1]', 'x[6]', 'x[2]'], 'r[14]': ['x[4]', 'x[2]'], 'r[15]': ['x[7]', 'x[4]', 'x[5]', 'x[2]'], 'r[16]': ['x[7]', 'x[2]'], 'r[17]': ['x[6]', 'x[5]', 'x[7]', 'x[4]', 'x[3]', 'x[1]'], 'r[18]': ['g[4]', 'g[3]', 'x[4]', 'x[6]', 'x[5]', 'g[1]', 'g[0]'], 'r[19]': ['g[1]', 'g[7]', 'g[6]', 'g[0]'], 'r[20]': ['g[9]', 'g[5]', 'g[3]', 'g[8]', 'x[5]', 'x[4]', 'x[6]', 'g[1]', 'g[7]', 'g[0]'], 'r[21]': ['g[1]', 'g[7]', 'g[8]', 'g[2]', 'x[7]', 'x[5]'], 'r[22]': ['g[9]', 'g[8]', 'g[2]', 'x[5]', 'x[7]', 'g[1]', 'g[7]'], 'r[23]': ['g[4]', 'g[7]', 'g[5]', 'g[8]'], 'r[24]': ['g[1]', 'g[7]', 'g[6]', 'g[0]'], 'r[25]': ['g[5]', 'g[3]', 'g[8]', 'g[6]', 'x[5]', 'x[4]', 'x[6]'], 'r[26]': ['g[1]', 'g[7]', 'g[8]', 'g[2]', 'x[7]', 'x[5]'], 'r[27]': ['g[12]'], 'r[28]': ['g[8]', 'g[6]', 'g[2]', 'g[0]', 'x[5]', 'x[7]'], 'r[29]': ['g[4]', 'g[7]', 'g[6]', 'g[3]', 'x[4]', 'x[6]', 'x[5]'], 'r[30]': ['g[4]', 'g[7]', 'g[5]', 'g[8]'], 'r[31]': ['g[14]'], 'r[32]': ['g[11]', 'g[15]', 'g[9]', 'g[4]', 'g[3]', 'x[4]', 'x[6]', 'x[5]', 'g[1]', 'g[0]'], 'r[33]': ['x[7]', 'x[4]', 'x[3]', 'x[1]'], 'r[34]': ['g[15]', 'g[9]', 'g[4]', 'g[5]', 'g[8]', 'g[1]', 'g[6]', 'g[0]'], 'r[35]': ['x[0]', 'x[7]', 'x[4]', 'x[3]', 'x[1]'], 'r[36]': ['g[11]', 'g[5]', 'g[3]', 'g[8]', 'g[6]', 'x[5]', 'x[4]', 'x[6]'], 'r[37]': ['x[0]'], 'r[38]': ['g[10]', 'g[13]', 'g[9]'], 'r[39]': ['x[3]', 'x[1]', 'x[5]', 'x[2]'], 'r[40]': ['g[13]', 'g[9]', 'g[8]', 'g[2]', 'x[7]', 'x[5]', 'g[6]', 'g[0]'], 'r[41]': ['x[0]', 'x[6]', 'x[5]'], 'r[42]': ['g[10]', 'g[8]', 'g[6]', 'g[2]', 'g[0]', 'x[5]', 'x[7]'], 'r[43]': ['x[0]', 'x[6]', 'x[3]', 'x[1]', 'x[2]'], 'r[44]': ['g[10]', 'g[11]', 'g[2]', 'g[0]', 'g[5]', 'g[3]', 'x[6]', 'x[7]', 'x[4]'], 'r[45]': ['x[3]', 'x[1]', 'x[6]', 'x[2]'], 'r[46]': ['g[10]', 'g[11]', 'g[13]', 'g[15]', 'g[1]', 'g[4]', 'g[0]', 'g[3]', 'x[4]', 'x[6]', 'x[5]'], 'r[47]': ['x[7]', 'x[4]', 'x[5]', 'x[2]'], 'r[48]': ['g[13]', 'g[15]', 'g[1]', 'g[4]', 'g[2]', 'g[5]', 'x[7]', 'x[5]'], 'r[49]': ['x[6]', 'x[5]', 'x[7]', 'x[4]', 'x[3]', 'x[1]'], 'r[50]': ['g[11]', 'g[15]', 'g[9]', 'g[4]', 'g[3]', 'x[4]', 'x[6]', 'x[5]', 'g[1]', 'g[0]'], 'r[51]': ['x[7]', 'x[1]', 'x[4]', 'x[2]'], 'r[52]': ['g[15]', 'g[9]', 'g[4]', 'g[5]', 'g[8]', 'g[1]', 'g[6]', 'g[0]'], 'r[53]': ['x[7]', 'x[2]', 'x[6]', 'x[5]', 'x[1]', 'x[0]'], 'r[54]': ['g[11]', 'g[5]', 'g[3]', 'g[8]', 'g[6]', 'x[5]', 'x[4]', 'x[6]'], 'r[55]': ['x[6]', 'x[5]', 'x[4]', 'x[0]'], 'r[56]': ['g[10]', 'g[13]', 'g[9]'], 'r[57]': ['x[7]', 'x[1]'], 'r[58]': ['g[13]', 'g[9]', 'g[8]', 'g[2]', 'x[7]', 'x[5]', 'g[6]', 'g[0]'], 'r[59]': ['x[6]', 'x[5]', 'x[1]', 'x[0]'], 'r[60]': ['g[10]', 'g[8]', 'g[6]', 'g[2]', 'g[0]', 'x[5]', 'x[7]'], 'r[61]': ['x[7]', 'x[6]', 'x[5]', 'x[0]'], 'r[62]': ['g[10]', 'g[11]', 'g[2]', 'g[0]', 'g[5]', 'g[3]', 'x[6]', 'x[7]', 'x[4]'], 'r[63]': ['x[7]', 'x[4]'], 'r[64]': ['g[10]', 'g[11]', 'g[13]', 'g[15]', 'g[1]', 'g[4]', 'g[0]', 'g[3]', 'x[4]', 'x[6]', 'x[5]'], 'r[65]': ['x[4]', 'x[2]'], 'r[66]': ['g[13]', 'g[15]', 'g[1]', 'g[4]', 'g[2]', 'g[5]', 'x[7]', 'x[5]'], 'r[67]': ['x[7]', 'x[2]'], 'y[7]': ['g[32]', 'g[19]', 'g[31]', 'g[25]', 'g[22]', 'g[23]', 'g[20]', 'g[26]'], 'y[6]': ['g[26]', 'g[31]', 'g[32]', 'g[16]', 'g[22]', 'g[23]', 'g[17]', 'g[25]'], 'y[5]': ['g[33]', 'g[24]', 'g[28]', 'g[30]', 'g[22]', 'g[31]', 'g[16]', 'g[18]'], 'y[4]': ['g[32]', 'g[19]', 'g[31]', 'g[20]', 'g[26]', 'g[16]', 'g[17]', 'g[25]'], 'y[3]': ['g[31]', 'g[32]', 'g[20]', 'g[26]', 'g[17]', 'g[25]', 'g[18]', 'g[21]'], 'y[2]': ['g[32]', 'g[23]', 'g[30]', 'g[27]', 'g[19]', 'g[31]', 'g[24]', 'g[28]', 'g[16]', 'g[18]', 'g[20]', 'g[26]'], 'y[1]': ['g[20]', 'g[31]', 'g[32]', 'g[21]', 'g[29]', 'g[23]', 'g[24]', 'g[28]'], 'y[0]': ['g[32]', 'g[19]', 'g[31]', 'g[28]', 'g[16]', 'g[18]', 'g[21]', 'g[29]']}
HY : [3, 3, 3, 3, 5, 0, 1, 3, 0, 2, 3, 3, 1, 2, 1, 3, 1, 3, 6, 6, 8, 7, 8, 8, 6, 6, 7, 7, 7, 7, 8, 8, 11, 3, 10, 3, 10, 0, 10, 3, 10, 2, 10, 3, 11, 2, 11, 3, 10, 3, 11, 3, 10, 3, 10, 5, 10, 1, 10, 12, 10, 3, 11, 1, 11, 1, 10, 1, 15, 15, 15, 15, 15, 15, 15, 15]
sbp_pool_size : 2

Dist : [3, 3, 5, 4, 3, 0, 1, 3, 0, 2, 3, 4, 1, 3, 1, 3, 1, 5, 999, 999, 999, 999, 999, 999, 999, 999, 999, 999, 999, 999, 999, 999, 999, 3, 999, 4, 999, 0, 999, 3, 999, 2, 999, 4, 999, 3, 999, 3, 999, 5, 999, 3, 999, 5, 999, 3, 999, 1, 999, 3, 999, 3, 999, 1, 999, 1, 999, 1, 999, 999, 999, 999, 999, 999, 999, 999]
time : 0.01 (+0.01)

9th Add (Sname, S, D) : t[0], 130, 1
Dist : [2, 2, 4, 3, 3, 0, 0, 3, 0, 2, 3, 4, 1, 3, 1, 3, 1, 4, 999, 999, 999, 999, 999, 999, 999, 999, 999, 999, 999, 999, 999, 999, 999, 2, 999, 3, 999, 0, 999, 3, 999, 2, 999, 4, 999, 3, 999, 3, 999, 4, 999, 2, 999, 4, 999, 3, 999, 0, 999, 3, 999, 3, 999, 1, 999, 1, 999, 1, 999, 999, 999, 999, 999, 999, 999, 999]
time : 0.01 (+0.01 = 0.00 + 0.00)

10th Add (Sname, S, D) : t[1], 144, 1
Dist : [2, 2, 4, 3, 3, 0, 0, 3, 0, 2, 3, 4, 0, 3, 1, 2, 1, 4, 999, 999, 999, 999, 999, 999, 999, 999, 999, 999, 999, 999, 999, 999, 999, 2, 999, 3, 999, 0, 999, 3, 999, 2, 999, 4, 999, 3, 999, 2, 999, 4, 999, 2, 999, 4, 999, 3, 999, 0, 999, 3, 999, 3, 999, 0, 999, 1, 999, 1, 999, 999, 999, 999, 999, 999, 999, 999]
time : 0.01 (+0.00 = 0.00 + 0.00)

11th Add (Sname, S, D) : t[2], 20, 1
Dist : [1, 2, 4, 3, 3, 0, 0, 3, 0, 2, 3, 4, 0, 3, 0, 2, 1, 4, 999, 999, 999, 999, 999, 999, 999, 999, 999, 999, 999, 999, 999, 999, 999, 2, 999, 3, 999, 0, 999, 3, 999, 2, 999, 4, 999, 3, 999, 2, 999, 4, 999, 1, 999, 4, 999, 3, 999, 0, 999, 3, 999, 3, 999, 0, 999, 0, 999, 1, 999, 999, 999, 999, 999, 999, 999, 999]
time : 0.01 (+0.00 = 0.00 + 0.00)

12th Add (Sname, S, D) : t[3], 150, 2
Dist : [0, 2, 4, 3, 3, 0, 0, 3, 0, 2, 3, 4, 0, 3, 0, 2, 1, 4, 999, 999, 999, 999, 999, 999, 999, 999, 999, 999, 999, 999, 999, 999, 999, 2, 999, 3, 999, 0, 999, 3, 999, 2, 999, 4, 999, 3, 999, 2, 999, 4, 999, 0, 999, 4, 999, 3, 999, 0, 999, 3, 999, 3, 999, 0, 999, 0, 999, 1, 999, 999, 999, 999, 999, 999, 999, 999]
time : 0.01 (+0.00 = 0.00 + 0.00)

13th Add (Sname, S, D) : t[4], 132, 1
Dist : [0, 2, 4, 3, 3, 0, 0, 3, 0, 2, 3, 4, 0, 3, 0, 2, 0, 4, 999, 999, 999, 999, 999, 999, 999, 999, 999, 999, 999, 999, 999, 999, 999, 2, 999, 3, 999, 0, 999, 3, 999, 2, 999, 4, 999, 3, 999, 2, 999, 4, 999, 0, 999, 4, 999, 3, 999, 0, 999, 3, 999, 3, 999, 0, 999, 0, 999, 0, 999, 999, 999, 999, 999, 999, 999, 999]
time : 0.01 (+0.00 = 0.00 + 0.00)

14th Add (Sname, S, D) : t[5], 10, 1
Dist : [0, 1, 4, 2, 3, 0, 0, 2, 0, 2, 3, 3, 0, 2, 0, 2, 0, 3, 999, 999, 999, 999, 999, 999, 999, 999, 999, 999, 999, 999, 999, 999, 999, 1, 999, 2, 999, 0, 999, 2, 999, 2, 999, 3, 999, 2, 999, 2, 999, 3, 999, 0, 999, 4, 999, 3, 999, 0, 999, 3, 999, 3, 999, 0, 999, 0, 999, 0, 999, 999, 999, 999, 999, 999, 999, 999]
time : 0.01 (+0.00 = 0.00 + 0.00 + 0.00 + 0.00 + 0.00)

15th Add (Sname, S, D) : t[6], 154, 2
Dist : [0, 0, 4, 1, 3, 0, 0, 2, 0, 2, 3, 3, 0, 2, 0, 2, 0, 2, 999, 999, 999, 999, 999, 999, 999, 999, 999, 999, 999, 999, 999, 999, 999, 0, 999, 1, 999, 0, 999, 2, 999, 2, 999, 3, 999, 2, 999, 2, 999, 2, 999, 0, 999, 4, 999, 3, 999, 0, 999, 3, 999, 3, 999, 0, 999, 0, 999, 0, 999, 999, 999, 999, 999, 999, 999, 999]
time : 0.01 (+0.00 = 0.00 + 0.00)

16th Add (Sname, S, D) : g[0], 256, 3
Dist : [0, 0, 4, 1, 3, 0, 0, 2, 0, 2, 3, 3, 0, 2, 0, 2, 0, 2, 999, 999, 999, 999, 999, 999, 999, 999, 999, 999, 999, 999, 999, 999, 999, 0, 999, 1, 999, 0, 999, 2, 999, 2, 999, 3, 999, 2, 999, 2, 999, 2, 999, 0, 999, 4, 999, 3, 999, 0, 999, 3, 999, 3, 999, 0, 999, 0, 999, 0, 999, 999, 999, 999, 999, 999, 999, 999]
time : 0.01 (+0.00 = 0.00 + 0.00)

17th Add (Sname, S, D) : t[7], 155, 3
Dist : [0, 0, 4, 0, 3, 0, 0, 2, 0, 2, 3, 3, 0, 2, 0, 2, 0, 2, 999, 999, 999, 999, 999, 999, 999, 999, 999, 999, 999, 999, 999, 999, 999, 0, 999, 0, 999, 0, 999, 2, 999, 2, 999, 3, 999, 2, 999, 2, 999, 2, 999, 0, 999, 4, 999, 3, 999, 0, 999, 3, 999, 3, 999, 0, 999, 0, 999, 0, 999, 999, 999, 999, 999, 999, 999, 999]
time : 0.01 (+0.00 = 0.00 + 0.00)

18th Add (Sname, S, D) : t[8], 96, 1
Dist : [0, 0, 3, 0, 2, 0, 0, 2, 0, 1, 2, 3, 0, 2, 0, 2, 0, 1, 999, 999, 999, 999, 999, 999, 999, 999, 999, 999, 999, 999, 999, 999, 999, 0, 999, 0, 999, 0, 999, 2, 999, 1, 999, 3, 999, 2, 999, 2, 999, 1, 999, 0, 999, 3, 999, 2, 999, 0, 999, 2, 999, 2, 999, 0, 999, 0, 999, 0, 999, 999, 999, 999, 999, 999, 999, 999]
time : 0.02 (+0.01 = 0.00 + 0.01 + 0.00 + 0.00 + 0.00)

19th Add (Sname, S, D) : t[9], 97, 2
Dist : [0, 0, 2, 0, 1, 0, 0, 2, 0, 0, 1, 3, 0, 2, 0, 2, 0, 1, 999, 999, 999, 999, 999, 999, 999, 999, 999, 999, 999, 999, 999, 999, 999, 0, 999, 0, 999, 0, 999, 2, 999, 0, 999, 3, 999, 2, 999, 2, 999, 1, 999, 0, 999, 2, 999, 1, 999, 0, 999, 1, 999, 1, 999, 0, 999, 0, 999, 0, 999, 999, 999, 999, 999, 999, 999, 999]
time : 0.02 (+0.00 = 0.00 + 0.00)

20th Add (Sname, S, D) : g[4], 4096, 3
Dist : [0, 0, 2, 0, 1, 0, 0, 2, 0, 0, 1, 3, 0, 2, 0, 2, 0, 1, 999, 999, 999, 999, 999, 999, 999, 999, 999, 999, 999, 999, 999, 999, 999, 0, 999, 0, 999, 0, 999, 2, 999, 0, 999, 3, 999, 2, 999, 2, 999, 1, 999, 0, 999, 2, 999, 1, 999, 0, 999, 1, 999, 1, 999, 0, 999, 0, 999, 0, 999, 999, 999, 999, 999, 999, 999, 999]
time : 0.02 (+0.00 = 0.00 + 0.00)

21th Add (Sname, S, D) : t[10], 113, 3
Dist : [0, 0, 2, 0, 0, 0, 0, 2, 0, 0, 1, 3, 0, 2, 0, 2, 0, 1, 999, 999, 999, 999, 999, 999, 999, 999, 999, 999, 999, 999, 999, 999, 999, 0, 999, 0, 999, 0, 999, 2, 999, 0, 999, 3, 999, 2, 999, 2, 999, 1, 999, 0, 999, 2, 999, 0, 999, 0, 999, 1, 999, 1, 999, 0, 999, 0, 999, 0, 999, 999, 999, 999, 999, 999, 999, 999]
time : 0.02 (+0.00 = 0.00 + 0.00)

22th Add (Sname, S, D) : g[2], 1024, 4
Dist : [0, 0, 2, 0, 0, 0, 0, 2, 0, 0, 1, 3, 0, 2, 0, 2, 0, 1, 999, 999, 999, 999, 999, 999, 999, 999, 999, 999, 999, 999, 999, 999, 999, 0, 999, 0, 999, 0, 999, 2, 999, 0, 999, 3, 999, 2, 999, 2, 999, 1, 999, 0, 999, 2, 999, 0, 999, 0, 999, 1, 999, 1, 999, 0, 999, 0, 999, 0, 999, 999, 999, 999, 999, 999, 999, 999]
time : 0.02 (+0.00 = 0.00 + 0.00)

23th Add (Sname, S, D) : t[11], 225, 3
Dist : [0, 0, 2, 0, 0, 0, 0, 2, 0, 0, 0, 3, 0, 2, 0, 2, 0, 1, 999, 999, 999, 999, 999, 999, 999, 999, 999, 999, 999, 999, 999, 999, 999, 0, 999, 0, 999, 0, 999, 2, 999, 0, 999, 3, 999, 2, 999, 2, 999, 1, 999, 0, 999, 2, 999, 0, 999, 0, 999, 1, 999, 0, 999, 0, 999, 0, 999, 0, 999, 999, 999, 999, 999, 999, 999, 999]
time : 0.02 (+0.00 = 0.00 + 0.00)

24th Add (Sname, S, D) : t[12], 250, 3
Dist : [0, 0, 2, 0, 0, 0, 0, 2, 0, 0, 0, 3, 0, 2, 0, 2, 0, 0, 999, 999, 999, 999, 999, 999, 999, 999, 999, 999, 999, 999, 999, 999, 999, 0, 999, 0, 999, 0, 999, 2, 999, 0, 999, 3, 999, 2, 999, 2, 999, 0, 999, 0, 999, 2, 999, 0, 999, 0, 999, 1, 999, 0, 999, 0, 999, 0, 999, 0, 999, 999, 999, 999, 999, 999, 999, 999]
time : 0.02 (+0.00 = 0.00 + 0.00)

25th Add (Sname, S, D) : g[8], 65536, 4
Dist : [0, 0, 2, 0, 0, 0, 0, 2, 0, 0, 0, 3, 0, 2, 0, 2, 0, 0, 999, 999, 999, 999, 999, 999, 999, 999, 999, 999, 999, 999, 999, 999, 999, 0, 999, 0, 999, 0, 999, 2, 999, 0, 999, 3, 999, 2, 999, 2, 999, 0, 999, 0, 999, 2, 999, 0, 999, 0, 999, 1, 999, 0, 999, 0, 999, 0, 999, 0, 999, 999, 999, 999, 999, 999, 999, 999]
time : 0.02 (+0.00 = 0.00 + 0.00)

26th Add (Sname, S, D) : t[13], 99, 3
Dist : [0, 0, 2, 0, 0, 0, 0, 2, 0, 0, 0, 3, 0, 2, 0, 2, 0, 0, 999, 999, 999, 999, 999, 999, 999, 999, 999, 999, 999, 999, 999, 999, 999, 0, 999, 0, 999, 0, 999, 2, 999, 0, 999, 3, 999, 2, 999, 2, 999, 0, 999, 0, 999, 2, 999, 0, 999, 0, 999, 0, 999, 0, 999, 0, 999, 0, 999, 0, 999, 999, 999, 999, 999, 999, 999, 999]
time : 0.02 (+0.00 = 0.00 + 0.00)

27th Add (Sname, S, D) : t[14], 36, 1
Dist : [0, 0, 2, 0, 0, 0, 0, 1, 0, 0, 0, 2, 0, 2, 0, 1, 0, 0, 999, 999, 999, 999, 999, 999, 999, 999, 999, 999, 999, 999, 999, 999, 999, 0, 999, 0, 999, 0, 999, 1, 999, 0, 999, 2, 999, 2, 999, 1, 999, 0, 999, 0, 999, 2, 999, 0, 999, 0, 999, 0, 999, 0, 999, 0, 999, 0, 999, 0, 999, 999, 999, 999, 999, 999, 999, 999]
time : 0.07 (+0.04 = 0.00 + 0.04 + 0.00 + 0.00 + 0.00)

28th Add (Sname, S, D) : t[15], 46, 2
Dist : [0, 0, 2, 0, 0, 0, 0, 0, 0, 0, 0, 1, 0, 2, 0, 1, 0, 0, 999, 999, 999, 999, 999, 999, 999, 999, 999, 999, 999, 999, 999, 999, 999, 0, 999, 0, 999, 0, 999, 0, 999, 0, 999, 1, 999, 2, 999, 1, 999, 0, 999, 0, 999, 2, 999, 0, 999, 0, 999, 0, 999, 0, 999, 0, 999, 0, 999, 0, 999, 999, 999, 999, 999, 999, 999, 999]
time : 0.07 (+0.00 = 0.00 + 0.00)

29th Add (Sname, S, D) : g[3], 2048, 3
Dist : [0, 0, 2, 0, 0, 0, 0, 0, 0, 0, 0, 1, 0, 2, 0, 1, 0, 0, 999, 999, 999, 999, 999, 999, 999, 999, 999, 999, 999, 999, 999, 999, 999, 0, 999, 0, 999, 0, 999, 0, 999, 0, 999, 1, 999, 2, 999, 1, 999, 0, 999, 0, 999, 2, 999, 0, 999, 0, 999, 0, 999, 0, 999, 0, 999, 0, 999, 0, 999, 999, 999, 999, 999, 999, 999, 999]
time : 0.07 (+0.00 = 0.00 + 0.00)

30th Add (Sname, S, D) : t[16], 79, 3
Dist : [0, 0, 2, 0, 0, 0, 0, 0, 0, 0, 0, 0, 0, 2, 0, 1, 0, 0, 999, 999, 999, 999, 999, 999, 999, 999, 999, 999, 999, 999, 999, 999, 999, 0, 999, 0, 999, 0, 999, 0, 999, 0, 999, 0, 999, 2, 999, 1, 999, 0, 999, 0, 999, 2, 999, 0, 999, 0, 999, 0, 999, 0, 999, 0, 999, 0, 999, 0, 999, 999, 999, 999, 999, 999, 999, 999]
time : 0.07 (+0.00 = 0.00 + 0.00)

31th Add (Sname, S, D) : g[5], 8192, 4
Dist : [0, 0, 2, 0, 0, 0, 0, 0, 0, 0, 0, 0, 0, 2, 0, 1, 0, 0, 999, 999, 999, 999, 999, 999, 999, 999, 999, 999, 999, 999, 999, 999, 999, 0, 999, 0, 999, 0, 999, 0, 999, 0, 999, 0, 999, 2, 999, 1, 999, 0, 999, 0, 999, 2, 999, 0, 999, 0, 999, 0, 999, 0, 999, 0, 999, 0, 999, 0, 999, 999, 999, 999, 999, 999, 999, 999]
time : 0.07 (+0.00 = 0.00 + 0.00)

32th Add (Sname, S, D) : t[17], 180, 2
Dist : [0, 0, 2, 0, 0, 0, 0, 0, 0, 0, 0, 0, 0, 2, 0, 0, 0, 0, 999, 999, 999, 999, 999, 999, 999, 999, 999, 999, 999, 999, 999, 999, 999, 0, 999, 0, 999, 0, 999, 0, 999, 0, 999, 0, 999, 2, 999, 0, 999, 0, 999, 0, 999, 2, 999, 0, 999, 0, 999, 0, 999, 0, 999, 0, 999, 0, 999, 0, 999, 999, 999, 999, 999, 999, 999, 999]
time : 0.07 (+0.00 = 0.00 + 0.00)

33th Add (Sname, S, D) : g[7], 32768, 3
Dist : [0, 0, 2, 0, 0, 0, 0, 0, 0, 0, 0, 0, 0, 2, 0, 0, 0, 0, 999, 999, 999, 999, 999, 3, 999, 999, 999, 999, 999, 999, 3, 999, 999, 0, 999, 0, 999, 0, 999, 0, 999, 0, 999, 0, 999, 2, 999, 0, 999, 0, 999, 0, 999, 2, 999, 0, 999, 0, 999, 0, 999, 0, 999, 0, 999, 0, 999, 0, 999, 999, 999, 999, 999, 999, 999, 999]
time : 0.07 (+0.00 = 0.00 + 0.00)

34th Add (Sname, S, D) : t[18], 68, 1
Dist : [0, 0, 2, 0, 0, 0, 0, 0, 0, 0, 0, 0, 0, 1, 0, 0, 0, 0, 999, 999, 999, 999, 999, 3, 999, 999, 999, 999, 999, 999, 3, 999, 999, 0, 999, 0, 999, 0, 999, 0, 999, 0, 999, 0, 999, 1, 999, 0, 999, 0, 999, 0, 999, 2, 999, 0, 999, 0, 999, 0, 999, 0, 999, 0, 999, 0, 999, 0, 999, 999, 999, 999, 999, 999, 999, 999]
time : 0.20 (+0.13 = 0.00 + 0.13 + 0.00 + 0.00 + 0.00)

35th Add (Sname, S, D) : t[19], 78, 2
Dist : [0, 0, 2, 0, 0, 0, 0, 0, 0, 0, 0, 0, 0, 0, 0, 0, 0, 0, 999, 999, 999, 999, 999, 3, 999, 999, 999, 999, 999, 999, 3, 999, 999, 0, 999, 0, 999, 0, 999, 0, 999, 0, 999, 0, 999, 0, 999, 0, 999, 0, 999, 0, 999, 2, 999, 0, 999, 0, 999, 0, 999, 0, 999, 0, 999, 0, 999, 0, 999, 999, 999, 999, 999, 999, 999, 999]
time : 0.20 (+0.00 = 0.00 + 0.00)

36th Add (Sname, S, D) : g[6], 16384, 3
Dist : [0, 0, 2, 0, 0, 0, 0, 0, 0, 0, 0, 0, 0, 0, 0, 0, 0, 0, 999, 999, 999, 999, 999, 3, 999, 5, 999, 999, 5, 5, 3, 999, 999, 0, 999, 0, 999, 0, 999, 0, 999, 0, 999, 0, 999, 0, 999, 0, 999, 0, 999, 0, 999, 2, 999, 0, 999, 0, 999, 0, 999, 0, 999, 0, 999, 0, 999, 0, 999, 999, 999, 999, 999, 999, 999, 999]
time : 0.20 (+0.00 = 0.00 + 0.00)

37th Add (Sname, S, D) : t[20], 36864, 4
Dist : [0, 0, 2, 0, 0, 0, 0, 0, 0, 0, 0, 0, 0, 0, 0, 0, 0, 0, 999, 999, 999, 999, 999, 2, 999, 5, 999, 999, 5, 4, 2, 999, 999, 0, 999, 0, 999, 0, 999, 0, 999, 0, 999, 0, 999, 0, 999, 0, 999, 0, 999, 0, 999, 2, 999, 0, 999, 0, 999, 0, 999, 0, 999, 0, 999, 0, 999, 0, 999, 999, 999, 999, 999, 999, 999, 999]
time : 0.43 (+0.23 = 0.00 + 0.23 + 0.00 + 0.00 + 0.00)

38th Add (Sname, S, D) : t[21], 73728, 5
Dist : [0, 0, 2, 0, 0, 0, 0, 0, 0, 0, 0, 0, 0, 0, 0, 0, 0, 0, 999, 999, 999, 999, 999, 1, 999, 4, 999, 999, 5, 4, 1, 999, 999, 0, 999, 0, 999, 0, 999, 0, 999, 0, 999, 0, 999, 0, 999, 0, 999, 0, 999, 0, 999, 2, 999, 0, 999, 0, 999, 0, 999, 0, 999, 0, 999, 0, 999, 0, 999, 999, 999, 999, 999, 999, 999, 999]
time : 0.70 (+0.26 = 0.00 + 0.26 + 0.00 + 0.00 + 0.00)

39th Add (Sname, S, D) : t[22], 110592, 6
Dist : [0, 0, 2, 0, 0, 0, 0, 0, 0, 0, 0, 0, 0, 0, 0, 0, 0, 0, 999, 999, 999, 999, 999, 0, 999, 4, 999, 999, 5, 4, 0, 999, 999, 0, 999, 0, 999, 0, 999, 0, 999, 0, 999, 0, 999, 0, 999, 0, 999, 0, 999, 0, 999, 2, 999, 0, 999, 0, 999, 0, 999, 0, 999, 0, 999, 0, 999, 0, 999, 999, 999, 999, 999, 999, 999, 999]
time : 0.70 (+0.00 = 0.00 + 0.00)

40th Add (Sname, S, D) : t[23], 134, 2
Dist : [0, 0, 1, 0, 0, 0, 0, 0, 0, 0, 0, 0, 0, 0, 0, 0, 0, 0, 999, 999, 999, 999, 999, 0, 999, 4, 999, 999, 5, 4, 0, 999, 999, 0, 999, 0, 999, 0, 999, 0, 999, 0, 999, 0, 999, 0, 999, 0, 999, 0, 999, 0, 999, 1, 999, 0, 999, 0, 999, 0, 999, 0, 999, 0, 999, 0, 999, 0, 999, 999, 999, 999, 999, 999, 999, 999]
time : 1.04 (+0.35 = 0.00 + 0.34 + 0.00 + 0.00 + 0.00)

41th Add (Sname, S, D) : t[24], 231, 3
Dist : [0, 0, 0, 0, 0, 0, 0, 0, 0, 0, 0, 0, 0, 0, 0, 0, 0, 0, 999, 999, 999, 999, 999, 0, 999, 4, 999, 999, 5, 4, 0, 999, 999, 0, 999, 0, 999, 0, 999, 0, 999, 0, 999, 0, 999, 0, 999, 0, 999, 0, 999, 0, 999, 0, 999, 0, 999, 0, 999, 0, 999, 0, 999, 0, 999, 0, 999, 0, 999, 999, 999, 999, 999, 999, 999, 999]
time : 1.04 (+0.00 = 0.00 + 0.00)

42th Add (Sname, S, D) : g[1], 512, 4
Dist : [0, 0, 0, 0, 0, 0, 0, 0, 0, 0, 0, 0, 0, 0, 0, 0, 0, 0, 5, 3, 999, 5, 999, 0, 3, 4, 5, 999, 5, 4, 0, 999, 999, 0, 999, 0, 999, 0, 999, 0, 999, 0, 999, 0, 999, 0, 999, 0, 999, 0, 999, 0, 999, 0, 999, 0, 999, 0, 999, 0, 999, 0, 999, 0, 999, 0, 999, 0, 999, 999, 999, 999, 999, 999, 999, 999]
time : 1.05 (+0.00 = 0.00 + 0.00)

43th Add (Sname, S, D) : t[25], 33280, 5
Dist : [0, 0, 0, 0, 0, 0, 0, 0, 0, 0, 0, 0, 0, 0, 0, 0, 0, 0, 5, 2, 999, 4, 999, 0, 2, 4, 4, 999, 5, 4, 0, 999, 999, 0, 999, 0, 999, 0, 999, 0, 999, 0, 999, 0, 999, 0, 999, 0, 999, 0, 999, 0, 999, 0, 999, 0, 999, 0, 999, 0, 999, 0, 999, 0, 999, 0, 999, 0, 999, 999, 999, 999, 999, 999, 999, 999]
time : 1.51 (+0.47 = 0.00 + 0.47 + 0.00 + 0.00 + 0.00)

44th Add (Sname, S, D) : t[26], 16640, 4
Dist : [0, 0, 0, 0, 0, 0, 0, 0, 0, 0, 0, 0, 0, 0, 0, 0, 0, 0, 5, 1, 999, 4, 999, 0, 1, 4, 4, 999, 4, 4, 0, 999, 999, 0, 999, 0, 999, 0, 999, 0, 999, 0, 999, 0, 999, 0, 999, 0, 999, 0, 999, 0, 999, 0, 999, 0, 999, 0, 999, 0, 999, 0, 999, 0, 999, 0, 999, 0, 999, 999, 999, 999, 999, 999, 999, 999]
time : 2.04 (+0.52 = 0.00 + 0.52 + 0.00 + 0.00 + 0.00)

45th Add (Sname, S, D) : t[27], 49920, 6
Dist : [0, 0, 0, 0, 0, 0, 0, 0, 0, 0, 0, 0, 0, 0, 0, 0, 0, 0, 5, 0, 999, 4, 999, 0, 0, 4, 4, 999, 4, 4, 0, 999, 999, 0, 999, 0, 999, 0, 999, 0, 999, 0, 999, 0, 999, 0, 999, 0, 999, 0, 999, 0, 999, 0, 999, 0, 999, 0, 999, 0, 999, 0, 999, 0, 999, 0, 999, 0, 999, 999, 999, 999, 999, 999, 999, 999]
time : 2.04 (+0.00 = 0.00 + 0.00)

46th Add (Sname, S, D) : t[28], 65572, 5
Dist : [0, 0, 0, 0, 0, 0, 0, 0, 0, 0, 0, 0, 0, 0, 0, 0, 0, 0, 5, 0, 999, 3, 999, 0, 0, 4, 3, 999, 3, 4, 0, 999, 999, 0, 999, 0, 999, 0, 999, 0, 999, 0, 999, 0, 999, 0, 999, 0, 999, 0, 999, 0, 999, 0, 999, 0, 999, 0, 999, 0, 999, 0, 999, 0, 999, 0, 999, 0, 999, 999, 999, 999, 999, 999, 999, 999]
time : 2.76 (+0.72 = 0.00 + 0.72 + 0.00 + 0.00 + 0.00)

47th Add (Sname, S, D) : t[29], 65696, 6
Dist : [0, 0, 0, 0, 0, 0, 0, 0, 0, 0, 0, 0, 0, 0, 0, 0, 0, 0, 5, 0, 999, 2, 999, 0, 0, 4, 2, 999, 2, 4, 0, 999, 999, 0, 999, 0, 999, 0, 999, 0, 999, 0, 999, 0, 999, 0, 999, 0, 999, 0, 999, 0, 999, 0, 999, 0, 999, 0, 999, 0, 999, 0, 999, 0, 999, 0, 999, 0, 999, 999, 999, 999, 999, 999, 999, 999]
time : 3.52 (+0.76 = 0.00 + 0.75 + 0.00 + 0.00 + 0.00)

48th Add (Sname, S, D) : t[30], 2161, 4
Dist : [0, 0, 0, 0, 0, 0, 0, 0, 0, 0, 0, 0, 0, 0, 0, 0, 0, 0, 4, 0, 999, 2, 999, 0, 0, 3, 2, 999, 2, 3, 0, 999, 999, 0, 999, 0, 999, 0, 999, 0, 999, 0, 999, 0, 999, 0, 999, 0, 999, 0, 999, 0, 999, 0, 999, 0, 999, 0, 999, 0, 999, 0, 999, 0, 999, 0, 999, 0, 999, 999, 999, 999, 999, 999, 999, 999]
time : 4.38 (+0.85 = 0.00 + 0.85 + 0.00 + 0.00 + 0.00)

49th Add (Sname, S, D) : t[31], 34304, 6
Dist : [0, 0, 0, 0, 0, 0, 0, 0, 0, 0, 0, 0, 0, 0, 0, 0, 0, 0, 4, 0, 999, 1, 999, 0, 0, 3, 1, 999, 2, 3, 0, 999, 999, 0, 999, 0, 999, 0, 999, 0, 999, 0, 999, 0, 999, 0, 999, 0, 999, 0, 999, 0, 999, 0, 999, 0, 999, 0, 999, 0, 999, 0, 999, 0, 999, 0, 999, 0, 999, 999, 999, 999, 999, 999, 999, 999]
time : 5.30 (+0.93 = 0.00 + 0.92 + 0.00 + 0.00 + 0.00)

50th Add (Sname, S, D) : t[32], 100000, 7
Dist : [0, 0, 0, 0, 0, 0, 0, 0, 0, 0, 0, 0, 0, 0, 0, 0, 0, 0, 4, 0, 999, 0, 999, 0, 0, 3, 0, 999, 2, 3, 0, 999, 999, 0, 999, 0, 999, 0, 999, 0, 999, 0, 999, 0, 999, 0, 999, 0, 999, 0, 999, 0, 999, 0, 999, 0, 999, 0, 999, 0, 999, 0, 999, 0, 999, 0, 999, 0, 999, 999, 999, 999, 999, 999, 999, 999]
time : 5.31 (+0.00 = 0.00 + 0.00)

51th Add (Sname, S, D) : t[33], 16385, 4
Dist : [0, 0, 0, 0, 0, 0, 0, 0, 0, 0, 0, 0, 0, 0, 0, 0, 0, 0, 4, 0, 999, 0, 999, 0, 0, 2, 0, 999, 2, 2, 0, 999, 999, 0, 999, 0, 999, 0, 999, 0, 999, 0, 999, 0, 999, 0, 999, 0, 999, 0, 999, 0, 999, 0, 999, 0, 999, 0, 999, 0, 999, 0, 999, 0, 999, 0, 999, 0, 999, 999, 999, 999, 999, 999, 999, 999]
time : 6.45 (+1.14 = 0.00 + 1.14 + 0.00 + 0.00 + 0.00)

52th Add (Sname, S, D) : t[34], 18544, 5
Dist : [0, 0, 0, 0, 0, 0, 0, 0, 0, 0, 0, 0, 0, 0, 0, 0, 0, 0, 4, 0, 999, 0, 999, 0, 0, 1, 0, 999, 2, 1, 0, 999, 999, 0, 999, 0, 999, 0, 999, 0, 999, 0, 999, 0, 999, 0, 999, 0, 999, 0, 999, 0, 999, 0, 999, 0, 999, 0, 999, 0, 999, 0, 999, 0, 999, 0, 999, 0, 999, 999, 999, 999, 999, 999, 999, 999]
time : 8.05 (+1.60 = 0.00 + 1.59 + 0.00 + 0.00 + 0.01)

53th Add (Sname, S, D) : t[35], 92272, 6
Dist : [0, 0, 0, 0, 0, 0, 0, 0, 0, 0, 0, 0, 0, 0, 0, 0, 0, 0, 4, 0, 999, 0, 999, 0, 0, 0, 0, 999, 2, 1, 0, 999, 999, 0, 999, 0, 999, 0, 999, 0, 999, 0, 999, 0, 999, 0, 999, 0, 999, 0, 999, 0, 999, 0, 999, 0, 999, 0, 999, 0, 999, 0, 999, 0, 999, 0, 999, 0, 999, 999, 999, 999, 999, 999, 999, 999]
time : 8.06 (+0.01 = 0.00 + 0.01)

54th Add (Sname, S, D) : g[12], 1048576, 7
Dist : [0, 0, 0, 0, 0, 0, 0, 0, 0, 0, 0, 0, 0, 0, 0, 0, 0, 0, 4, 0, 999, 0, 999, 0, 0, 0, 0, 0, 2, 1, 0, 999, 999, 0, 999, 0, 999, 0, 999, 0, 999, 0, 999, 0, 999, 0, 999, 0, 999, 0, 999, 0, 999, 0, 999, 0, 999, 0, 999, 0, 999, 0, 999, 0, 999, 0, 999, 0, 999, 999, 999, 999, 999, 999, 999, 999]
time : 8.06 (+0.01 = 0.00 + 0.01)

55th Add (Sname, S, D) : g[13], 2097152, 8
Dist : [0, 0, 0, 0, 0, 0, 0, 0, 0, 0, 0, 0, 0, 0, 0, 0, 0, 0, 4, 0, 999, 0, 999, 0, 0, 0, 0, 0, 2, 1, 0, 999, 999, 0, 999, 0, 999, 0, 999, 0, 999, 0, 999, 0, 999, 0, 999, 0, 999, 0, 999, 0, 999, 0, 999, 0, 999, 0, 999, 0, 999, 0, 999, 0, 999, 0, 999, 0, 999, 999, 999, 999, 999, 999, 999, 999]
time : 8.07 (+0.01 = 0.00 + 0.01)

56th Add (Sname, S, D) : t[36], 55408, 6
Dist : [0, 0, 0, 0, 0, 0, 0, 0, 0, 0, 0, 0, 0, 0, 0, 0, 0, 0, 4, 0, 999, 0, 999, 0, 0, 0, 0, 0, 2, 0, 0, 999, 999, 0, 999, 0, 999, 0, 999, 0, 999, 0, 999, 0, 999, 0, 999, 0, 999, 0, 999, 0, 999, 0, 999, 0, 999, 0, 999, 0, 999, 0, 999, 0, 999, 0, 999, 0, 999, 999, 999, 999, 999, 999, 999, 999]
time : 8.09 (+0.02 = 0.00 + 0.02)

57th Add (Sname, S, D) : t[37], 17664, 5
Dist : [0, 0, 0, 0, 0, 0, 0, 0, 0, 0, 0, 0, 0, 0, 0, 0, 0, 0, 4, 0, 999, 0, 999, 0, 0, 0, 0, 0, 1, 0, 0, 999, 999, 0, 999, 0, 999, 0, 999, 0, 999, 0, 999, 0, 999, 0, 999, 0, 999, 0, 999, 0, 999, 0, 999, 0, 999, 0, 999, 0, 999, 0, 999, 0, 999, 0, 999, 0, 999, 999, 999, 999, 999, 999, 999, 999]
time : 10.89 (+2.80 = 0.00 + 2.79 + 0.00 + 0.00 + 0.01)

58th Add (Sname, S, D) : t[38], 83360, 7
Dist : [0, 0, 0, 0, 0, 0, 0, 0, 0, 0, 0, 0, 0, 0, 0, 0, 0, 0, 4, 0, 999, 0, 999, 0, 0, 0, 0, 0, 0, 0, 0, 999, 999, 0, 999, 0, 999, 0, 999, 0, 999, 0, 999, 0, 999, 0, 999, 0, 999, 0, 999, 0, 999, 0, 999, 0, 999, 0, 999, 0, 999, 0, 999, 0, 999, 0, 999, 0, 999, 999, 999, 999, 999, 999, 999, 999]
time : 10.90 (+0.01 = 0.00 + 0.01)

59th Add (Sname, S, D) : g[14], 4194304, 8
Dist : [0, 0, 0, 0, 0, 0, 0, 0, 0, 0, 0, 0, 0, 0, 0, 0, 0, 0, 4, 0, 999, 0, 999, 0, 0, 0, 0, 0, 0, 0, 0, 0, 999, 0, 999, 0, 999, 0, 999, 0, 999, 0, 999, 0, 999, 0, 999, 0, 999, 0, 999, 0, 999, 0, 999, 0, 999, 0, 999, 0, 999, 0, 999, 0, 999, 0, 999, 0, 999, 999, 999, 999, 999, 999, 999, 999]
time : 10.91 (+0.01 = 0.00 + 0.01)

60th Add (Sname, S, D) : g[15], 8388608, 9
Dist : [0, 0, 0, 0, 0, 0, 0, 0, 0, 0, 0, 0, 0, 0, 0, 0, 0, 0, 4, 0, 999, 0, 999, 0, 0, 0, 0, 0, 0, 0, 0, 0, 999, 0, 999, 0, 999, 0, 999, 0, 999, 0, 999, 0, 999, 0, 999, 0, 3, 0, 999, 0, 999, 0, 999, 0, 999, 0, 999, 0, 999, 0, 999, 0, 999, 0, 3, 0, 999, 999, 999, 999, 999, 999, 999, 999]
time : 10.91 (+0.01 = 0.00 + 0.01)

61th Add (Sname, S, D) : t[39], 13984, 8
Dist : [0, 0, 0, 0, 0, 0, 0, 0, 0, 0, 0, 0, 0, 0, 0, 0, 0, 0, 4, 0, 999, 0, 999, 0, 0, 0, 0, 0, 0, 0, 0, 0, 999, 0, 999, 0, 999, 0, 999, 0, 999, 0, 999, 0, 999, 0, 999, 0, 2, 0, 999, 0, 999, 0, 999, 0, 999, 0, 999, 0, 999, 0, 999, 0, 999, 0, 2, 0, 999, 999, 999, 999, 999, 999, 999, 999]
time : 15.14 (+4.22 = 0.00 + 4.21 + 0.00 + 0.00 + 0.01)

62th Add (Sname, S, D) : t[40], 2111136, 9
Dist : [0, 0, 0, 0, 0, 0, 0, 0, 0, 0, 0, 0, 0, 0, 0, 0, 0, 0, 4, 0, 999, 0, 999, 0, 0, 0, 0, 0, 0, 0, 0, 0, 999, 0, 999, 0, 999, 0, 999, 0, 999, 0, 999, 0, 999, 0, 999, 0, 1, 0, 999, 0, 999, 0, 999, 0, 999, 0, 999, 0, 999, 0, 999, 0, 999, 0, 1, 0, 999, 999, 999, 999, 999, 999, 999, 999]
time : 19.94 (+4.80 = 0.00 + 4.79 + 0.00 + 0.00 + 0.01)

63th Add (Sname, S, D) : t[41], 10499744, 10
Dist : [0, 0, 0, 0, 0, 0, 0, 0, 0, 0, 0, 0, 0, 0, 0, 0, 0, 0, 4, 0, 999, 0, 999, 0, 0, 0, 0, 0, 0, 0, 0, 0, 999, 0, 999, 0, 999, 0, 999, 0, 999, 0, 999, 0, 999, 0, 999, 0, 0, 0, 999, 0, 999, 0, 999, 0, 999, 0, 999, 0, 999, 0, 999, 0, 999, 0, 0, 0, 999, 999, 999, 999, 999, 999, 999, 999]
time : 19.95 (+0.01 = 0.00 + 0.01)

64th Add (Sname, S, D) : g[24], 4294967296, 11
Dist : [0, 0, 0, 0, 0, 0, 0, 0, 0, 0, 0, 0, 0, 0, 0, 0, 0, 0, 4, 0, 999, 0, 999, 0, 0, 0, 0, 0, 0, 0, 0, 0, 999, 0, 999, 0, 999, 0, 999, 0, 999, 0, 999, 0, 999, 0, 999, 0, 0, 0, 999, 0, 999, 0, 999, 0, 999, 0, 999, 0, 999, 0, 999, 0, 999, 0, 0, 0, 999, 999, 999, 999, 999, 999, 999, 999]
time : 19.96 (+0.01 = 0.00 + 0.01)

65th Add (Sname, S, D) : g[33], 2199023255552, 11
Dist : [0, 0, 0, 0, 0, 0, 0, 0, 0, 0, 0, 0, 0, 0, 0, 0, 0, 0, 4, 0, 999, 0, 999, 0, 0, 0, 0, 0, 0, 0, 0, 0, 999, 0, 999, 0, 999, 0, 999, 0, 999, 0, 999, 0, 999, 0, 999, 0, 0, 0, 999, 0, 999, 0, 999, 0, 999, 0, 999, 0, 999, 0, 999, 0, 999, 0, 0, 0, 999, 999, 999, 999, 999, 999, 999, 999]
time : 19.97 (+0.02 = 0.00 + 0.02)

66th Add (Sname, S, D) : t[42], 2673, 5
Dist : [0, 0, 0, 0, 0, 0, 0, 0, 0, 0, 0, 0, 0, 0, 0, 0, 0, 0, 3, 0, 999, 0, 999, 0, 0, 0, 0, 0, 0, 0, 0, 0, 999, 0, 999, 0, 999, 0, 999, 0, 999, 0, 999, 0, 999, 0, 999, 0, 0, 0, 999, 0, 999, 0, 999, 0, 999, 0, 999, 0, 999, 0, 999, 0, 999, 0, 0, 0, 999, 999, 999, 999, 999, 999, 999, 999]
time : 28.71 (+8.73 = 0.00 + 8.72 + 0.00 + 0.00 + 0.01)

67th Add (Sname, S, D) : t[43], 4352, 4
Dist : [0, 0, 0, 0, 0, 0, 0, 0, 0, 0, 0, 0, 0, 0, 0, 0, 0, 0, 2, 0, 999, 0, 999, 0, 0, 0, 0, 0, 0, 0, 0, 0, 999, 0, 999, 0, 999, 0, 999, 0, 999, 0, 999, 0, 999, 0, 999, 0, 0, 0, 999, 0, 999, 0, 999, 0, 999, 0, 999, 0, 999, 0, 999, 0, 999, 0, 0, 0, 999, 999, 999, 999, 999, 999, 999, 999]
time : 38.32 (+9.61 = 0.00 + 9.60 + 0.00 + 0.00 + 0.01)

68th Add (Sname, S, D) : t[44], 4353, 5
Dist : [0, 0, 0, 0, 0, 0, 0, 0, 0, 0, 0, 0, 0, 0, 0, 0, 0, 0, 1, 0, 999, 0, 999, 0, 0, 0, 0, 0, 0, 0, 0, 0, 999, 0, 999, 0, 999, 0, 999, 0, 999, 0, 999, 0, 999, 0, 999, 0, 0, 0, 999, 0, 999, 0, 999, 0, 999, 0, 999, 0, 999, 0, 999, 0, 999, 0, 0, 0, 999, 999, 999, 999, 999, 999, 999, 999]
time : 49.21 (+10.89 = 0.00 + 10.87 + 0.00 + 0.00 + 0.02)

69th Add (Sname, S, D) : t[45], 7024, 6
Dist : [0, 0, 0, 0, 0, 0, 0, 0, 0, 0, 0, 0, 0, 0, 0, 0, 0, 0, 0, 0, 999, 0, 999, 0, 0, 0, 0, 0, 0, 0, 0, 0, 999, 0, 999, 0, 999, 0, 999, 0, 999, 0, 999, 0, 999, 0, 999, 0, 0, 0, 999, 0, 999, 0, 999, 0, 999, 0, 999, 0, 999, 0, 999, 0, 999, 0, 0, 0, 999, 999, 999, 999, 999, 999, 999, 999]
time : 49.23 (+0.02 = 0.00 + 0.02)

70th Add (Sname, S, D) : g[9], 131072, 7
Dist : [0, 0, 0, 0, 0, 0, 0, 0, 0, 0, 0, 0, 0, 0, 0, 0, 0, 0, 0, 0, 2, 0, 1, 0, 0, 0, 0, 0, 0, 0, 0, 0, 999, 0, 3, 0, 999, 0, 999, 0, 2, 0, 999, 0, 999, 0, 999, 0, 0, 0, 999, 0, 3, 0, 999, 0, 999, 0, 2, 0, 999, 0, 999, 0, 999, 0, 0, 0, 999, 999, 999, 999, 999, 999, 999, 999]
time : 49.24 (+0.01 = 0.00 + 0.01)

71th Add (Sname, S, D) : t[46], 231072, 8
Dist : [0, 0, 0, 0, 0, 0, 0, 0, 0, 0, 0, 0, 0, 0, 0, 0, 0, 0, 0, 0, 2, 0, 0, 0, 0, 0, 0, 0, 0, 0, 0, 0, 999, 0, 3, 0, 999, 0, 999, 0, 2, 0, 999, 0, 999, 0, 999, 0, 0, 0, 999, 0, 3, 0, 999, 0, 999, 0, 2, 0, 999, 0, 999, 0, 999, 0, 0, 0, 999, 999, 999, 999, 999, 999, 999, 999]
time : 49.26 (+0.02 = 0.00 + 0.02)

72th Add (Sname, S, D) : g[11], 524288, 9
Dist : [0, 0, 0, 0, 0, 0, 0, 0, 0, 0, 0, 0, 0, 0, 0, 0, 0, 0, 0, 0, 2, 0, 0, 0, 0, 0, 0, 0, 0, 0, 0, 0, 3, 0, 3, 0, 1, 0, 999, 0, 2, 0, 999, 0, 999, 0, 999, 0, 0, 0, 3, 0, 3, 0, 1, 0, 999, 0, 2, 0, 999, 0, 999, 0, 999, 0, 0, 0, 999, 999, 999, 999, 999, 999, 999, 999]
time : 49.28 (+0.02 = 0.00 + 0.02)

73th Add (Sname, S, D) : t[47], 616560, 10
Dist : [0, 0, 0, 0, 0, 0, 0, 0, 0, 0, 0, 0, 0, 0, 0, 0, 0, 0, 0, 0, 2, 0, 0, 0, 0, 0, 0, 0, 0, 0, 0, 0, 3, 0, 3, 0, 0, 0, 999, 0, 2, 0, 999, 0, 999, 0, 999, 0, 0, 0, 3, 0, 3, 0, 0, 0, 999, 0, 2, 0, 999, 0, 999, 0, 999, 0, 0, 0, 999, 999, 999, 999, 999, 999, 999, 999]
time : 49.30 (+0.02 = 0.00 + 0.02)

74th Add (Sname, S, D) : g[18], 67108864, 11
Dist : [0, 0, 0, 0, 0, 0, 0, 0, 0, 0, 0, 0, 0, 0, 0, 0, 0, 0, 0, 0, 2, 0, 0, 0, 0, 0, 0, 0, 0, 0, 0, 0, 3, 0, 3, 0, 0, 0, 999, 0, 2, 0, 999, 0, 999, 0, 999, 0, 0, 0, 3, 0, 3, 0, 0, 0, 999, 0, 2, 0, 999, 0, 999, 0, 999, 0, 0, 0, 999, 999, 999, 999, 999, 999, 999, 999]
time : 49.33 (+0.03 = 0.00 + 0.03)

75th Add (Sname, S, D) : g[27], 34359738368, 11
Dist : [0, 0, 0, 0, 0, 0, 0, 0, 0, 0, 0, 0, 0, 0, 0, 0, 0, 0, 0, 0, 2, 0, 0, 0, 0, 0, 0, 0, 0, 0, 0, 0, 3, 0, 3, 0, 0, 0, 999, 0, 2, 0, 999, 0, 999, 0, 999, 0, 0, 0, 3, 0, 3, 0, 0, 0, 999, 0, 2, 0, 999, 0, 999, 0, 999, 0, 0, 0, 999, 999, 999, 999, 999, 999, 999, 999]
time : 49.35 (+0.02 = 0.00 + 0.02)

76th Add (Sname, S, D) : t[48], 214432, 8
Dist : [0, 0, 0, 0, 0, 0, 0, 0, 0, 0, 0, 0, 0, 0, 0, 0, 0, 0, 0, 0, 2, 0, 0, 0, 0, 0, 0, 0, 0, 0, 0, 0, 3, 0, 2, 0, 0, 0, 999, 0, 1, 0, 999, 0, 999, 0, 999, 0, 0, 0, 3, 0, 2, 0, 0, 0, 999, 0, 1, 0, 999, 0, 999, 0, 999, 0, 0, 0, 999, 999, 999, 999, 999, 999, 999, 999]
time : 69.79 (+20.44 = 0.00 + 20.42 + 0.00 + 0.00 + 0.02)

77th Add (Sname, S, D) : t[49], 2311584, 9
Dist : [0, 0, 0, 0, 0, 0, 0, 0, 0, 0, 0, 0, 0, 0, 0, 0, 0, 0, 0, 0, 2, 0, 0, 0, 0, 0, 0, 0, 0, 0, 0, 0, 3, 0, 2, 0, 0, 0, 999, 0, 0, 0, 999, 0, 999, 0, 999, 0, 0, 0, 3, 0, 2, 0, 0, 0, 999, 0, 0, 0, 999, 0, 999, 0, 999, 0, 0, 0, 999, 999, 999, 999, 999, 999, 999, 999]
time : 69.82 (+0.03 = 0.00 + 0.02)

78th Add (Sname, S, D) : g[20], 268435456, 10
Dist : [0, 0, 0, 0, 0, 0, 0, 0, 0, 0, 0, 0, 0, 0, 0, 0, 0, 0, 0, 0, 2, 0, 0, 0, 0, 0, 0, 0, 0, 0, 0, 0, 3, 0, 2, 0, 0, 0, 999, 0, 0, 0, 999, 0, 999, 0, 999, 0, 0, 0, 3, 0, 2, 0, 0, 0, 999, 0, 0, 0, 999, 0, 999, 0, 999, 0, 0, 0, 999, 999, 999, 999, 999, 999, 999, 999]
time : 69.84 (+0.02 = 0.00 + 0.02)

79th Add (Sname, S, D) : g[29], 137438953472, 10
Dist : [0, 0, 0, 0, 0, 0, 0, 0, 0, 0, 0, 0, 0, 0, 0, 0, 0, 0, 0, 0, 2, 0, 0, 0, 0, 0, 0, 0, 0, 0, 0, 0, 3, 0, 2, 0, 0, 0, 999, 0, 0, 0, 999, 0, 999, 0, 999, 0, 0, 0, 3, 0, 2, 0, 0, 0, 999, 0, 0, 0, 999, 0, 999, 0, 999, 0, 0, 0, 999, 999, 999, 999, 999, 999, 999, 999]
time : 69.87 (+0.03 = 0.00 + 0.03)

80th Add (Sname, S, D) : t[50], 226048, 9
Dist : [0, 0, 0, 0, 0, 0, 0, 0, 0, 0, 0, 0, 0, 0, 0, 0, 0, 0, 0, 0, 2, 0, 0, 0, 0, 0, 0, 0, 0, 0, 0, 0, 2, 0, 1, 0, 0, 0, 999, 0, 0, 0, 999, 0, 999, 0, 999, 0, 0, 0, 2, 0, 1, 0, 0, 0, 999, 0, 0, 0, 999, 0, 999, 0, 999, 0, 0, 0, 999, 999, 999, 999, 999, 999, 999, 999]
time : 100.39 (+30.51 = 0.00 + 30.48 + 0.00 + 0.00 + 0.03)

81th Add (Sname, S, D) : t[51], 8614656, 10
Dist : [0, 0, 0, 0, 0, 0, 0, 0, 0, 0, 0, 0, 0, 0, 0, 0, 0, 0, 0, 0, 2, 0, 0, 0, 0, 0, 0, 0, 0, 0, 0, 0, 1, 0, 0, 0, 0, 0, 999, 0, 0, 0, 999, 0, 999, 0, 999, 0, 0, 0, 1, 0, 0, 0, 0, 0, 999, 0, 0, 0, 999, 0, 999, 0, 999, 0, 0, 0, 999, 999, 999, 999, 999, 999, 999, 999]
time : 100.42 (+0.03 = 0.00 + 0.03)

82th Add (Sname, S, D) : g[17], 33554432, 11
Dist : [0, 0, 0, 0, 0, 0, 0, 0, 0, 0, 0, 0, 0, 0, 0, 0, 0, 0, 0, 0, 2, 0, 0, 0, 0, 0, 0, 0, 0, 0, 0, 0, 1, 0, 0, 0, 0, 0, 999, 0, 0, 0, 999, 0, 999, 0, 999, 0, 0, 0, 1, 0, 0, 0, 0, 0, 999, 0, 0, 0, 999, 0, 999, 0, 999, 0, 0, 0, 999, 999, 999, 999, 999, 999, 999, 999]
time : 100.45 (+0.03 = 0.00 + 0.03)

83th Add (Sname, S, D) : g[26], 17179869184, 11
Dist : [0, 0, 0, 0, 0, 0, 0, 0, 0, 0, 0, 0, 0, 0, 0, 0, 0, 0, 0, 0, 2, 0, 0, 0, 0, 0, 0, 0, 0, 0, 0, 0, 1, 0, 0, 0, 0, 0, 999, 0, 0, 0, 999, 0, 999, 0, 999, 0, 0, 0, 1, 0, 0, 0, 0, 0, 999, 0, 0, 0, 999, 0, 999, 0, 999, 0, 0, 0, 999, 999, 999, 999, 999, 999, 999, 999]
time : 100.48 (+0.03 = 0.00 + 0.03)

84th Add (Sname, S, D) : t[52], 9050992, 11
Dist : [0, 0, 0, 0, 0, 0, 0, 0, 0, 0, 0, 0, 0, 0, 0, 0, 0, 0, 0, 0, 2, 0, 0, 0, 0, 0, 0, 0, 0, 0, 0, 0, 0, 0, 0, 0, 0, 0, 999, 0, 0, 0, 999, 0, 999, 0, 999, 0, 0, 0, 0, 0, 0, 0, 0, 0, 999, 0, 0, 0, 999, 0, 999, 0, 999, 0, 0, 0, 999, 999, 999, 999, 999, 999, 999, 999]
time : 100.55 (+0.07 = 0.00 + 0.07)

85th Add (Sname, S, D) : g[16], 16777216, 12
Dist : [0, 0, 0, 0, 0, 0, 0, 0, 0, 0, 0, 0, 0, 0, 0, 0, 0, 0, 0, 0, 2, 0, 0, 0, 0, 0, 0, 0, 0, 0, 0, 0, 0, 0, 0, 0, 0, 0, 999, 0, 0, 0, 999, 0, 999, 0, 999, 0, 0, 0, 0, 0, 0, 0, 0, 0, 999, 0, 0, 0, 999, 0, 999, 0, 999, 0, 0, 0, 999, 999, 999, 999, 999, 999, 999, 999]
time : 100.58 (+0.03 = 0.00 + 0.03)

86th Add (Sname, S, D) : g[25], 8589934592, 12
Dist : [0, 0, 0, 0, 0, 0, 0, 0, 0, 0, 0, 0, 0, 0, 0, 0, 0, 0, 0, 0, 2, 0, 0, 0, 0, 0, 0, 0, 0, 0, 0, 0, 0, 0, 0, 0, 0, 0, 999, 0, 0, 0, 999, 0, 999, 0, 999, 0, 0, 0, 0, 0, 0, 0, 0, 0, 999, 0, 0, 0, 999, 0, 999, 0, 999, 0, 0, 0, 999, 999, 999, 999, 999, 999, 999, 999]
time : 100.62 (+0.04 = 0.00 + 0.04)

87th Add (Sname, S, D) : t[53], 109424, 7
Dist : [0, 0, 0, 0, 0, 0, 0, 0, 0, 0, 0, 0, 0, 0, 0, 0, 0, 0, 0, 0, 1, 0, 0, 0, 0, 0, 0, 0, 0, 0, 0, 0, 0, 0, 0, 0, 0, 0, 999, 0, 0, 0, 999, 0, 999, 0, 999, 0, 0, 0, 0, 0, 0, 0, 0, 0, 999, 0, 0, 0, 999, 0, 999, 0, 999, 0, 0, 0, 999, 999, 999, 999, 999, 999, 999, 999]
time : 153.57 (+52.95 = 0.00 + 52.90 + 0.00 + 0.00 + 0.05)

88th Add (Sname, S, D) : t[54], 240496, 8
Dist : [0, 0, 0, 0, 0, 0, 0, 0, 0, 0, 0, 0, 0, 0, 0, 0, 0, 0, 0, 0, 0, 0, 0, 0, 0, 0, 0, 0, 0, 0, 0, 0, 0, 0, 0, 0, 0, 0, 999, 0, 0, 0, 999, 0, 999, 0, 999, 0, 0, 0, 0, 0, 0, 0, 0, 0, 999, 0, 0, 0, 999, 0, 999, 0, 999, 0, 0, 0, 999, 999, 999, 999, 999, 999, 999, 999]
time : 153.62 (+0.05 = 0.00 + 0.05)

89th Add (Sname, S, D) : g[10], 262144, 9
Dist : [0, 0, 0, 0, 0, 0, 0, 0, 0, 0, 0, 0, 0, 0, 0, 0, 0, 0, 0, 0, 0, 0, 0, 0, 0, 0, 0, 0, 0, 0, 0, 0, 0, 0, 0, 0, 0, 0, 2, 0, 0, 0, 1, 0, 2, 0, 4, 0, 0, 0, 0, 0, 0, 0, 0, 0, 2, 0, 0, 0, 1, 0, 2, 0, 4, 0, 0, 0, 999, 999, 999, 999, 999, 999, 999, 999]
time : 153.65 (+0.04 = 0.00 + 0.04)

90th Add (Sname, S, D) : t[55], 345504, 10
Dist : [0, 0, 0, 0, 0, 0, 0, 0, 0, 0, 0, 0, 0, 0, 0, 0, 0, 0, 0, 0, 0, 0, 0, 0, 0, 0, 0, 0, 0, 0, 0, 0, 0, 0, 0, 0, 0, 0, 2, 0, 0, 0, 0, 0, 1, 0, 4, 0, 0, 0, 0, 0, 0, 0, 0, 0, 2, 0, 0, 0, 0, 0, 1, 0, 4, 0, 0, 0, 999, 999, 999, 999, 999, 999, 999, 999]
time : 153.70 (+0.05 = 0.00 + 0.05)

91th Add (Sname, S, D) : g[21], 536870912, 11
Dist : [0, 0, 0, 0, 0, 0, 0, 0, 0, 0, 0, 0, 0, 0, 0, 0, 0, 0, 0, 0, 0, 0, 0, 0, 0, 0, 0, 0, 0, 0, 0, 0, 0, 0, 0, 0, 0, 0, 2, 0, 0, 0, 0, 0, 1, 0, 4, 0, 0, 0, 0, 0, 0, 0, 0, 0, 2, 0, 0, 0, 0, 0, 1, 0, 4, 0, 0, 0, 999, 999, 999, 999, 999, 999, 999, 999]
time : 153.75 (+0.05 = 0.00 + 0.05)

92th Add (Sname, S, D) : g[30], 274877906944, 11
Dist : [0, 0, 0, 0, 0, 0, 0, 0, 0, 0, 0, 0, 0, 0, 0, 0, 0, 0, 0, 0, 0, 0, 0, 0, 0, 0, 0, 0, 0, 0, 0, 0, 0, 0, 0, 0, 0, 0, 2, 0, 0, 0, 0, 0, 1, 0, 4, 0, 0, 0, 0, 0, 0, 0, 0, 0, 2, 0, 0, 0, 0, 0, 1, 0, 4, 0, 0, 0, 999, 999, 999, 999, 999, 999, 999, 999]
time : 153.80 (+0.05 = 0.00 + 0.05)

93th Add (Sname, S, D) : t[56], 798160, 11
Dist : [0, 0, 0, 0, 0, 0, 0, 0, 0, 0, 0, 0, 0, 0, 0, 0, 0, 0, 0, 0, 0, 0, 0, 0, 0, 0, 0, 0, 0, 0, 0, 0, 0, 0, 0, 0, 0, 0, 2, 0, 0, 0, 0, 0, 0, 0, 4, 0, 0, 0, 0, 0, 0, 0, 0, 0, 2, 0, 0, 0, 0, 0, 0, 0, 4, 0, 0, 0, 999, 999, 999, 999, 999, 999, 999, 999]
time : 153.86 (+0.06 = 0.00 + 0.05)

94th Add (Sname, S, D) : g[22], 1073741824, 12
Dist : [0, 0, 0, 0, 0, 0, 0, 0, 0, 0, 0, 0, 0, 0, 0, 0, 0, 0, 0, 0, 0, 0, 0, 0, 0, 0, 0, 0, 0, 0, 0, 0, 0, 0, 0, 0, 0, 0, 2, 0, 0, 0, 0, 0, 0, 0, 4, 0, 0, 0, 0, 0, 0, 0, 0, 0, 2, 0, 0, 0, 0, 0, 0, 0, 4, 0, 0, 0, 999, 999, 999, 999, 999, 999, 999, 999]
time : 153.92 (+0.06 = 0.00 + 0.06)

95th Add (Sname, S, D) : g[31], 549755813888, 12
Dist : [0, 0, 0, 0, 0, 0, 0, 0, 0, 0, 0, 0, 0, 0, 0, 0, 0, 0, 0, 0, 0, 0, 0, 0, 0, 0, 0, 0, 0, 0, 0, 0, 0, 0, 0, 0, 0, 0, 2, 0, 0, 0, 0, 0, 0, 0, 4, 0, 0, 0, 0, 0, 0, 0, 0, 0, 2, 0, 0, 0, 0, 0, 0, 0, 4, 0, 0, 0, 999, 999, 999, 999, 999, 999, 999, 999]
time : 153.99 (+0.07 = 0.00 + 0.07)

96th Add (Sname, S, D) : t[57], 2228224, 9
Dist : [0, 0, 0, 0, 0, 0, 0, 0, 0, 0, 0, 0, 0, 0, 0, 0, 0, 0, 0, 0, 0, 0, 0, 0, 0, 0, 0, 0, 0, 0, 0, 0, 0, 0, 0, 0, 0, 0, 1, 0, 0, 0, 0, 0, 0, 0, 4, 0, 0, 0, 0, 0, 0, 0, 0, 0, 1, 0, 0, 0, 0, 0, 0, 0, 4, 0, 0, 0, 999, 999, 999, 999, 999, 999, 999, 999]
time : 257.60 (+103.61 = 0.01 + 103.46 + 0.00 + 0.00 + 0.14)

97th Add (Sname, S, D) : t[58], 2490368, 10
Dist : [0, 0, 0, 0, 0, 0, 0, 0, 0, 0, 0, 0, 0, 0, 0, 0, 0, 0, 0, 0, 0, 0, 0, 0, 0, 0, 0, 0, 0, 0, 0, 0, 0, 0, 0, 0, 0, 0, 0, 0, 0, 0, 0, 0, 0, 0, 4, 0, 0, 0, 0, 0, 0, 0, 0, 0, 0, 0, 0, 0, 0, 0, 0, 0, 4, 0, 0, 0, 999, 999, 999, 999, 999, 999, 999, 999]
time : 257.66 (+0.07 = 0.00 + 0.07)

98th Add (Sname, S, D) : g[19], 134217728, 11
Dist : [0, 0, 0, 0, 0, 0, 0, 0, 0, 0, 0, 0, 0, 0, 0, 0, 0, 0, 0, 0, 0, 0, 0, 0, 0, 0, 0, 0, 0, 0, 0, 0, 0, 0, 0, 0, 0, 0, 0, 0, 0, 0, 0, 0, 0, 0, 4, 0, 0, 0, 0, 0, 0, 0, 0, 0, 0, 0, 0, 0, 0, 0, 0, 0, 4, 0, 0, 0, 999, 999, 999, 999, 999, 999, 999, 999]
time : 257.73 (+0.06 = 0.00 + 0.06)

99th Add (Sname, S, D) : g[28], 68719476736, 11
Dist : [0, 0, 0, 0, 0, 0, 0, 0, 0, 0, 0, 0, 0, 0, 0, 0, 0, 0, 0, 0, 0, 0, 0, 0, 0, 0, 0, 0, 0, 0, 0, 0, 0, 0, 0, 0, 0, 0, 0, 0, 0, 0, 0, 0, 0, 0, 4, 0, 0, 0, 0, 0, 0, 0, 0, 0, 0, 0, 0, 0, 0, 0, 0, 0, 4, 0, 0, 0, 999, 999, 999, 999, 999, 7, 999, 999]
time : 259.42 (+1.69 = 0.00 + 1.69)

100th Add (Sname, S, D) : t[59], 786432, 10
Dist : [0, 0, 0, 0, 0, 0, 0, 0, 0, 0, 0, 0, 0, 0, 0, 0, 0, 0, 0, 0, 0, 0, 0, 0, 0, 0, 0, 0, 0, 0, 0, 0, 0, 0, 0, 0, 0, 0, 0, 0, 0, 0, 0, 0, 0, 0, 3, 0, 0, 0, 0, 0, 0, 0, 0, 0, 0, 0, 0, 0, 0, 0, 0, 0, 3, 0, 0, 0, 999, 999, 999, 999, 999, 7, 999, 999]
time : 670.48 (+411.06 = 0.01 + 410.91 + 0.00 + 0.00 + 0.15)

101th Add (Sname, S, D) : t[60], 2104176, 9
Dist : [0, 0, 0, 0, 0, 0, 0, 0, 0, 0, 0, 0, 0, 0, 0, 0, 0, 0, 0, 0, 0, 0, 0, 0, 0, 0, 0, 0, 0, 0, 0, 0, 0, 0, 0, 0, 0, 0, 0, 0, 0, 0, 0, 0, 0, 0, 2, 0, 0, 0, 0, 0, 0, 0, 0, 0, 0, 0, 0, 0, 0, 0, 0, 0, 2, 0, 0, 0, 999, 999, 999, 999, 999, 7, 999, 999]
time : 1107.41 (+436.93 = 0.01 + 436.76 + 0.00 + 0.00 + 0.16)

102th Add (Sname, S, D) : t[61], 10492784, 10
Dist : [0, 0, 0, 0, 0, 0, 0, 0, 0, 0, 0, 0, 0, 0, 0, 0, 0, 0, 0, 0, 0, 0, 0, 0, 0, 0, 0, 0, 0, 0, 0, 0, 0, 0, 0, 0, 0, 0, 0, 0, 0, 0, 0, 0, 0, 0, 1, 0, 0, 0, 0, 0, 0, 0, 0, 0, 0, 0, 0, 0, 0, 0, 0, 0, 1, 0, 0, 0, 999, 999, 999, 999, 999, 7, 999, 999]
time : 1560.81 (+453.40 = 0.01 + 453.23 + 0.00 + 0.00 + 0.16)

103th Add (Sname, S, D) : t[62], 11279216, 11
Dist : [0, 0, 0, 0, 0, 0, 0, 0, 0, 0, 0, 0, 0, 0, 0, 0, 0, 0, 0, 0, 0, 0, 0, 0, 0, 0, 0, 0, 0, 0, 0, 0, 0, 0, 0, 0, 0, 0, 0, 0, 0, 0, 0, 0, 0, 0, 0, 0, 0, 0, 0, 0, 0, 0, 0, 0, 0, 0, 0, 0, 0, 0, 0, 0, 0, 0, 0, 0, 999, 999, 999, 999, 999, 7, 999, 999]
time : 1561.01 (+0.20 = 0.00 + 0.20)

104th Add (Sname, S, D) : g[23], 2147483648, 12
Dist : [0, 0, 0, 0, 0, 0, 0, 0, 0, 0, 0, 0, 0, 0, 0, 0, 0, 0, 0, 0, 0, 0, 0, 0, 0, 0, 0, 0, 0, 0, 0, 0, 0, 0, 0, 0, 0, 0, 0, 0, 0, 0, 0, 0, 0, 0, 0, 0, 0, 0, 0, 0, 0, 0, 0, 0, 0, 0, 0, 0, 0, 0, 0, 0, 0, 0, 0, 0, 999, 999, 999, 999, 999, 7, 999, 999]
time : 1561.21 (+0.20 = 0.00 + 0.20)

105th Add (Sname, S, D) : g[32], 1099511627776, 12
Dist : [0, 0, 0, 0, 0, 0, 0, 0, 0, 0, 0, 0, 0, 0, 0, 0, 0, 0, 0, 0, 0, 0, 0, 0, 0, 0, 0, 0, 0, 0, 0, 0, 0, 0, 0, 0, 0, 0, 0, 0, 0, 0, 0, 0, 0, 0, 0, 0, 0, 0, 0, 0, 0, 0, 0, 0, 0, 0, 0, 0, 0, 0, 0, 0, 0, 0, 0, 0, 7, 7, 999, 7, 7, 7, 7, 7]
time : 1575.73 (+14.52 = 0.00 + 14.52)

106th Add (Sname, S, D) : t[63], 1649267441664, 13
Dist : [0, 0, 0, 0, 0, 0, 0, 0, 0, 0, 0, 0, 0, 0, 0, 0, 0, 0, 0, 0, 0, 0, 0, 0, 0, 0, 0, 0, 0, 0, 0, 0, 0, 0, 0, 0, 0, 0, 0, 0, 0, 0, 0, 0, 0, 0, 0, 0, 0, 0, 0, 0, 0, 0, 0, 0, 0, 0, 0, 0, 0, 0, 0, 0, 0, 0, 0, 0, 6, 6, 999, 6, 6, 7, 6, 6]
time : 4165.03 (+2589.30 = 0.01 + 2586.49 + 0.00 + 0.00 + 2.80)

107th Add (Sname, S, D) : t[64], 1657857376256, 14
Dist : [0, 0, 0, 0, 0, 0, 0, 0, 0, 0, 0, 0, 0, 0, 0, 0, 0, 0, 0, 0, 0, 0, 0, 0, 0, 0, 0, 0, 0, 0, 0, 0, 0, 0, 0, 0, 0, 0, 0, 0, 0, 0, 0, 0, 0, 0, 0, 0, 0, 0, 0, 0, 0, 0, 0, 0, 0, 0, 0, 0, 0, 0, 0, 0, 0, 0, 0, 0, 6, 6, 999, 5, 5, 7, 5, 5]
time : 4799.66 (+634.62 = 0.01 + 631.72 + 0.00 + 0.00 + 2.89)

108th Add (Sname, S, D) : t[65], 17448304640, 12
Dist : [0, 0, 0, 0, 0, 0, 0, 0, 0, 0, 0, 0, 0, 0, 0, 0, 0, 0, 0, 0, 0, 0, 0, 0, 0, 0, 0, 0, 0, 0, 0, 0, 0, 0, 0, 0, 0, 0, 0, 0, 0, 0, 0, 0, 0, 0, 0, 0, 0, 0, 0, 0, 0, 0, 0, 0, 0, 0, 0, 0, 0, 0, 0, 0, 0, 0, 0, 0, 6, 6, 999, 4, 4, 7, 5, 4]
time : 5439.35 (+639.70 = 0.01 + 637.01 + 0.00 + 0.00 + 2.68)

109th Add (Sname, S, D) : t[66], 17582522368, 13
Dist : [0, 0, 0, 0, 0, 0, 0, 0, 0, 0, 0, 0, 0, 0, 0, 0, 0, 0, 0, 0, 0, 0, 0, 0, 0, 0, 0, 0, 0, 0, 0, 0, 0, 0, 0, 0, 0, 0, 0, 0, 0, 0, 0, 0, 0, 0, 0, 0, 0, 0, 0, 0, 0, 0, 0, 0, 0, 0, 0, 0, 0, 0, 0, 0, 0, 0, 0, 0, 6, 6, 999, 4, 3, 7, 5, 3]
time : 6118.09 (+678.74 = 0.01 + 675.93 + 0.00 + 0.00 + 2.80)

110th Add (Sname, S, D) : t[67], 3221225472, 13
Dist : [0, 0, 0, 0, 0, 0, 0, 0, 0, 0, 0, 0, 0, 0, 0, 0, 0, 0, 0, 0, 0, 0, 0, 0, 0, 0, 0, 0, 0, 0, 0, 0, 0, 0, 0, 0, 0, 0, 0, 0, 0, 0, 0, 0, 0, 0, 0, 0, 0, 0, 0, 0, 0, 0, 0, 0, 0, 0, 0, 0, 0, 0, 0, 0, 0, 0, 0, 0, 6, 6, 999, 4, 3, 7, 4, 2]
time : 6836.06 (+717.97 = 0.01 + 715.01 + 0.00 + 0.00 + 2.95)

111th Add (Sname, S, D) : t[68], 603979776, 12
Dist : [0, 0, 0, 0, 0, 0, 0, 0, 0, 0, 0, 0, 0, 0, 0, 0, 0, 0, 0, 0, 0, 0, 0, 0, 0, 0, 0, 0, 0, 0, 0, 0, 0, 0, 0, 0, 0, 0, 0, 0, 0, 0, 0, 0, 0, 0, 0, 0, 0, 0, 0, 0, 0, 0, 0, 0, 0, 0, 0, 0, 0, 0, 0, 0, 0, 0, 0, 0, 5, 6, 999, 3, 3, 7, 4, 2]
time : 7589.91 (+753.85 = 0.01 + 751.03 + 0.00 + 0.00 + 2.81)

112th Add (Sname, S, D) : t[69], 1717986918400, 14
Dist : [0, 0, 0, 0, 0, 0, 0, 0, 0, 0, 0, 0, 0, 0, 0, 0, 0, 0, 0, 0, 0, 0, 0, 0, 0, 0, 0, 0, 0, 0, 0, 0, 0, 0, 0, 0, 0, 0, 0, 0, 0, 0, 0, 0, 0, 0, 0, 0, 0, 0, 0, 0, 0, 0, 0, 0, 0, 0, 0, 0, 0, 0, 0, 0, 0, 0, 0, 0, 4, 5, 999, 3, 3, 7, 4, 2]
time : 8384.08 (+794.17 = 0.01 + 791.36 + 0.00 + 0.00 + 2.81)

113th Add (Sname, S, D) : t[70], 20803747840, 14
Dist : [0, 0, 0, 0, 0, 0, 0, 0, 0, 0, 0, 0, 0, 0, 0, 0, 0, 0, 0, 0, 0, 0, 0, 0, 0, 0, 0, 0, 0, 0, 0, 0, 0, 0, 0, 0, 0, 0, 0, 0, 0, 0, 0, 0, 0, 0, 0, 0, 0, 0, 0, 0, 0, 0, 0, 0, 0, 0, 0, 0, 0, 0, 0, 0, 0, 0, 0, 0, 4, 5, 999, 3, 3, 7, 4, 1]
time : 9196.36 (+812.27 = 0.01 + 809.34 + 0.00 + 0.00 + 2.93)

114th Add (Sname, S, D) : t[71], 1678661124096, 15
Dist : [0, 0, 0, 0, 0, 0, 0, 0, 0, 0, 0, 0, 0, 0, 0, 0, 0, 0, 0, 0, 0, 0, 0, 0, 0, 0, 0, 0, 0, 0, 0, 0, 0, 0, 0, 0, 0, 0, 0, 0, 0, 0, 0, 0, 0, 0, 0, 0, 0, 0, 0, 0, 0, 0, 0, 0, 0, 0, 0, 0, 0, 0, 0, 0, 0, 0, 0, 0, 4, 5, 999, 3, 3, 7, 4, 0]
time : 9199.39 (+3.03 = 0.00 + 3.03)

115th Add (Sname, S, D) : t[72], 18052284416, 13
Dist : [0, 0, 0, 0, 0, 0, 0, 0, 0, 0, 0, 0, 0, 0, 0, 0, 0, 0, 0, 0, 0, 0, 0, 0, 0, 0, 0, 0, 0, 0, 0, 0, 0, 0, 0, 0, 0, 0, 0, 0, 0, 0, 0, 0, 0, 0, 0, 0, 0, 0, 0, 0, 0, 0, 0, 0, 0, 0, 0, 0, 0, 0, 0, 0, 0, 0, 0, 0, 4, 5, 999, 2, 3, 7, 4, 0]
time : 9977.18 (+777.80 = 0.01 + 774.90 + 0.00 + 0.00 + 2.89)

116th Add (Sname, S, D) : t[73], 18085838848, 14
Dist : [0, 0, 0, 0, 0, 0, 0, 0, 0, 0, 0, 0, 0, 0, 0, 0, 0, 0, 0, 0, 0, 0, 0, 0, 0, 0, 0, 0, 0, 0, 0, 0, 0, 0, 0, 0, 0, 0, 0, 0, 0, 0, 0, 0, 0, 0, 0, 0, 0, 0, 0, 0, 0, 0, 0, 0, 0, 0, 0, 0, 0, 0, 0, 0, 0, 0, 0, 0, 4, 5, 999, 1, 3, 7, 4, 0]
time : 10790.30 (+813.12 = 0.01 + 810.11 + 0.00 + 0.00 + 3.00)

117th Add (Sname, S, D) : t[74], 1675943215104, 15
Dist : [0, 0, 0, 0, 0, 0, 0, 0, 0, 0, 0, 0, 0, 0, 0, 0, 0, 0, 0, 0, 0, 0, 0, 0, 0, 0, 0, 0, 0, 0, 0, 0, 0, 0, 0, 0, 0, 0, 0, 0, 0, 0, 0, 0, 0, 0, 0, 0, 0, 0, 0, 0, 0, 0, 0, 0, 0, 0, 0, 0, 0, 0, 0, 0, 0, 0, 0, 0, 4, 5, 999, 0, 3, 7, 4, 0]
time : 10793.45 (+3.15 = 0.00 + 3.15)

118th Add (Sname, S, D) : t[75], 50331648, 13
Dist : [0, 0, 0, 0, 0, 0, 0, 0, 0, 0, 0, 0, 0, 0, 0, 0, 0, 0, 0, 0, 0, 0, 0, 0, 0, 0, 0, 0, 0, 0, 0, 0, 0, 0, 0, 0, 0, 0, 0, 0, 0, 0, 0, 0, 0, 0, 0, 0, 0, 0, 0, 0, 0, 0, 0, 0, 0, 0, 0, 0, 0, 0, 0, 0, 0, 0, 0, 0, 4, 5, 999, 0, 2, 7, 4, 0]
time : 11637.59 (+844.14 = 0.01 + 840.92 + 0.00 + 0.00 + 3.22)

119th Add (Sname, S, D) : t[76], 17632854016, 14
Dist : [0, 0, 0, 0, 0, 0, 0, 0, 0, 0, 0, 0, 0, 0, 0, 0, 0, 0, 0, 0, 0, 0, 0, 0, 0, 0, 0, 0, 0, 0, 0, 0, 0, 0, 0, 0, 0, 0, 0, 0, 0, 0, 0, 0, 0, 0, 0, 0, 0, 0, 0, 0, 0, 0, 0, 0, 0, 0, 0, 0, 0, 0, 0, 0, 0, 0, 0, 0, 4, 5, 999, 0, 1, 7, 4, 0]
time : 12530.47 (+892.89 = 0.01 + 889.52 + 0.00 + 0.00 + 3.36)

120th Add (Sname, S, D) : t[77], 1675490230272, 15
Dist : [0, 0, 0, 0, 0, 0, 0, 0, 0, 0, 0, 0, 0, 0, 0, 0, 0, 0, 0, 0, 0, 0, 0, 0, 0, 0, 0, 0, 0, 0, 0, 0, 0, 0, 0, 0, 0, 0, 0, 0, 0, 0, 0, 0, 0, 0, 0, 0, 0, 0, 0, 0, 0, 0, 0, 0, 0, 0, 0, 0, 0, 0, 0, 0, 0, 0, 0, 0, 4, 5, 999, 0, 0, 7, 4, 0]
time : 12534.00 (+3.52 = 0.00 + 3.52)

121th Add (Sname, S, D) : t[78], 1649317773312, 14
Dist : [0, 0, 0, 0, 0, 0, 0, 0, 0, 0, 0, 0, 0, 0, 0, 0, 0, 0, 0, 0, 0, 0, 0, 0, 0, 0, 0, 0, 0, 0, 0, 0, 0, 0, 0, 0, 0, 0, 0, 0, 0, 0, 0, 0, 0, 0, 0, 0, 0, 0, 0, 0, 0, 0, 0, 0, 0, 0, 0, 0, 0, 0, 0, 0, 0, 0, 0, 0, 4, 5, 999, 0, 0, 7, 3, 0]
time : 13462.92 (+928.93 = 0.01 + 925.31 + 0.00 + 0.00 + 3.61)

122th Add (Sname, S, D) : t[79], 25769803776, 13
Dist : [0, 0, 0, 0, 0, 0, 0, 0, 0, 0, 0, 0, 0, 0, 0, 0, 0, 0, 0, 0, 0, 0, 0, 0, 0, 0, 0, 0, 0, 0, 0, 0, 0, 0, 0, 0, 0, 0, 0, 0, 0, 0, 0, 0, 0, 0, 0, 0, 0, 0, 0, 0, 0, 0, 0, 0, 0, 0, 0, 0, 0, 0, 0, 0, 0, 0, 0, 0, 4, 5, 999, 0, 0, 7, 2, 0]
time : 14419.67 (+956.74 = 0.01 + 952.97 + 0.00 + 0.00 + 3.76)

123th Add (Sname, S, D) : t[80], 28991029248, 14
Dist : [0, 0, 0, 0, 0, 0, 0, 0, 0, 0, 0, 0, 0, 0, 0, 0, 0, 0, 0, 0, 0, 0, 0, 0, 0, 0, 0, 0, 0, 0, 0, 0, 0, 0, 0, 0, 0, 0, 0, 0, 0, 0, 0, 0, 0, 0, 0, 0, 0, 0, 0, 0, 0, 0, 0, 0, 0, 0, 0, 0, 0, 0, 0, 0, 0, 0, 0, 0, 4, 5, 999, 0, 0, 7, 1, 0]
time : 15424.13 (+1004.46 = 0.01 + 1000.52 + 0.00 + 0.00 + 3.93)

124th Add (Sname, S, D) : t[81], 1678308802560, 15
Dist : [0, 0, 0, 0, 0, 0, 0, 0, 0, 0, 0, 0, 0, 0, 0, 0, 0, 0, 0, 0, 0, 0, 0, 0, 0, 0, 0, 0, 0, 0, 0, 0, 0, 0, 0, 0, 0, 0, 0, 0, 0, 0, 0, 0, 0, 0, 0, 0, 0, 0, 0, 0, 0, 0, 0, 0, 0, 0, 0, 0, 0, 0, 0, 0, 0, 0, 0, 0, 4, 5, 999, 0, 0, 7, 0, 0]
time : 15428.23 (+4.11 = 0.00 + 4.11)

125th Add (Sname, S, D) : t[82], 738197504, 13
Dist : [0, 0, 0, 0, 0, 0, 0, 0, 0, 0, 0, 0, 0, 0, 0, 0, 0, 0, 0, 0, 0, 0, 0, 0, 0, 0, 0, 0, 0, 0, 0, 0, 0, 0, 0, 0, 0, 0, 0, 0, 0, 0, 0, 0, 0, 0, 0, 0, 0, 0, 0, 0, 0, 0, 0, 0, 0, 0, 0, 0, 0, 0, 0, 0, 0, 0, 0, 0, 3, 5, 999, 0, 0, 7, 0, 0]
time : 16476.63 (+1048.40 = 0.01 + 1044.25 + 0.00 + 0.00 + 4.14)

126th Add (Sname, S, D) : t[83], 137455730688, 13
Dist : [0, 0, 0, 0, 0, 0, 0, 0, 0, 0, 0, 0, 0, 0, 0, 0, 0, 0, 0, 0, 0, 0, 0, 0, 0, 0, 0, 0, 0, 0, 0, 0, 0, 0, 0, 0, 0, 0, 0, 0, 0, 0, 0, 0, 0, 0, 0, 0, 0, 0, 0, 0, 0, 0, 0, 0, 0, 0, 0, 0, 0, 0, 0, 0, 0, 0, 0, 0, 2, 5, 999, 0, 0, 7, 0, 0]
time : 17577.44 (+1100.81 = 0.01 + 1096.45 + 0.00 + 0.00 + 4.35)

127th Add (Sname, S, D) : t[84], 138193928192, 14
Dist : [0, 0, 0, 0, 0, 0, 0, 0, 0, 0, 0, 0, 0, 0, 0, 0, 0, 0, 0, 0, 0, 0, 0, 0, 0, 0, 0, 0, 0, 0, 0, 0, 0, 0, 0, 0, 0, 0, 0, 0, 0, 0, 0, 0, 0, 0, 0, 0, 0, 0, 0, 0, 0, 0, 0, 0, 0, 0, 0, 0, 0, 0, 0, 0, 0, 0, 0, 0, 1, 5, 999, 0, 0, 7, 0, 0]
time : 18718.97 (+1141.53 = 0.01 + 1136.97 + 0.00 + 0.00 + 4.54)

128th Add (Sname, S, D) : t[85], 1856180846592, 15
Dist : [0, 0, 0, 0, 0, 0, 0, 0, 0, 0, 0, 0, 0, 0, 0, 0, 0, 0, 0, 0, 0, 0, 0, 0, 0, 0, 0, 0, 0, 0, 0, 0, 0, 0, 0, 0, 0, 0, 0, 0, 0, 0, 0, 0, 0, 0, 0, 0, 0, 0, 0, 0, 0, 0, 0, 0, 0, 0, 0, 0, 0, 0, 0, 0, 0, 0, 0, 0, 0, 5, 999, 0, 0, 7, 0, 0]
time : 18723.66 (+4.68 = 0.00 + 4.68)

129th Add (Sname, S, D) : t[86], 2684354560, 13
Dist : [0, 0, 0, 0, 0, 0, 0, 0, 0, 0, 0, 0, 0, 0, 0, 0, 0, 0, 0, 0, 0, 0, 0, 0, 0, 0, 0, 0, 0, 0, 0, 0, 0, 0, 0, 0, 0, 0, 0, 0, 0, 0, 0, 0, 0, 0, 0, 0, 0, 0, 0, 0, 0, 0, 0, 0, 0, 0, 0, 0, 0, 0, 0, 0, 0, 0, 0, 0, 0, 4, 999, 0, 0, 7, 0, 0]
time : 20232.09 (+1508.43 = 0.01 + 1501.19 + 0.00 + 0.00 + 7.23)

130th Add (Sname, S, D) : t[87], 137707388928, 11
Dist : [0, 0, 0, 0, 0, 0, 0, 0, 0, 0, 0, 0, 0, 0, 0, 0, 0, 0, 0, 0, 0, 0, 0, 0, 0, 0, 0, 0, 0, 0, 0, 0, 0, 0, 0, 0, 0, 0, 0, 0, 0, 0, 0, 0, 0, 0, 0, 0, 0, 0, 0, 0, 0, 0, 0, 0, 0, 0, 0, 0, 0, 0, 0, 0, 0, 0, 0, 0, 0, 3, 999, 0, 0, 7, 0, 0]
time : 21819.55 (+1587.46 = 0.01 + 1580.33 + 0.00 + 0.00 + 7.12)

131th Add (Sname, S, D) : t[88], 142002356224, 12
Dist : [0, 0, 0, 0, 0, 0, 0, 0, 0, 0, 0, 0, 0, 0, 0, 0, 0, 0, 0, 0, 0, 0, 0, 0, 0, 0, 0, 0, 0, 0, 0, 0, 0, 0, 0, 0, 0, 0, 0, 0, 0, 0, 0, 0, 0, 0, 0, 0, 0, 0, 0, 0, 0, 0, 0, 0, 0, 0, 0, 0, 0, 0, 0, 0, 0, 0, 0, 0, 0, 2, 999, 0, 0, 7, 0, 0]
time : 23508.33 (+1688.78 = 0.01 + 1681.87 + 0.00 + 0.00 + 6.90)

132th Add (Sname, S, D) : t[89], 144686710784, 14
Dist : [0, 0, 0, 0, 0, 0, 0, 0, 0, 0, 0, 0, 0, 0, 0, 0, 0, 0, 0, 0, 0, 0, 0, 0, 0, 0, 0, 0, 0, 0, 0, 0, 0, 0, 0, 0, 0, 0, 0, 0, 0, 0, 0, 0, 0, 0, 0, 0, 0, 0, 0, 0, 0, 0, 0, 0, 0, 0, 0, 0, 0, 0, 0, 0, 0, 0, 0, 0, 0, 1, 999, 0, 0, 7, 0, 0]
time : 25304.24 (+1795.92 = 0.01 + 1788.68 + 0.00 + 0.00 + 7.23)

133th Add (Sname, S, D) : t[90], 1862673629184, 15
Dist : [0, 0, 0, 0, 0, 0, 0, 0, 0, 0, 0, 0, 0, 0, 0, 0, 0, 0, 0, 0, 0, 0, 0, 0, 0, 0, 0, 0, 0, 0, 0, 0, 0, 0, 0, 0, 0, 0, 0, 0, 0, 0, 0, 0, 0, 0, 0, 0, 0, 0, 0, 0, 0, 0, 0, 0, 0, 0, 0, 0, 0, 0, 0, 0, 0, 0, 0, 0, 0, 0, 999, 0, 0, 7, 0, 0]
time : 25311.70 (+7.46 = 0.00 + 7.46)

134th Add (Sname, S, D) : t[91], 618475290624, 13
Dist : [0, 0, 0, 0, 0, 0, 0, 0, 0, 0, 0, 0, 0, 0, 0, 0, 0, 0, 0, 0, 0, 0, 0, 0, 0, 0, 0, 0, 0, 0, 0, 0, 0, 0, 0, 0, 0, 0, 0, 0, 0, 0, 0, 0, 0, 0, 0, 0, 0, 0, 0, 0, 0, 0, 0, 0, 0, 0, 0, 0, 0, 0, 0, 0, 0, 0, 0, 0, 0, 0, 999, 0, 0, 6, 0, 0]
time : 27176.38 (+1864.68 = 0.01 + 1857.09 + 0.00 + 0.00 + 7.57)

135th Add (Sname, S, D) : t[92], 893353197568, 14
Dist : [0, 0, 0, 0, 0, 0, 0, 0, 0, 0, 0, 0, 0, 0, 0, 0, 0, 0, 0, 0, 0, 0, 0, 0, 0, 0, 0, 0, 0, 0, 0, 0, 0, 0, 0, 0, 0, 0, 0, 0, 0, 0, 0, 0, 0, 0, 0, 0, 0, 0, 0, 0, 0, 0, 0, 0, 0, 0, 0, 0, 0, 0, 0, 0, 0, 0, 0, 0, 0, 0, 999, 0, 0, 5, 0, 0]
time : 27906.70 (+730.32 = 0.01 + 722.79 + 0.00 + 0.00 + 7.51)

136th Add (Sname, S, D) : t[93], 1090519040, 13
Dist : [0, 0, 0, 0, 0, 0, 0, 0, 0, 0, 0, 0, 0, 0, 0, 0, 0, 0, 0, 0, 0, 0, 0, 0, 0, 0, 0, 0, 0, 0, 0, 0, 0, 0, 0, 0, 0, 0, 0, 0, 0, 0, 0, 0, 0, 0, 0, 0, 0, 0, 0, 0, 0, 0, 0, 0, 0, 0, 0, 0, 0, 0, 0, 0, 0, 0, 0, 0, 0, 0, 999, 0, 0, 4, 0, 0]
time : 28622.07 (+715.37 = 0.01 + 707.71 + 0.00 + 0.00 + 7.65)

137th Add (Sname, S, D) : t[94], 4362076160, 12
Dist : [0, 0, 0, 0, 0, 0, 0, 0, 0, 0, 0, 0, 0, 0, 0, 0, 0, 0, 0, 0, 0, 0, 0, 0, 0, 0, 0, 0, 0, 0, 0, 0, 0, 0, 0, 0, 0, 0, 0, 0, 0, 0, 0, 0, 0, 0, 0, 0, 0, 0, 0, 0, 0, 0, 0, 0, 0, 0, 0, 0, 0, 0, 0, 0, 0, 0, 0, 0, 0, 0, 999, 0, 0, 3, 0, 0]
time : 29317.11 (+695.05 = 0.01 + 687.32 + 0.00 + 0.00 + 7.71)

138th Add (Sname, S, D) : t[95], 2203385331712, 13
Dist : [0, 0, 0, 0, 0, 0, 0, 0, 0, 0, 0, 0, 0, 0, 0, 0, 0, 0, 0, 0, 0, 0, 0, 0, 0, 0, 0, 0, 0, 0, 0, 0, 0, 0, 0, 0, 0, 0, 0, 0, 0, 0, 0, 0, 0, 0, 0, 0, 0, 0, 0, 0, 0, 0, 0, 0, 0, 0, 0, 0, 0, 0, 0, 0, 0, 0, 0, 0, 0, 0, 999, 0, 0, 2, 0, 0]
time : 30052.59 (+735.47 = 0.01 + 727.45 + 0.00 + 0.00 + 8.01)

139th Add (Sname, S, D) : t[96], 2204475850752, 14
Dist : [0, 0, 0, 0, 0, 0, 0, 0, 0, 0, 0, 0, 0, 0, 0, 0, 0, 0, 0, 0, 0, 0, 0, 0, 0, 0, 0, 0, 0, 0, 0, 0, 0, 0, 0, 0, 0, 0, 0, 0, 0, 0, 0, 0, 0, 0, 0, 0, 0, 0, 0, 0, 0, 0, 0, 0, 0, 0, 0, 0, 0, 0, 0, 0, 0, 0, 0, 0, 0, 0, 999, 0, 0, 1, 0, 0]
time : 30820.58 (+767.99 = 0.01 + 759.85 + 0.00 + 0.00 + 8.13)

140th Add (Sname, S, D) : t[97], 3097829048320, 15
Dist : [0, 0, 0, 0, 0, 0, 0, 0, 0, 0, 0, 0, 0, 0, 0, 0, 0, 0, 0, 0, 0, 0, 0, 0, 0, 0, 0, 0, 0, 0, 0, 0, 0, 0, 0, 0, 0, 0, 0, 0, 0, 0, 0, 0, 0, 0, 0, 0, 0, 0, 0, 0, 0, 0, 0, 0, 0, 0, 0, 0, 0, 0, 0, 0, 0, 0, 0, 0, 0, 0, 999, 0, 0, 0, 0, 0]
time : 30828.95 (+8.37 = 0.00 + 8.37)

141th Add (Sname, S, D) : t[98], 335544320, 12
Dist : [0, 0, 0, 0, 0, 0, 0, 0, 0, 0, 0, 0, 0, 0, 0, 0, 0, 0, 0, 0, 0, 0, 0, 0, 0, 0, 0, 0, 0, 0, 0, 0, 0, 0, 0, 0, 0, 0, 0, 0, 0, 0, 0, 0, 0, 0, 0, 0, 0, 0, 0, 0, 0, 0, 0, 0, 0, 0, 0, 0, 0, 0, 0, 0, 0, 0, 0, 0, 0, 0, 999, 0, 0, 0, 0, 0]
time : 30837.53 (+8.58 = 0.00 + 8.58)

142th Add (Sname, S, D) : t[99], 4429185024, 12
Dist : [0, 0, 0, 0, 0, 0, 0, 0, 0, 0, 0, 0, 0, 0, 0, 0, 0, 0, 0, 0, 0, 0, 0, 0, 0, 0, 0, 0, 0, 0, 0, 0, 0, 0, 0, 0, 0, 0, 0, 0, 0, 0, 0, 0, 0, 0, 0, 0, 0, 0, 0, 0, 0, 0, 0, 0, 0, 0, 0, 0, 0, 0, 0, 0, 0, 0, 0, 0, 0, 0, 999, 0, 0, 0, 0, 0]
time : 30846.31 (+8.78 = 0.00 + 8.78)

143th Add (Sname, S, D) : t[100], 51539607552, 12
Dist : [0, 0, 0, 0, 0, 0, 0, 0, 0, 0, 0, 0, 0, 0, 0, 0, 0, 0, 0, 0, 0, 0, 0, 0, 0, 0, 0, 0, 0, 0, 0, 0, 0, 0, 0, 0, 0, 0, 0, 0, 0, 0, 0, 0, 0, 0, 0, 0, 0, 0, 0, 0, 0, 0, 0, 0, 0, 0, 0, 0, 0, 0, 0, 0, 0, 0, 0, 0, 0, 0, 7, 0, 0, 0, 0, 0]
time : 30855.37 (+9.06 = 0.00 + 9.06)

144th Add (Sname, S, D) : t[101], 55968792576, 13
Dist : [0, 0, 0, 0, 0, 0, 0, 0, 0, 0, 0, 0, 0, 0, 0, 0, 0, 0, 0, 0, 0, 0, 0, 0, 0, 0, 0, 0, 0, 0, 0, 0, 0, 0, 0, 0, 0, 0, 0, 0, 0, 0, 0, 0, 0, 0, 0, 0, 0, 0, 0, 0, 0, 0, 0, 0, 0, 0, 0, 0, 0, 0, 0, 0, 0, 0, 0, 0, 0, 0, 6, 0, 0, 0, 0, 0]
time : 33416.11 (+2560.74 = 0.01 + 2560.10 + 0.00 + 0.00 + 0.62)

145th Add (Sname, S, D) : t[102], 2483027968, 13
Dist : [0, 0, 0, 0, 0, 0, 0, 0, 0, 0, 0, 0, 0, 0, 0, 0, 0, 0, 0, 0, 0, 0, 0, 0, 0, 0, 0, 0, 0, 0, 0, 0, 0, 0, 0, 0, 0, 0, 0, 0, 0, 0, 0, 0, 0, 0, 0, 0, 0, 0, 0, 0, 0, 0, 0, 0, 0, 0, 0, 0, 0, 0, 0, 0, 0, 0, 0, 0, 0, 0, 5, 0, 0, 0, 0, 0]
time : 34576.76 (+1160.65 = 0.01 + 1160.26 + 0.00 + 0.00 + 0.38)

146th Add (Sname, S, D) : t[103], 1651750469632, 14
Dist : [0, 0, 0, 0, 0, 0, 0, 0, 0, 0, 0, 0, 0, 0, 0, 0, 0, 0, 0, 0, 0, 0, 0, 0, 0, 0, 0, 0, 0, 0, 0, 0, 0, 0, 0, 0, 0, 0, 0, 0, 0, 0, 0, 0, 0, 0, 0, 0, 0, 0, 0, 0, 0, 0, 0, 0, 0, 0, 0, 0, 0, 0, 0, 0, 0, 0, 0, 0, 0, 0, 4, 0, 0, 0, 0, 0]
time : 35756.53 (+1179.77 = 0.01 + 1179.35 + 0.00 + 0.00 + 0.40)

147th Add (Sname, S, D) : t[104], 343597383680, 12
Dist : [0, 0, 0, 0, 0, 0, 0, 0, 0, 0, 0, 0, 0, 0, 0, 0, 0, 0, 0, 0, 0, 0, 0, 0, 0, 0, 0, 0, 0, 0, 0, 0, 0, 0, 0, 0, 0, 0, 0, 0, 0, 0, 0, 0, 0, 0, 0, 0, 0, 0, 0, 0, 0, 0, 0, 0, 0, 0, 0, 0, 0, 0, 0, 0, 0, 0, 0, 0, 0, 0, 3, 0, 0, 0, 0, 0]
time : 36967.93 (+1211.40 = 0.01 + 1210.95 + 0.00 + 0.00 + 0.43)

148th Add (Sname, S, D) : t[105], 343614160896, 13
Dist : [0, 0, 0, 0, 0, 0, 0, 0, 0, 0, 0, 0, 0, 0, 0, 0, 0, 0, 0, 0, 0, 0, 0, 0, 0, 0, 0, 0, 0, 0, 0, 0, 0, 0, 0, 0, 0, 0, 0, 0, 0, 0, 0, 0, 0, 0, 0, 0, 0, 0, 0, 0, 0, 0, 0, 0, 0, 0, 0, 0, 0, 0, 0, 0, 0, 0, 0, 0, 0, 0, 2, 0, 0, 0, 0, 0]
time : 38079.51 (+1111.58 = 0.01 + 1111.23 + 0.00 + 0.00 + 0.34)

149th Add (Sname, S, D) : t[106], 399582953472, 14
Dist : [0, 0, 0, 0, 0, 0, 0, 0, 0, 0, 0, 0, 0, 0, 0, 0, 0, 0, 0, 0, 0, 0, 0, 0, 0, 0, 0, 0, 0, 0, 0, 0, 0, 0, 0, 0, 0, 0, 0, 0, 0, 0, 0, 0, 0, 0, 0, 0, 0, 0, 0, 0, 0, 0, 0, 0, 0, 0, 0, 0, 0, 0, 0, 0, 0, 0, 0, 0, 0, 0, 1, 0, 0, 0, 0, 0]
time : 39093.39 (+1013.87 = 0.01 + 1013.53 + 0.00 + 0.00 + 0.33)

150th Add (Sname, S, D) : t[107], 2051333423104, 15
Dist : [0, 0, 0, 0, 0, 0, 0, 0, 0, 0, 0, 0, 0, 0, 0, 0, 0, 0, 0, 0, 0, 0, 0, 0, 0, 0, 0, 0, 0, 0, 0, 0, 0, 0, 0, 0, 0, 0, 0, 0, 0, 0, 0, 0, 0, 0, 0, 0, 0, 0, 0, 0, 0, 0, 0, 0, 0, 0, 0, 0, 0, 0, 0, 0, 0, 0, 0, 0, 0, 0, 0, 0, 0, 0, 0, 0]
time : 39093.73 (+0.34 = 0.00 + 0.34)

XOR : 108
Circuit : ['r[5]=x[0]', 'r[37]=x[0]', 'r[8]=x[1]', 't[0]=x[1]^x[7]', 'r[6]=t[0]', 'r[57]=t[0]', 't[1]=x[4]^x[7]', 'r[12]=t[1]', 'r[63]=t[1]', 't[2]=x[2]^x[4]', 'r[14]=t[2]', 'r[65]=t[2]', 't[3]=t[0]^t[2]', 'r[0]=t[3]', 'r[51]=t[3]', 't[4]=x[2]^x[7]', 'r[16]=t[4]', 'r[67]=t[4]', 't[5]=x[1]^x[3]', 't[6]=t[1]^t[5]', 'r[1]=t[6]', 'r[33]=t[6]', 'g[0]=r[0]&r[1]', 't[7]=x[0]^t[6]', 'r[3]=t[7]', 'r[35]=t[7]', 't[8]=x[5]^x[6]', 't[9]=x[0]^t[8]', 'r[9]=t[9]', 'r[41]=t[9]', 'g[4]=r[8]|r[9]', 't[10]=x[4]^t[9]', 'r[4]=t[10]', 'r[55]=t[10]', 'g[2]=r[4]&r[5]', 't[11]=x[7]^t[9]', 'r[10]=t[11]', 'r[61]=t[11]', 't[12]=t[6]^t[8]', 'r[17]=t[12]', 'r[49]=t[12]', 'g[8]=r[16]&r[17]', 't[13]=x[1]^t[9]', 'r[59]=t[13]', 't[14]=x[2]^x[5]', 't[15]=t[5]^t[14]', 'r[7]=t[15]', 'r[39]=t[15]', 'g[3]=r[6]&r[7]', 't[16]=t[9]^t[15]', 'r[11]=t[16]', 'r[43]=t[16]', 'g[5]=r[10]&r[11]', 't[17]=t[1]^t[14]', 'r[15]=t[17]', 'r[47]=t[17]', 'g[7]=r[14]&r[15]', 't[18]=x[2]^x[6]', 't[19]=t[5]^t[18]', 'r[13]=t[19]', 'r[45]=t[19]', 'g[6]=r[12]|r[13]', 't[20]=g[4]^g[7]', 't[21]=g[8]^g[5]', 't[22]=t[20]^t[21]', 'r[23]=t[22]', 'r[30]=t[22]', 't[23]=x[1]^t[4]', 't[24]=t[9]^t[23]', 'r[2]=t[24]', 'r[53]=t[24]', 'g[1]=r[2]&r[3]', 't[25]=g[7]^g[1]', 't[26]=g[0]^g[6]', 't[27]=t[25]^t[26]', 'r[19]=t[27]', 'r[24]=t[27]', 't[28]=g[8]^t[14]', 't[29]=t[4]^t[28]', 't[30]=t[10]^g[3]', 't[31]=g[2]^t[25]', 't[32]=t[29]^t[31]', 'r[21]=t[32]', 'r[26]=t[32]', 't[33]=x[0]^g[6]', 't[34]=t[30]^t[33]', 't[35]=t[21]^t[34]', 'r[25]=t[35]', 'g[12]=r[24]&r[25]', 'r[27]=g[12]', 'g[13]=r[26]&r[27]', 't[36]=t[20]^t[34]', 'r[29]=t[36]', 't[37]=g[2]^t[26]', 't[38]=t[29]^t[37]', 'r[28]=t[38]', 'g[14]=r[28]&r[29]', 'r[31]=g[14]', 'g[15]=r[30]&r[31]', 't[39]=t[22]^t[32]', 't[40]=g[13]^t[39]', 't[41]=g[15]^t[40]', 'r[48]=t[41]', 'r[66]=t[41]', 'g[24]=r[48]&r[49]', 'g[33]=r[66]&r[67]', 't[42]=g[1]^t[30]', 't[43]=g[0]^g[4]', 't[44]=x[0]^t[43]', 't[45]=t[42]^t[44]', 'r[18]=t[45]', 'g[9]=r[18]&r[19]', 't[46]=t[32]^g[9]', 'r[22]=t[46]', 'g[11]=r[22]&r[23]', 't[47]=t[35]^g[11]', 'r[36]=t[47]', 'r[54]=t[47]', 'g[18]=r[36]&r[37]', 'g[27]=r[54]&r[55]', 't[48]=t[38]^g[9]', 't[49]=g[13]^t[48]', 'r[40]=t[49]', 'r[58]=t[49]', 'g[20]=r[40]&r[41]', 'g[29]=r[58]&r[59]', 't[50]=t[39]^t[48]', 't[51]=g[15]^t[50]', 'r[34]=t[51]', 'r[52]=t[51]', 'g[17]=r[34]&r[35]', 'g[26]=r[52]&r[53]', 't[52]=t[47]^t[51]', 'r[32]=t[52]', 'r[50]=t[52]', 'g[16]=r[32]&r[33]', 'g[25]=r[50]&r[51]', 't[53]=t[22]^t[45]', 't[54]=g[9]^t[53]', 'r[20]=t[54]', 'g[10]=r[20]&r[21]', 't[55]=t[38]^g[10]', 'r[42]=t[55]', 'r[60]=t[55]', 'g[21]=r[42]&r[43]', 'g[30]=r[60]&r[61]', 't[56]=t[47]^t[55]', 'r[44]=t[56]', 'r[62]=t[56]', 'g[22]=r[44]&r[45]', 'g[31]=r[62]&r[63]', 't[57]=g[13]^g[9]', 't[58]=g[10]^t[57]', 'r[38]=t[58]', 'r[56]=t[58]', 'g[19]=r[38]&r[39]', 'g[28]=r[56]&r[57]', 't[59]=g[11]^g[10]', 't[60]=g[13]^t[45]', 't[61]=g[15]^t[60]', 't[62]=t[59]^t[61]', 'r[46]=t[62]', 'r[64]=t[62]', 'g[23]=r[46]&r[47]', 'g[32]=r[64]&r[65]', 't[63]=g[31]^g[32]', 't[64]=g[25]^t[63]', 't[65]=g[20]^g[26]', 't[66]=g[19]^t[65]', 't[67]=g[22]^g[23]', 't[68]=g[18]^g[21]', 't[69]=g[28]^t[63]', 't[70]=t[66]^t[67]', 't[71]=t[64]^t[70]', 'y[7]=t[71]', 't[72]=t[65]^t[68]', 't[73]=g[17]^t[72]', 't[74]=t[64]^t[73]', 'y[3]=t[74]', 't[75]=g[17]^g[16]', 't[76]=t[66]^t[75]', 't[77]=t[64]^t[76]', 'y[4]=t[77]', 't[78]=t[63]^t[75]', 't[79]=g[26]^g[25]', 't[80]=t[67]^t[79]', 't[81]=t[78]^t[80]', 'y[6]=t[81]^1', 't[82]=g[19]^t[68]', 't[83]=g[29]^g[16]', 't[84]=t[82]^t[83]', 't[85]=t[69]^t[84]', 'y[0]=t[85]^1', 't[86]=g[21]^g[23]', 't[87]=g[20]^g[29]', 't[88]=g[24]^t[87]', 't[89]=t[86]^t[88]', 't[90]=t[69]^t[89]', 'y[1]=t[90]^1', 't[91]=g[31]^g[28]', 't[92]=g[30]^t[91]', 't[93]=g[16]^g[22]', 't[94]=g[24]^g[18]', 't[95]=g[33]^t[94]', 't[96]=t[93]^t[95]', 't[97]=t[92]^t[96]', 'y[5]=t[97]^1', 't[98]=g[18]^g[20]', 't[99]=g[24]^g[19]', 't[100]=g[27]^g[26]', 't[101]=t[99]^t[100]', 't[102]=g[23]^t[98]', 't[103]=t[63]^t[102]', 't[104]=g[30]^g[28]', 't[105]=g[16]^t[104]', 't[106]=t[101]^t[105]', 't[107]=t[103]^t[106]', 'y[2]=t[107]']