n : 8
m : 8
H : 26
Y : [150, 12, 231, 155, 112, 1, 130, 172, 99, 2, 174, 79, 144, 222, 20, 160, 132, 250, 49924, 6936, 193798, 226058, 220688, 192030, 92178, 535834, 407042, 1186584, 1159182, 1159316, 1803788, 155, 669187, 1, 2600974, 2600992, 2197004, 97, 407117, 79, 786510, 78, 3538944, 3539124, 3801088, 250, 1159182, 150, 1804011, 231, 669186, 113, 2600974, 2601100, 2197103, 99, 407042, 407267, 786576, 144, 3538944, 3538964, 3801220, 132, 464045211665, 465669076540, 512834025017, 418989605039, 418872964813, 774461063224, 419579004579, 419668264589]
XORs : {'r[0]': ['x[7]', 'x[1]', 'x[4]', 'x[2]'], 'r[1]': ['x[3]', 'x[2]'], 'r[2]': ['x[1]', 'x[7]', 'x[2]', 'x[0]', 'x[6]', 'x[5]'], 'r[3]': ['x[0]', 'x[3]', 'x[7]', 'x[1]', 'x[4]'], 'r[4]': ['x[4]', 'x[6]', 'x[5]'], 'r[5]': ['x[0]'], 'r[6]': ['x[7]', 'x[1]'], 'r[7]': ['x[5]', 'x[3]', 'x[2]', 'x[7]'], 'r[8]': ['x[1]', 'x[0]', 'x[6]', 'x[5]'], 'r[9]': ['x[1]'], 'r[10]': ['x[7]', 'x[5]', 'x[3]', 'x[1]', 'x[2]'], 'r[11]': ['x[0]', 'x[6]', 'x[3]', 'x[1]', 'x[2]'], 'r[12]': ['x[7]', 'x[4]'], 'r[13]': ['x[6]', 'x[3]', 'x[1]', 'x[2]', 'x[7]', 'x[4]'], 'r[14]': ['x[4]', 'x[2]'], 'r[15]': ['x[5]', 'x[7]'], 'r[16]': ['x[7]', 'x[2]'], 'r[17]': ['x[6]', 'x[5]', 'x[3]', 'x[7]', 'x[1]', 'x[4]'], 'r[18]': ['g[1]', 'g[0]', 'g[7]', 'g[6]', 'x[2]'], 'r[19]': ['g[4]', 'g[3]', 'x[3]', 'x[4]', 'g[1]', 'g[0]'], 'r[20]': ['g[7]', 'g[2]', 'x[2]', 'g[9]', 'g[5]', 'g[0]', 'g[4]', 'g[6]', 'x[1]'], 'r[21]': ['g[9]', 'g[5]', 'g[8]', 'g[1]', 'g[0]', 'g[4]', 'g[6]', 'x[3]', 'x[1]'], 'r[22]': ['g[9]', 'g[2]', 'g[8]', 'g[1]', 'g[4]', 'g[3]', 'g[6]', 'x[4]'], 'r[23]': ['g[7]', 'g[5]', 'x[3]', 'x[1]', 'x[2]', 'g[9]', 'g[2]', 'g[1]', 'g[3]', 'g[6]', 'x[4]'], 'r[24]': ['g[5]', 'g[3]', 'g[8]', 'g[6]', 'x[1]', 'x[4]'], 'r[25]': ['g[11]', 'g[0]', 'x[3]', 'g[2]', 'g[5]', 'g[3]', 'x[1]', 'x[4]'], 'r[26]': ['g[10]', 'g[2]', 'g[9]', 'g[5]', 'g[1]', 'g[4]', 'x[1]'], 'r[27]': ['g[12]', 'g[9]', 'g[1]', 'g[0]', 'g[4]', 'x[3]', 'g[3]', 'x[4]'], 'r[28]': ['g[12]', 'g[4]', 'g[7]', 'x[3]', 'x[2]', 'g[5]', 'g[8]', 'x[1]'], 'r[29]': ['x[7]', 'x[4]', 'g[12]', 'g[4]', 'g[7]', 'x[2]', 'g[5]', 'g[8]'], 'r[30]': ['g[12]', 'g[11]', 'g[7]', 'x[3]', 'x[2]', 'g[9]', 'g[2]', 'g[1]', 'g[8]'], 'r[31]': ['x[0]', 'x[3]', 'x[7]', 'x[1]', 'x[4]'], 'r[32]': ['g[11]', 'g[5]', 'x[1]', 'g[9]', 'g[2]', 'g[1]', 'g[4]', 'x[0]'], 'r[33]': ['x[0]'], 'r[34]': ['g[10]', 'g[13]', 'g[7]', 'x[2]', 'g[9]', 'g[5]', 'g[8]', 'g[4]', 'x[3]', 'x[1]'], 'r[35]': ['x[5]', 'g[10]', 'g[13]', 'g[7]', 'g[9]', 'g[5]', 'g[8]', 'g[4]'], 'r[36]': ['g[13]', 'g[1]', 'g[7]', 'g[2]', 'g[8]', 'x[3]', 'x[2]'], 'r[37]': ['x[0]', 'x[6]', 'x[5]'], 'r[38]': ['g[10]', 'g[2]', 'g[9]', 'g[5]', 'g[1]', 'g[4]', 'x[0]', 'x[6]', 'x[3]', 'x[2]'], 'r[39]': ['x[0]', 'x[6]', 'x[3]', 'x[1]', 'x[2]'], 'r[40]': ['g[10]', 'g[11]', 'x[6]', 'x[3]', 'x[1]', 'x[2]'], 'r[41]': ['x[6]', 'x[3]', 'x[1]', 'x[2]'], 'r[42]': ['g[10]', 'g[13]', 'g[12]', 'g[9]'], 'r[43]': ['x[2]', 'x[5]', 'x[7]', 'x[4]', 'g[10]', 'g[13]', 'g[12]', 'g[9]'], 'r[44]': ['g[13]', 'g[12]', 'g[11]', 'g[9]'], 'r[45]': ['x[6]', 'x[5]', 'x[3]', 'x[7]', 'x[1]', 'x[4]'], 'r[46]': ['g[12]', 'g[4]', 'g[7]', 'x[3]', 'x[2]', 'g[5]', 'g[8]', 'x[1]'], 'r[47]': ['x[7]', 'x[1]', 'x[4]', 'x[2]'], 'r[48]': ['g[12]', 'g[11]', 'g[7]', 'x[3]', 'g[9]', 'g[2]', 'g[1]', 'g[8]', 'x[1]', 'x[7]', 'x[0]', 'x[6]', 'x[5]'], 'r[49]': ['x[1]', 'x[7]', 'x[2]', 'x[0]', 'x[6]', 'x[5]'], 'r[50]': ['g[11]', 'g[5]', 'x[1]', 'g[9]', 'g[2]', 'g[1]', 'g[4]'], 'r[51]': ['x[4]', 'x[0]', 'x[6]', 'x[5]'], 'r[52]': ['g[10]', 'g[13]', 'g[7]', 'x[2]', 'g[9]', 'g[5]', 'g[8]', 'g[4]', 'x[3]', 'x[1]'], 'r[53]': ['x[7]', 'g[10]', 'g[13]', 'g[7]', 'x[2]', 'g[9]', 'g[5]', 'g[8]', 'g[4]', 'x[3]'], 'r[54]': ['g[13]', 'g[1]', 'g[7]', 'g[2]', 'g[8]', 'x[3]', 'x[2]', 'x[1]', 'x[0]', 'x[6]', 'x[5]'], 'r[55]': ['x[1]', 'x[0]', 'x[6]', 'x[5]'], 'r[56]': ['g[10]', 'g[2]', 'g[9]', 'g[5]', 'g[1]', 'g[4]', 'x[1]'], 'r[57]': ['x[7]', 'x[0]', 'x[6]', 'x[5]', 'g[10]', 'g[2]', 'g[9]', 'g[5]', 'g[1]', 'g[4]', 'x[1]'], 'r[58]': ['g[10]', 'g[11]', 'x[7]', 'x[4]'], 'r[59]': ['x[7]', 'x[4]'], 'r[60]': ['g[10]', 'g[13]', 'g[12]', 'g[9]'], 'r[61]': ['x[4]', 'x[2]', 'g[10]', 'g[13]', 'g[12]', 'g[9]'], 'r[62]': ['g[13]', 'g[12]', 'g[11]', 'g[9]', 'x[7]', 'x[2]'], 'r[63]': ['x[7]', 'x[2]'], 'y[7]': ['g[17]', 'g[20]', 'g[21]', 'g[23]', 'g[24]', 'g[18]', 'g[29]', 'g[30]', 'g[7]', 'x[0]', 'g[11]', 'x[2]', 'x[7]', 'x[3]', 'g[2]', 'g[8]', 'g[1]', 'g[10]', 'g[13]'], 'y[1]': ['g[26]', 'g[19]', 'g[27]', 'g[21]', 'g[22]', 'g[18]', 'g[29]', 'g[30]', 'x[5]', 'g[11]', 'g[5]', 'g[2]', 'g[1]', 'g[4]', 'x[4]', 'x[3]', 'x[2]', 'g[9]'], 'y[0]': ['g[19]', 'g[27]', 'g[29]', 'g[30]', 'g[16]', 'g[26]', 'g[14]', 'g[17]', 'x[4]', 'x[0]'], 'y[4]': ['g[14]', 'g[17]', 'g[15]', 'g[23]', 'g[24]', 'g[18]', 'g[29]', 'g[30]', 'g[1]', 'x[0]', 'x[6]', 'g[2]', 'x[7]', 'g[4]', 'x[3]', 'x[2]', 'g[5]', 'g[10]', 'g[9]'], 'y[3]': ['g[16]', 'g[19]', 'g[15]', 'g[23]', 'g[24]', 'g[18]', 'g[29]', 'g[30]', 'x[5]', 'g[11]', 'x[7]', 'x[0]', 'x[3]', 'x[1]', 'x[2]', 'g[13]', 'g[12]', 'g[9]'], 'y[2]': ['g[24]', 'g[25]', 'g[28]', 'g[21]', 'g[22]', 'g[18]', 'g[16]', 'g[26]', 'g[14]', 'g[17]', 'g[29]', 'g[30]', 'x[0]', 'x[5]', 'g[11]', 'g[2]', 'g[1]', 'x[4]', 'g[4]', 'x[3]', 'g[5]', 'g[9]'], 'y[6]': ['g[14]', 'g[15]', 'g[20]', 'g[21]', 'g[23]', 'g[24]', 'g[29]', 'g[30]', 'x[0]', 'x[5]', 'g[11]', 'x[7]', 'g[2]', 'g[1]', 'g[7]', 'g[8]', 'x[1]', 'g[12]', 'g[9]'], 'y[5]': ['g[31]', 'g[28]', 'g[20]', 'g[22]', 'g[16]', 'g[26]', 'g[14]', 'g[29]', 'g[13]', 'x[5]', 'g[11]', 'g[9]', 'x[4]', 'g[12]', 'x[3]']}
HY : [12, 1, 11, 11, 13, 0, 1, 10, 9, 0, 12, 12, 1, 9, 1, 1, 1, 11, 14, 14, 18, 18, 16, 16, 18, 18, 20, 20, 22, 22, 23, 11, 19, 0, 22, 22, 22, 22, 22, 12, 22, 22, 22, 22, 22, 11, 22, 12, 20, 11, 18, 18, 22, 22, 22, 9, 20, 20, 20, 1, 22, 22, 23, 1, 26, 26, 26, 26, 26, 26, 26, 26]
sbp_pool_size : 2

Dist : [3, 1, 5, 4, 2, 0, 1, 3, 3, 0, 4, 4, 1, 5, 1, 1, 1, 5, 999, 999, 999, 999, 999, 999, 999, 999, 999, 999, 999, 999, 999, 4, 999, 0, 999, 999, 999, 2, 999, 4, 999, 3, 999, 999, 999, 5, 999, 3, 999, 5, 999, 3, 999, 999, 999, 3, 999, 999, 999, 1, 999, 999, 999, 1, 999, 999, 999, 999, 999, 999, 999, 999]
time : 0.03 (+0.03)

9th Add (Sname, S, D) : t[0], 12, 1
Dist : [3, 0, 5, 4, 2, 0, 1, 2, 3, 0, 3, 3, 1, 4, 1, 1, 1, 5, 999, 999, 999, 999, 999, 999, 999, 999, 999, 999, 999, 999, 999, 4, 999, 0, 999, 999, 999, 2, 999, 3, 999, 2, 999, 999, 999, 5, 999, 3, 999, 5, 999, 3, 999, 999, 999, 3, 999, 999, 999, 1, 999, 999, 999, 1, 999, 999, 999, 999, 999, 999, 999, 999]
time : 0.03 (+0.03 = 0.00 + 0.00)

10th Add (Sname, S, D) : t[1], 130, 1
Dist : [2, 0, 4, 3, 2, 0, 0, 2, 3, 0, 2, 3, 1, 3, 1, 1, 1, 4, 999, 999, 999, 999, 999, 999, 999, 999, 999, 999, 999, 999, 999, 3, 999, 0, 999, 999, 999, 2, 999, 3, 999, 2, 999, 999, 999, 4, 999, 2, 999, 4, 999, 3, 999, 999, 999, 3, 999, 999, 999, 1, 999, 999, 999, 1, 999, 999, 999, 999, 999, 999, 999, 999]
time : 0.03 (+0.00 = 0.00 + 0.00)

11th Add (Sname, S, D) : t[2], 144, 1
Dist : [2, 0, 4, 3, 2, 0, 0, 2, 3, 0, 2, 3, 0, 3, 1, 1, 1, 4, 999, 999, 999, 999, 999, 999, 999, 999, 999, 999, 999, 999, 999, 3, 999, 0, 999, 999, 999, 2, 999, 3, 999, 2, 999, 999, 999, 4, 999, 2, 999, 4, 999, 3, 999, 999, 999, 3, 999, 999, 999, 0, 999, 999, 999, 1, 999, 999, 999, 999, 999, 999, 999, 999]
time : 0.03 (+0.00 = 0.00 + 0.00)

12th Add (Sname, S, D) : t[3], 20, 1
Dist : [1, 0, 4, 3, 2, 0, 0, 2, 3, 0, 2, 3, 0, 3, 0, 1, 1, 4, 999, 999, 999, 999, 999, 999, 999, 999, 999, 999, 999, 999, 999, 3, 999, 0, 999, 999, 999, 2, 999, 3, 999, 2, 999, 999, 999, 4, 999, 1, 999, 4, 999, 3, 999, 999, 999, 3, 999, 999, 999, 0, 999, 999, 999, 1, 999, 999, 999, 999, 999, 999, 999, 999]
time : 0.03 (+0.00 = 0.00 + 0.00)

13th Add (Sname, S, D) : t[4], 150, 2
Dist : [0, 0, 4, 2, 2, 0, 0, 2, 3, 0, 2, 3, 0, 2, 0, 1, 1, 3, 999, 999, 999, 999, 999, 999, 999, 999, 999, 999, 999, 999, 999, 2, 999, 0, 999, 999, 999, 2, 999, 3, 999, 2, 999, 999, 999, 3, 999, 0, 999, 4, 999, 3, 999, 999, 999, 3, 999, 999, 999, 0, 999, 999, 999, 1, 999, 999, 999, 999, 999, 999, 999, 999]
time : 0.03 (+0.00 = 0.00 + 0.00)

14th Add (Sname, S, D) : g[0], 256, 3
Dist : [0, 0, 4, 2, 2, 0, 0, 2, 3, 0, 2, 3, 0, 2, 0, 1, 1, 3, 999, 999, 999, 999, 999, 999, 999, 999, 999, 999, 999, 999, 999, 2, 999, 0, 999, 999, 999, 2, 999, 3, 999, 2, 999, 999, 999, 3, 999, 0, 999, 4, 999, 3, 999, 999, 999, 3, 999, 999, 999, 0, 999, 999, 999, 1, 999, 999, 999, 999, 999, 999, 999, 999]
time : 0.03 (+0.00 = 0.00 + 0.00)

15th Add (Sname, S, D) : t[5], 160, 1
Dist : [0, 0, 4, 2, 2, 0, 0, 1, 3, 0, 2, 3, 0, 2, 0, 0, 1, 3, 999, 999, 999, 999, 999, 999, 999, 999, 999, 999, 999, 999, 999, 2, 999, 0, 999, 999, 999, 2, 999, 3, 999, 2, 999, 999, 999, 3, 999, 0, 999, 4, 999, 3, 999, 999, 999, 3, 999, 999, 999, 0, 999, 999, 999, 1, 999, 999, 999, 999, 999, 999, 999, 999]
time : 0.03 (+0.00 = 0.00 + 0.00)

16th Add (Sname, S, D) : g[7], 32768, 2
Dist : [0, 0, 4, 2, 2, 0, 0, 1, 3, 0, 2, 3, 0, 2, 0, 0, 1, 3, 999, 999, 999, 999, 999, 999, 999, 999, 999, 999, 999, 999, 999, 2, 999, 0, 999, 999, 999, 2, 999, 3, 999, 2, 999, 999, 999, 3, 999, 0, 999, 4, 999, 3, 999, 999, 999, 3, 999, 999, 999, 0, 999, 999, 999, 1, 999, 999, 999, 999, 999, 999, 999, 999]
time : 0.03 (+0.00 = 0.00 + 0.00)

17th Add (Sname, S, D) : t[6], 172, 2
Dist : [0, 0, 4, 2, 2, 0, 0, 0, 3, 0, 1, 3, 0, 2, 0, 0, 1, 3, 999, 999, 999, 999, 999, 999, 999, 999, 999, 999, 999, 999, 999, 2, 999, 0, 999, 999, 999, 2, 999, 3, 999, 2, 999, 999, 999, 3, 999, 0, 999, 4, 999, 3, 999, 999, 999, 3, 999, 999, 999, 0, 999, 999, 999, 1, 999, 999, 999, 999, 999, 999, 999, 999]
time : 0.03 (+0.00 = 0.00 + 0.00)

18th Add (Sname, S, D) : g[3], 2048, 3
Dist : [0, 0, 4, 2, 2, 0, 0, 0, 3, 0, 1, 3, 0, 2, 0, 0, 1, 3, 999, 999, 999, 999, 999, 999, 999, 999, 999, 999, 999, 999, 999, 2, 999, 0, 999, 999, 999, 2, 999, 3, 999, 2, 999, 999, 999, 3, 999, 0, 999, 4, 999, 3, 999, 999, 999, 3, 999, 999, 999, 0, 999, 999, 999, 1, 999, 999, 999, 999, 999, 999, 999, 999]
time : 0.03 (+0.00 = 0.00 + 0.00)

19th Add (Sname, S, D) : t[7], 174, 3
Dist : [0, 0, 3, 2, 2, 0, 0, 0, 3, 0, 0, 3, 0, 2, 0, 0, 1, 2, 999, 999, 999, 999, 999, 999, 999, 999, 999, 999, 999, 999, 999, 2, 999, 0, 999, 999, 999, 2, 999, 3, 999, 2, 999, 999, 999, 2, 999, 0, 999, 3, 999, 3, 999, 999, 999, 3, 999, 999, 999, 0, 999, 999, 999, 1, 999, 999, 999, 999, 999, 999, 999, 999]
time : 0.03 (+0.00 = 0.00 + 0.00)

20th Add (Sname, S, D) : t[8], 132, 1
Dist : [0, 0, 3, 2, 2, 0, 0, 0, 3, 0, 0, 3, 0, 2, 0, 0, 0, 2, 999, 999, 999, 999, 999, 999, 999, 999, 999, 999, 999, 999, 999, 2, 999, 0, 999, 999, 999, 2, 999, 3, 999, 2, 999, 999, 999, 2, 999, 0, 999, 3, 999, 3, 999, 999, 999, 3, 999, 999, 999, 0, 999, 999, 999, 0, 999, 999, 999, 999, 999, 999, 999, 999]
time : 0.03 (+0.00 = 0.00 + 0.00)

21th Add (Sname, S, D) : t[9], 65, 1
Dist : [0, 0, 2, 2, 2, 0, 0, 0, 2, 0, 0, 2, 0, 2, 0, 0, 0, 2, 999, 999, 999, 999, 999, 999, 999, 999, 999, 999, 999, 999, 999, 2, 999, 0, 999, 999, 999, 1, 999, 2, 999, 2, 999, 999, 999, 2, 999, 0, 999, 2, 999, 2, 999, 999, 999, 2, 999, 999, 999, 0, 999, 999, 999, 0, 999, 999, 999, 999, 999, 999, 999, 999]
time : 0.05 (+0.02 = 0.00 + 0.02 + 0.00 + 0.00 + 0.00)

22th Add (Sname, S, D) : t[10], 97, 2
Dist : [0, 0, 2, 2, 2, 0, 0, 0, 1, 0, 0, 2, 0, 2, 0, 0, 0, 2, 999, 999, 999, 999, 999, 999, 999, 999, 999, 999, 999, 999, 999, 2, 999, 0, 999, 999, 999, 0, 999, 2, 999, 2, 999, 999, 999, 2, 999, 0, 999, 2, 999, 1, 999, 999, 999, 1, 999, 999, 999, 0, 999, 999, 999, 0, 999, 999, 999, 999, 999, 999, 999, 999]
time : 0.05 (+0.00 = 0.00 + 0.00)

23th Add (Sname, S, D) : t[11], 99, 3
Dist : [0, 0, 1, 2, 2, 0, 0, 0, 0, 0, 0, 2, 0, 2, 0, 0, 0, 2, 999, 999, 999, 999, 999, 999, 999, 999, 999, 999, 999, 999, 999, 2, 999, 0, 999, 999, 999, 0, 999, 2, 999, 2, 999, 999, 999, 2, 999, 0, 999, 1, 999, 1, 999, 999, 999, 0, 999, 999, 999, 0, 999, 999, 999, 0, 999, 999, 999, 999, 999, 999, 999, 999]
time : 0.05 (+0.00 = 0.00 + 0.00)

24th Add (Sname, S, D) : g[4], 4096, 4
Dist : [0, 0, 1, 2, 2, 0, 0, 0, 0, 0, 0, 2, 0, 2, 0, 0, 0, 2, 999, 999, 999, 999, 999, 999, 999, 999, 999, 999, 999, 999, 999, 2, 999, 0, 999, 999, 999, 0, 999, 2, 999, 2, 999, 999, 999, 2, 999, 0, 999, 1, 999, 1, 999, 999, 999, 0, 999, 999, 999, 0, 999, 999, 999, 0, 999, 999, 999, 999, 999, 999, 999, 999]
time : 0.05 (+0.00 = 0.00 + 0.00)

25th Add (Sname, S, D) : t[12], 231, 4
Dist : [0, 0, 0, 2, 2, 0, 0, 0, 0, 0, 0, 2, 0, 2, 0, 0, 0, 2, 999, 999, 999, 999, 999, 999, 999, 999, 999, 999, 999, 999, 999, 2, 999, 0, 999, 999, 999, 0, 999, 2, 999, 2, 999, 999, 999, 2, 999, 0, 999, 0, 999, 1, 999, 999, 999, 0, 999, 999, 999, 0, 999, 999, 999, 0, 999, 999, 999, 999, 999, 999, 999, 999]
time : 0.06 (+0.00 = 0.00 + 0.00)

26th Add (Sname, S, D) : t[13], 113, 3
Dist : [0, 0, 0, 2, 1, 0, 0, 0, 0, 0, 0, 2, 0, 2, 0, 0, 0, 2, 999, 999, 999, 999, 999, 999, 999, 999, 999, 999, 999, 999, 999, 2, 999, 0, 999, 999, 999, 0, 999, 2, 999, 2, 999, 999, 999, 2, 999, 0, 999, 0, 999, 0, 999, 999, 999, 0, 999, 999, 999, 0, 999, 999, 999, 0, 999, 999, 999, 999, 999, 999, 999, 999]
time : 0.06 (+0.00 = 0.00 + 0.00)

27th Add (Sname, S, D) : t[14], 112, 4
Dist : [0, 0, 0, 2, 0, 0, 0, 0, 0, 0, 0, 2, 0, 1, 0, 0, 0, 2, 999, 999, 999, 999, 999, 999, 999, 999, 999, 999, 999, 999, 999, 2, 999, 0, 999, 999, 999, 0, 999, 2, 999, 2, 999, 999, 999, 2, 999, 0, 999, 0, 999, 0, 999, 999, 999, 0, 999, 999, 999, 0, 999, 999, 999, 0, 999, 999, 999, 999, 999, 999, 999, 999]
time : 0.06 (+0.00 = 0.00 + 0.00)

28th Add (Sname, S, D) : g[2], 1024, 5
Dist : [0, 0, 0, 2, 0, 0, 0, 0, 0, 0, 0, 2, 0, 1, 0, 0, 0, 2, 999, 999, 999, 999, 999, 999, 999, 999, 999, 999, 999, 999, 999, 2, 999, 0, 999, 999, 999, 0, 999, 2, 999, 2, 999, 999, 999, 2, 999, 0, 999, 0, 999, 0, 999, 999, 999, 0, 999, 999, 999, 0, 999, 999, 999, 0, 999, 999, 999, 999, 999, 999, 999, 999]
time : 0.06 (+0.00 = 0.00 + 0.00)

29th Add (Sname, S, D) : t[15], 222, 5
Dist : [0, 0, 0, 2, 0, 0, 0, 0, 0, 0, 0, 2, 0, 0, 0, 0, 0, 2, 999, 999, 999, 999, 999, 999, 999, 999, 999, 999, 999, 999, 999, 2, 999, 0, 999, 999, 999, 0, 999, 2, 999, 1, 999, 999, 999, 2, 999, 0, 999, 0, 999, 0, 999, 999, 999, 0, 999, 999, 999, 0, 999, 999, 999, 0, 999, 999, 999, 999, 999, 999, 999, 999]
time : 0.06 (+0.00 = 0.00 + 0.00)

30th Add (Sname, S, D) : g[6], 16384, 6
Dist : [0, 0, 0, 2, 0, 0, 0, 0, 0, 0, 0, 2, 0, 0, 0, 0, 0, 2, 999, 999, 999, 999, 999, 999, 999, 999, 999, 999, 999, 999, 999, 2, 999, 0, 999, 999, 999, 0, 999, 2, 999, 1, 999, 999, 999, 2, 999, 0, 999, 0, 999, 0, 999, 999, 999, 0, 999, 999, 999, 0, 999, 999, 999, 0, 999, 999, 999, 999, 999, 999, 999, 999]
time : 0.06 (+0.00 = 0.00 + 0.00)

31th Add (Sname, S, D) : t[16], 78, 6
Dist : [0, 0, 0, 2, 0, 0, 0, 0, 0, 0, 0, 1, 0, 0, 0, 0, 0, 2, 999, 999, 999, 999, 999, 999, 999, 999, 999, 999, 999, 999, 999, 2, 999, 0, 999, 999, 999, 0, 999, 1, 999, 0, 999, 999, 999, 2, 999, 0, 999, 0, 999, 0, 999, 999, 999, 0, 999, 999, 999, 0, 999, 999, 999, 0, 999, 999, 999, 999, 999, 999, 999, 999]
time : 0.06 (+0.00 = 0.00 + 0.00)

32th Add (Sname, S, D) : t[17], 79, 7
Dist : [0, 0, 0, 2, 0, 0, 0, 0, 0, 0, 0, 0, 0, 0, 0, 0, 0, 2, 999, 999, 999, 999, 999, 999, 999, 999, 999, 999, 999, 999, 999, 2, 999, 0, 999, 999, 999, 0, 999, 0, 999, 0, 999, 999, 999, 2, 999, 0, 999, 0, 999, 0, 999, 999, 999, 0, 999, 999, 999, 0, 999, 999, 999, 0, 999, 999, 999, 999, 999, 999, 999, 999]
time : 0.06 (+0.00 = 0.00 + 0.00)

33th Add (Sname, S, D) : g[5], 8192, 8
Dist : [0, 0, 0, 2, 0, 0, 0, 0, 0, 0, 0, 0, 0, 0, 0, 0, 0, 2, 999, 999, 999, 999, 999, 999, 999, 999, 999, 999, 999, 999, 999, 2, 999, 0, 999, 999, 999, 0, 999, 0, 999, 0, 999, 999, 999, 2, 999, 0, 999, 0, 999, 0, 999, 999, 999, 0, 999, 999, 999, 0, 999, 999, 999, 0, 999, 999, 999, 999, 999, 999, 999, 999]
time : 0.06 (+0.00 = 0.00 + 0.00)

34th Add (Sname, S, D) : t[18], 218, 6
Dist : [0, 0, 0, 1, 0, 0, 0, 0, 0, 0, 0, 0, 0, 0, 0, 0, 0, 1, 999, 999, 999, 999, 999, 999, 999, 999, 999, 999, 999, 999, 999, 1, 999, 0, 999, 999, 999, 0, 999, 0, 999, 0, 999, 999, 999, 1, 999, 0, 999, 0, 999, 0, 999, 999, 999, 0, 999, 999, 999, 0, 999, 999, 999, 0, 999, 999, 999, 999, 999, 999, 999, 999]
time : 0.25 (+0.19 = 0.00 + 0.19 + 0.00 + 0.00 + 0.00)

35th Add (Sname, S, D) : t[19], 155, 7
Dist : [0, 0, 0, 0, 0, 0, 0, 0, 0, 0, 0, 0, 0, 0, 0, 0, 0, 1, 999, 999, 999, 999, 999, 999, 999, 999, 999, 999, 999, 999, 999, 0, 999, 0, 999, 999, 999, 0, 999, 0, 999, 0, 999, 999, 999, 1, 999, 0, 999, 0, 999, 0, 999, 999, 999, 0, 999, 999, 999, 0, 999, 999, 999, 0, 999, 999, 999, 999, 999, 999, 999, 999]
time : 0.25 (+0.00 = 0.00 + 0.00)

36th Add (Sname, S, D) : g[1], 512, 8
Dist : [0, 0, 0, 0, 0, 0, 0, 0, 0, 0, 0, 0, 0, 0, 0, 0, 0, 1, 4, 5, 999, 999, 999, 999, 999, 999, 999, 999, 999, 999, 999, 0, 999, 0, 999, 999, 999, 0, 999, 0, 999, 0, 999, 999, 999, 1, 999, 0, 999, 0, 999, 0, 999, 999, 999, 0, 999, 999, 999, 0, 999, 999, 999, 0, 999, 999, 999, 999, 999, 999, 999, 999]
time : 0.26 (+0.00 = 0.00 + 0.00)

37th Add (Sname, S, D) : t[20], 250, 7
Dist : [0, 0, 0, 0, 0, 0, 0, 0, 0, 0, 0, 0, 0, 0, 0, 0, 0, 0, 4, 5, 999, 999, 999, 999, 999, 999, 999, 999, 999, 999, 999, 0, 999, 0, 999, 999, 999, 0, 999, 0, 999, 0, 999, 999, 999, 0, 999, 0, 999, 0, 999, 0, 999, 999, 999, 0, 999, 999, 999, 0, 999, 999, 999, 0, 999, 999, 999, 999, 999, 999, 999, 999]
time : 0.26 (+0.00 = 0.00 + 0.00)

38th Add (Sname, S, D) : g[8], 65536, 8
Dist : [0, 0, 0, 0, 0, 0, 0, 0, 0, 0, 0, 0, 0, 0, 0, 0, 0, 0, 4, 5, 999, 999, 999, 999, 5, 999, 999, 999, 999, 999, 999, 0, 999, 0, 999, 999, 999, 0, 999, 0, 999, 0, 999, 999, 999, 0, 999, 0, 999, 0, 999, 0, 999, 999, 999, 0, 999, 999, 999, 0, 999, 999, 999, 0, 999, 999, 999, 999, 999, 999, 999, 999]
time : 0.26 (+0.00 = 0.00 + 0.00)

39th Add (Sname, S, D) : t[21], 768, 9
Dist : [0, 0, 0, 0, 0, 0, 0, 0, 0, 0, 0, 0, 0, 0, 0, 0, 0, 0, 3, 4, 999, 999, 999, 999, 5, 999, 999, 999, 999, 999, 999, 0, 999, 0, 999, 999, 999, 0, 999, 0, 999, 0, 999, 999, 999, 0, 999, 0, 999, 0, 999, 0, 999, 999, 999, 0, 999, 999, 999, 0, 999, 999, 999, 0, 999, 999, 999, 999, 999, 999, 999, 999]
time : 0.63 (+0.37 = 0.00 + 0.37 + 0.00 + 0.00 + 0.00)

40th Add (Sname, S, D) : t[22], 2064, 4
Dist : [0, 0, 0, 0, 0, 0, 0, 0, 0, 0, 0, 0, 0, 0, 0, 0, 0, 0, 3, 3, 999, 999, 999, 999, 4, 999, 999, 999, 999, 999, 999, 0, 999, 0, 999, 999, 999, 0, 999, 0, 999, 0, 999, 999, 999, 0, 999, 0, 999, 0, 999, 0, 999, 999, 999, 0, 999, 999, 999, 0, 999, 999, 999, 0, 999, 999, 999, 999, 999, 999, 999, 999]
time : 1.09 (+0.46 = 0.00 + 0.45 + 0.00 + 0.00 + 0.00)

41th Add (Sname, S, D) : t[23], 2832, 10
Dist : [0, 0, 0, 0, 0, 0, 0, 0, 0, 0, 0, 0, 0, 0, 0, 0, 0, 0, 3, 2, 999, 999, 999, 999, 4, 999, 999, 999, 999, 999, 999, 0, 999, 0, 999, 999, 999, 0, 999, 0, 999, 0, 999, 999, 999, 0, 999, 0, 999, 0, 999, 0, 999, 999, 999, 0, 999, 999, 999, 0, 999, 999, 999, 0, 999, 999, 999, 999, 999, 999, 999, 999]
time : 1.62 (+0.53 = 0.00 + 0.52 + 0.00 + 0.00 + 0.00)

42th Add (Sname, S, D) : t[24], 2840, 11
Dist : [0, 0, 0, 0, 0, 0, 0, 0, 0, 0, 0, 0, 0, 0, 0, 0, 0, 0, 3, 1, 999, 999, 999, 999, 4, 999, 999, 999, 999, 999, 999, 0, 999, 0, 999, 999, 999, 0, 999, 0, 999, 0, 999, 999, 999, 0, 999, 0, 999, 0, 999, 0, 999, 999, 999, 0, 999, 999, 999, 0, 999, 999, 999, 0, 999, 999, 999, 999, 999, 999, 999, 999]
time : 2.29 (+0.67 = 0.00 + 0.67 + 0.00 + 0.00 + 0.01)

43th Add (Sname, S, D) : t[25], 6936, 12
Dist : [0, 0, 0, 0, 0, 0, 0, 0, 0, 0, 0, 0, 0, 0, 0, 0, 0, 0, 3, 0, 999, 999, 999, 999, 4, 999, 999, 999, 999, 999, 999, 0, 999, 0, 999, 999, 999, 0, 999, 0, 999, 0, 999, 999, 999, 0, 999, 0, 999, 0, 999, 0, 999, 999, 999, 0, 999, 999, 999, 0, 999, 999, 999, 0, 999, 999, 999, 999, 999, 999, 999, 999]
time : 2.30 (+0.00 = 0.00 + 0.00)

44th Add (Sname, S, D) : t[26], 17152, 10
Dist : [0, 0, 0, 0, 0, 0, 0, 0, 0, 0, 0, 0, 0, 0, 0, 0, 0, 0, 2, 0, 999, 999, 999, 999, 4, 999, 999, 999, 999, 999, 999, 0, 999, 0, 999, 999, 999, 0, 999, 0, 999, 0, 999, 999, 999, 0, 999, 0, 999, 0, 999, 0, 999, 999, 999, 0, 999, 999, 999, 0, 999, 999, 999, 0, 999, 999, 999, 999, 999, 999, 999, 999]
time : 3.18 (+0.89 = 0.00 + 0.88 + 0.00 + 0.00 + 0.00)

45th Add (Sname, S, D) : t[27], 17156, 11
Dist : [0, 0, 0, 0, 0, 0, 0, 0, 0, 0, 0, 0, 0, 0, 0, 0, 0, 0, 1, 0, 999, 999, 999, 999, 4, 999, 999, 999, 999, 999, 999, 0, 999, 0, 999, 999, 999, 0, 999, 0, 999, 0, 999, 999, 999, 0, 999, 0, 999, 0, 999, 0, 999, 999, 999, 0, 999, 999, 999, 0, 999, 999, 999, 0, 999, 999, 999, 999, 999, 999, 999, 999]
time : 4.17 (+0.99 = 0.00 + 0.99 + 0.00 + 0.00 + 0.00)

46th Add (Sname, S, D) : t[28], 49924, 12
Dist : [0, 0, 0, 0, 0, 0, 0, 0, 0, 0, 0, 0, 0, 0, 0, 0, 0, 0, 0, 0, 999, 999, 999, 999, 4, 999, 999, 999, 999, 999, 999, 0, 999, 0, 999, 999, 999, 0, 999, 0, 999, 0, 999, 999, 999, 0, 999, 0, 999, 0, 999, 0, 999, 999, 999, 0, 999, 999, 999, 0, 999, 999, 999, 0, 999, 999, 999, 999, 999, 999, 999, 999]
time : 4.18 (+0.00 = 0.00 + 0.00)

47th Add (Sname, S, D) : g[9], 131072, 13
Dist : [0, 0, 0, 0, 0, 0, 0, 0, 0, 0, 0, 0, 0, 0, 0, 0, 0, 0, 0, 0, 6, 6, 6, 6, 4, 999, 999, 999, 999, 999, 999, 0, 999, 0, 999, 999, 999, 0, 999, 0, 999, 0, 999, 999, 999, 0, 999, 0, 999, 0, 999, 0, 999, 999, 999, 0, 999, 999, 999, 0, 999, 999, 999, 0, 999, 999, 999, 999, 999, 999, 999, 999]
time : 4.18 (+0.01 = 0.00 + 0.01)

48th Add (Sname, S, D) : t[29], 8194, 9
Dist : [0, 0, 0, 0, 0, 0, 0, 0, 0, 0, 0, 0, 0, 0, 0, 0, 0, 0, 0, 0, 5, 5, 6, 5, 3, 999, 999, 999, 999, 999, 999, 0, 999, 0, 999, 999, 999, 0, 999, 0, 999, 0, 999, 999, 999, 0, 999, 0, 999, 0, 999, 0, 999, 999, 999, 0, 999, 999, 999, 0, 999, 999, 999, 0, 999, 999, 999, 999, 999, 999, 999, 999]
time : 7.03 (+2.85 = 0.00 + 2.84 + 0.00 + 0.00 + 0.01)

49th Add (Sname, S, D) : t[30], 68368, 11
Dist : [0, 0, 0, 0, 0, 0, 0, 0, 0, 0, 0, 0, 0, 0, 0, 0, 0, 0, 0, 0, 5, 4, 5, 5, 2, 999, 999, 999, 999, 999, 999, 0, 999, 0, 999, 999, 999, 0, 999, 0, 999, 0, 999, 999, 999, 0, 999, 0, 999, 0, 999, 0, 999, 999, 999, 0, 999, 999, 999, 0, 999, 999, 999, 0, 999, 999, 999, 999, 999, 999, 999, 999]
time : 9.14 (+2.11 = 0.00 + 2.10 + 0.00 + 0.00 + 0.01)

50th Add (Sname, S, D) : t[31], 83984, 12
Dist : [0, 0, 0, 0, 0, 0, 0, 0, 0, 0, 0, 0, 0, 0, 0, 0, 0, 0, 0, 0, 5, 3, 4, 5, 1, 999, 999, 999, 999, 999, 999, 0, 999, 0, 999, 999, 999, 0, 999, 0, 999, 0, 999, 999, 999, 0, 999, 0, 999, 0, 999, 0, 999, 999, 999, 0, 999, 999, 999, 0, 999, 999, 999, 0, 999, 999, 999, 999, 999, 999, 999, 999]
time : 11.36 (+2.22 = 0.00 + 2.21 + 0.00 + 0.00 + 0.01)

51th Add (Sname, S, D) : t[32], 92178, 13
Dist : [0, 0, 0, 0, 0, 0, 0, 0, 0, 0, 0, 0, 0, 0, 0, 0, 0, 0, 0, 0, 5, 2, 4, 5, 0, 999, 999, 999, 999, 999, 999, 0, 999, 0, 999, 999, 999, 0, 999, 0, 999, 0, 999, 999, 999, 0, 999, 0, 999, 0, 999, 0, 999, 999, 999, 0, 999, 999, 999, 0, 999, 999, 999, 0, 999, 999, 999, 999, 999, 999, 999, 999]
time : 11.37 (+0.01 = 0.00 + 0.01)

52th Add (Sname, S, D) : t[33], 132096, 14
Dist : [0, 0, 0, 0, 0, 0, 0, 0, 0, 0, 0, 0, 0, 0, 0, 0, 0, 0, 0, 0, 4, 2, 3, 4, 0, 999, 999, 999, 999, 999, 999, 0, 999, 0, 999, 999, 999, 0, 999, 0, 999, 0, 999, 999, 999, 0, 999, 0, 999, 0, 999, 0, 999, 999, 999, 0, 999, 999, 999, 0, 999, 999, 999, 0, 999, 999, 999, 999, 999, 999, 999, 999]
time : 14.05 (+2.68 = 0.00 + 2.67 + 0.00 + 0.00 + 0.01)

53th Add (Sname, S, D) : t[34], 132608, 15
Dist : [0, 0, 0, 0, 0, 0, 0, 0, 0, 0, 0, 0, 0, 0, 0, 0, 0, 0, 0, 0, 3, 2, 2, 3, 0, 999, 999, 999, 999, 999, 999, 0, 999, 0, 999, 999, 999, 0, 999, 0, 999, 0, 999, 999, 999, 0, 999, 0, 999, 0, 999, 0, 999, 999, 999, 0, 999, 999, 999, 0, 999, 999, 999, 0, 999, 999, 999, 999, 999, 999, 999, 999]
time : 17.11 (+3.06 = 0.00 + 3.06 + 0.00 + 0.00 + 0.01)

54th Add (Sname, S, D) : t[35], 58118, 13
Dist : [0, 0, 0, 0, 0, 0, 0, 0, 0, 0, 0, 0, 0, 0, 0, 0, 0, 0, 0, 0, 2, 2, 2, 2, 0, 999, 999, 999, 999, 999, 999, 0, 999, 0, 999, 999, 999, 0, 999, 0, 999, 0, 999, 999, 999, 0, 999, 0, 999, 0, 999, 0, 999, 999, 999, 0, 999, 999, 999, 0, 999, 999, 999, 0, 999, 999, 999, 999, 999, 999, 999, 999]
time : 20.71 (+3.60 = 0.00 + 3.59 + 0.00 + 0.00 + 0.01)

55th Add (Sname, S, D) : t[36], 223250, 14
Dist : [0, 0, 0, 0, 0, 0, 0, 0, 0, 0, 0, 0, 0, 0, 0, 0, 0, 0, 0, 0, 2, 1, 2, 2, 0, 999, 999, 999, 999, 999, 999, 0, 999, 0, 999, 999, 999, 0, 999, 0, 999, 0, 999, 999, 999, 0, 999, 0, 999, 0, 999, 0, 999, 999, 999, 0, 999, 999, 999, 0, 999, 999, 999, 0, 999, 999, 999, 999, 999, 999, 999, 999]
time : 24.69 (+3.98 = 0.00 + 3.97 + 0.00 + 0.00 + 0.01)

56th Add (Sname, S, D) : t[37], 226058, 15
Dist : [0, 0, 0, 0, 0, 0, 0, 0, 0, 0, 0, 0, 0, 0, 0, 0, 0, 0, 0, 0, 2, 0, 2, 2, 0, 999, 999, 999, 999, 999, 999, 0, 999, 0, 999, 999, 999, 0, 999, 0, 999, 0, 999, 999, 999, 0, 999, 0, 999, 0, 999, 0, 999, 999, 999, 0, 999, 999, 999, 0, 999, 999, 999, 0, 999, 999, 999, 999, 999, 999, 999, 999]
time : 24.70 (+0.01 = 0.00 + 0.01)

57th Add (Sname, S, D) : t[38], 189702, 16
Dist : [0, 0, 0, 0, 0, 0, 0, 0, 0, 0, 0, 0, 0, 0, 0, 0, 0, 0, 0, 0, 1, 0, 2, 2, 0, 999, 999, 999, 999, 999, 999, 0, 999, 0, 999, 999, 999, 0, 999, 0, 999, 0, 999, 999, 999, 0, 999, 0, 999, 0, 999, 0, 999, 999, 999, 0, 999, 999, 999, 0, 999, 999, 999, 0, 999, 999, 999, 999, 999, 999, 999, 999]
time : 29.71 (+5.01 = 0.00 + 4.99 + 0.00 + 0.00 + 0.01)

58th Add (Sname, S, D) : t[39], 193798, 17
Dist : [0, 0, 0, 0, 0, 0, 0, 0, 0, 0, 0, 0, 0, 0, 0, 0, 0, 0, 0, 0, 0, 0, 2, 2, 0, 999, 999, 999, 999, 999, 999, 0, 999, 0, 999, 999, 999, 0, 999, 0, 999, 0, 999, 999, 999, 0, 999, 0, 999, 0, 999, 0, 999, 999, 999, 0, 999, 999, 999, 0, 999, 999, 999, 0, 999, 999, 999, 999, 999, 999, 999, 999]
time : 29.72 (+0.01 = 0.00 + 0.01)

59th Add (Sname, S, D) : g[10], 262144, 18
Dist : [0, 0, 0, 0, 0, 0, 0, 0, 0, 0, 0, 0, 0, 0, 0, 0, 0, 0, 0, 0, 0, 0, 2, 2, 0, 999, 2, 999, 999, 999, 999, 0, 999, 0, 999, 999, 999, 0, 3, 0, 999, 0, 999, 999, 999, 0, 999, 0, 999, 0, 999, 0, 999, 999, 999, 0, 2, 4, 999, 0, 999, 999, 999, 0, 999, 999, 999, 999, 999, 999, 999, 999]
time : 29.73 (+0.01 = 0.00 + 0.01)

60th Add (Sname, S, D) : t[40], 312068, 19
Dist : [0, 0, 0, 0, 0, 0, 0, 0, 0, 0, 0, 0, 0, 0, 0, 0, 0, 0, 0, 0, 0, 0, 2, 2, 0, 999, 1, 999, 999, 999, 999, 0, 999, 0, 999, 999, 999, 0, 2, 0, 999, 0, 999, 999, 999, 0, 999, 0, 999, 0, 999, 0, 999, 999, 999, 0, 1, 3, 999, 0, 999, 999, 999, 0, 999, 999, 999, 999, 999, 999, 999, 999]
time : 36.60 (+6.87 = 0.00 + 6.86 + 0.00 + 0.00 + 0.01)

61th Add (Sname, S, D) : t[41], 407042, 20
Dist : [0, 0, 0, 0, 0, 0, 0, 0, 0, 0, 0, 0, 0, 0, 0, 0, 0, 0, 0, 0, 0, 0, 2, 2, 0, 999, 0, 999, 999, 999, 999, 0, 999, 0, 999, 999, 999, 0, 1, 0, 999, 0, 999, 999, 999, 0, 999, 0, 999, 0, 999, 0, 999, 999, 999, 0, 0, 3, 999, 0, 999, 999, 999, 0, 999, 999, 999, 999, 999, 999, 999, 999]
time : 36.62 (+0.01 = 0.00 + 0.01)

62th Add (Sname, S, D) : t[42], 407117, 21
Dist : [0, 0, 0, 0, 0, 0, 0, 0, 0, 0, 0, 0, 0, 0, 0, 0, 0, 0, 0, 0, 0, 0, 2, 2, 0, 999, 0, 999, 999, 999, 999, 0, 999, 0, 999, 999, 999, 0, 0, 0, 999, 0, 999, 999, 999, 0, 999, 0, 999, 0, 999, 0, 999, 999, 999, 0, 0, 3, 999, 0, 999, 999, 999, 0, 999, 999, 999, 999, 999, 999, 999, 999]
time : 36.63 (+0.02 = 0.00 + 0.02)

63th Add (Sname, S, D) : g[19], 134217728, 22
Dist : [0, 0, 0, 0, 0, 0, 0, 0, 0, 0, 0, 0, 0, 0, 0, 0, 0, 0, 0, 0, 0, 0, 2, 2, 0, 999, 0, 999, 999, 999, 999, 0, 999, 0, 999, 999, 999, 0, 0, 0, 999, 0, 999, 999, 999, 0, 999, 0, 999, 0, 999, 0, 999, 999, 999, 0, 0, 3, 999, 0, 999, 999, 999, 0, 999, 999, 999, 999, 999, 999, 999, 999]
time : 36.64 (+0.01 = 0.00 + 0.01)

64th Add (Sname, S, D) : t[43], 59422, 14
Dist : [0, 0, 0, 0, 0, 0, 0, 0, 0, 0, 0, 0, 0, 0, 0, 0, 0, 0, 0, 0, 0, 0, 2, 1, 0, 999, 0, 999, 999, 999, 999, 0, 999, 0, 999, 999, 999, 0, 0, 0, 999, 0, 999, 999, 999, 0, 999, 0, 999, 0, 999, 0, 999, 999, 999, 0, 0, 3, 999, 0, 999, 999, 999, 0, 999, 999, 999, 999, 999, 999, 999, 999]
time : 47.07 (+10.42 = 0.00 + 10.40 + 0.00 + 0.00 + 0.02)

65th Add (Sname, S, D) : t[44], 192030, 16
Dist : [0, 0, 0, 0, 0, 0, 0, 0, 0, 0, 0, 0, 0, 0, 0, 0, 0, 0, 0, 0, 0, 0, 2, 0, 0, 999, 0, 999, 999, 999, 999, 0, 999, 0, 999, 999, 999, 0, 0, 0, 999, 0, 999, 999, 999, 0, 999, 0, 999, 0, 999, 0, 999, 999, 999, 0, 0, 3, 999, 0, 999, 999, 999, 0, 999, 999, 999, 999, 999, 999, 999, 999]
time : 47.09 (+0.02 = 0.00 + 0.02)

66th Add (Sname, S, D) : t[45], 88080, 13
Dist : [0, 0, 0, 0, 0, 0, 0, 0, 0, 0, 0, 0, 0, 0, 0, 0, 0, 0, 0, 0, 0, 0, 1, 0, 0, 999, 0, 999, 999, 999, 999, 0, 999, 0, 999, 999, 999, 0, 0, 0, 999, 0, 999, 999, 999, 0, 999, 0, 999, 0, 999, 0, 999, 999, 999, 0, 0, 3, 999, 0, 999, 999, 999, 0, 999, 999, 999, 999, 999, 999, 999, 999]
time : 60.03 (+12.94 = 0.00 + 12.92 + 0.00 + 0.00 + 0.02)

67th Add (Sname, S, D) : t[46], 220688, 16
Dist : [0, 0, 0, 0, 0, 0, 0, 0, 0, 0, 0, 0, 0, 0, 0, 0, 0, 0, 0, 0, 0, 0, 0, 0, 0, 999, 0, 999, 999, 999, 999, 0, 999, 0, 999, 999, 999, 0, 0, 0, 999, 0, 999, 999, 999, 0, 999, 0, 999, 0, 999, 0, 999, 999, 999, 0, 0, 3, 999, 0, 999, 999, 999, 0, 999, 999, 999, 999, 999, 999, 999, 999]
time : 60.05 (+0.02 = 0.00 + 0.02)

68th Add (Sname, S, D) : g[11], 524288, 17
Dist : [0, 0, 0, 0, 0, 0, 0, 0, 0, 0, 0, 0, 0, 0, 0, 0, 0, 0, 0, 0, 0, 0, 0, 0, 0, 2, 0, 999, 999, 999, 999, 0, 3, 0, 999, 999, 999, 0, 0, 0, 2, 0, 999, 999, 999, 0, 999, 0, 999, 0, 2, 0, 999, 999, 999, 0, 0, 3, 2, 0, 999, 999, 999, 0, 999, 999, 999, 999, 999, 999, 999, 999]
time : 60.08 (+0.02 = 0.00 + 0.02)

69th Add (Sname, S, D) : t[47], 786432, 19
Dist : [0, 0, 0, 0, 0, 0, 0, 0, 0, 0, 0, 0, 0, 0, 0, 0, 0, 0, 0, 0, 0, 0, 0, 0, 0, 2, 0, 999, 999, 999, 999, 0, 3, 0, 999, 999, 999, 0, 0, 0, 1, 0, 999, 999, 999, 0, 999, 0, 999, 0, 2, 0, 999, 999, 999, 0, 0, 3, 1, 0, 999, 999, 999, 0, 999, 999, 999, 999, 999, 999, 999, 999]
time : 76.77 (+16.70 = 0.00 + 16.67 + 0.00 + 0.00 + 0.02)

70th Add (Sname, S, D) : t[48], 786510, 20
Dist : [0, 0, 0, 0, 0, 0, 0, 0, 0, 0, 0, 0, 0, 0, 0, 0, 0, 0, 0, 0, 0, 0, 0, 0, 0, 2, 0, 999, 999, 999, 999, 0, 3, 0, 999, 999, 999, 0, 0, 0, 0, 0, 999, 999, 999, 0, 999, 0, 999, 0, 2, 0, 999, 999, 999, 0, 0, 3, 1, 0, 999, 999, 999, 0, 999, 999, 999, 999, 999, 999, 999, 999]
time : 76.80 (+0.02 = 0.00 + 0.02)

71th Add (Sname, S, D) : g[20], 268435456, 21
Dist : [0, 0, 0, 0, 0, 0, 0, 0, 0, 0, 0, 0, 0, 0, 0, 0, 0, 0, 0, 0, 0, 0, 0, 0, 0, 2, 0, 999, 999, 999, 999, 0, 3, 0, 999, 999, 999, 0, 0, 0, 0, 0, 999, 999, 999, 0, 999, 0, 999, 0, 2, 0, 999, 999, 999, 0, 0, 3, 1, 0, 999, 999, 999, 0, 999, 999, 999, 999, 999, 999, 999, 999]
time : 76.82 (+0.02 = 0.00 + 0.02)

72th Add (Sname, S, D) : t[49], 786576, 20
Dist : [0, 0, 0, 0, 0, 0, 0, 0, 0, 0, 0, 0, 0, 0, 0, 0, 0, 0, 0, 0, 0, 0, 0, 0, 0, 2, 0, 999, 999, 999, 999, 0, 3, 0, 999, 999, 999, 0, 0, 0, 0, 0, 999, 999, 999, 0, 999, 0, 999, 0, 2, 0, 999, 999, 999, 0, 0, 3, 0, 0, 999, 999, 999, 0, 999, 999, 999, 999, 999, 999, 999, 999]
time : 76.85 (+0.03 = 0.00 + 0.03)

73th Add (Sname, S, D) : g[29], 137438953472, 21
Dist : [0, 0, 0, 0, 0, 0, 0, 0, 0, 0, 0, 0, 0, 0, 0, 0, 0, 0, 0, 0, 0, 0, 0, 0, 0, 2, 0, 999, 999, 999, 999, 0, 3, 0, 999, 999, 999, 0, 0, 0, 0, 0, 999, 999, 999, 0, 999, 0, 999, 0, 2, 0, 999, 999, 999, 0, 0, 3, 0, 0, 999, 999, 999, 0, 999, 999, 999, 999, 999, 999, 999, 999]
time : 76.88 (+0.03 = 0.00 + 0.03)

74th Add (Sname, S, D) : t[50], 144898, 17
Dist : [0, 0, 0, 0, 0, 0, 0, 0, 0, 0, 0, 0, 0, 0, 0, 0, 0, 0, 0, 0, 0, 0, 0, 0, 0, 2, 0, 999, 999, 999, 999, 0, 2, 0, 999, 999, 999, 0, 0, 0, 0, 0, 999, 999, 999, 0, 999, 0, 999, 0, 1, 0, 999, 999, 999, 0, 0, 3, 0, 0, 999, 999, 999, 0, 999, 999, 999, 999, 999, 999, 999, 999]
time : 103.07 (+26.19 = 0.00 + 26.16 + 0.00 + 0.00 + 0.03)

75th Add (Sname, S, D) : t[51], 669186, 18
Dist : [0, 0, 0, 0, 0, 0, 0, 0, 0, 0, 0, 0, 0, 0, 0, 0, 0, 0, 0, 0, 0, 0, 0, 0, 0, 2, 0, 999, 999, 999, 999, 0, 1, 0, 999, 999, 999, 0, 0, 0, 0, 0, 999, 999, 999, 0, 999, 0, 999, 0, 0, 0, 999, 999, 999, 0, 0, 3, 0, 0, 999, 999, 999, 0, 999, 999, 999, 999, 999, 999, 999, 999]
time : 103.11 (+0.04 = 0.00 + 0.04)

76th Add (Sname, S, D) : g[25], 8589934592, 19
Dist : [0, 0, 0, 0, 0, 0, 0, 0, 0, 0, 0, 0, 0, 0, 0, 0, 0, 0, 0, 0, 0, 0, 0, 0, 0, 2, 0, 999, 999, 999, 999, 0, 1, 0, 999, 999, 999, 0, 0, 0, 0, 0, 999, 999, 999, 0, 999, 0, 999, 0, 0, 0, 999, 999, 999, 0, 0, 3, 0, 0, 999, 999, 999, 0, 999, 999, 999, 999, 999, 999, 999, 999]
time : 103.16 (+0.05 = 0.00 + 0.05)

77th Add (Sname, S, D) : t[52], 669187, 19
Dist : [0, 0, 0, 0, 0, 0, 0, 0, 0, 0, 0, 0, 0, 0, 0, 0, 0, 0, 0, 0, 0, 0, 0, 0, 0, 2, 0, 999, 999, 999, 999, 0, 0, 0, 999, 999, 999, 0, 0, 0, 0, 0, 999, 999, 999, 0, 999, 0, 999, 0, 0, 0, 999, 999, 999, 0, 0, 3, 0, 0, 999, 999, 999, 0, 999, 999, 999, 999, 999, 999, 999, 999]
time : 103.19 (+0.04 = 0.00 + 0.04)

78th Add (Sname, S, D) : g[16], 16777216, 20
Dist : [0, 0, 0, 0, 0, 0, 0, 0, 0, 0, 0, 0, 0, 0, 0, 0, 0, 0, 0, 0, 0, 0, 0, 0, 0, 2, 0, 999, 999, 999, 999, 0, 0, 0, 999, 999, 999, 0, 0, 0, 0, 0, 999, 999, 999, 0, 999, 0, 999, 0, 0, 0, 999, 999, 999, 0, 0, 3, 0, 0, 999, 999, 999, 0, 999, 999, 999, 999, 999, 999, 999, 999]
time : 103.22 (+0.03 = 0.00 + 0.03)

79th Add (Sname, S, D) : t[53], 11546, 17
Dist : [0, 0, 0, 0, 0, 0, 0, 0, 0, 0, 0, 0, 0, 0, 0, 0, 0, 0, 0, 0, 0, 0, 0, 0, 0, 1, 0, 999, 999, 999, 999, 0, 0, 0, 999, 999, 999, 0, 0, 0, 0, 0, 999, 999, 999, 0, 999, 0, 999, 0, 0, 0, 999, 999, 999, 0, 0, 3, 0, 0, 999, 999, 999, 0, 999, 999, 999, 999, 999, 999, 999, 999]
time : 142.90 (+39.67 = 0.00 + 39.63 + 0.00 + 0.00 + 0.04)

80th Add (Sname, S, D) : t[54], 535834, 18
Dist : [0, 0, 0, 0, 0, 0, 0, 0, 0, 0, 0, 0, 0, 0, 0, 0, 0, 0, 0, 0, 0, 0, 0, 0, 0, 0, 0, 999, 999, 999, 999, 0, 0, 0, 999, 999, 999, 0, 0, 0, 0, 0, 999, 999, 999, 0, 999, 0, 999, 0, 0, 0, 999, 999, 999, 0, 0, 3, 0, 0, 999, 999, 999, 0, 999, 999, 999, 999, 999, 999, 999, 999]
time : 142.94 (+0.04 = 0.00 + 0.04)

81th Add (Sname, S, D) : g[12], 1048576, 19
Dist : [0, 0, 0, 0, 0, 0, 0, 0, 0, 0, 0, 0, 0, 0, 0, 0, 0, 0, 0, 0, 0, 0, 0, 0, 0, 0, 0, 2, 2, 4, 3, 0, 0, 0, 999, 999, 999, 0, 0, 0, 0, 0, 999, 999, 999, 0, 2, 0, 4, 0, 0, 0, 999, 999, 999, 0, 0, 3, 0, 0, 999, 999, 999, 0, 999, 999, 999, 999, 999, 999, 999, 999]
time : 142.98 (+0.04 = 0.00 + 0.04)

82th Add (Sname, S, D) : t[55], 110606, 15
Dist : [0, 0, 0, 0, 0, 0, 0, 0, 0, 0, 0, 0, 0, 0, 0, 0, 0, 0, 0, 0, 0, 0, 0, 0, 0, 0, 0, 2, 1, 3, 2, 0, 0, 0, 999, 999, 999, 0, 0, 0, 0, 0, 999, 999, 999, 0, 1, 0, 3, 0, 0, 0, 999, 999, 999, 0, 0, 3, 0, 0, 999, 999, 999, 0, 999, 999, 999, 999, 999, 999, 999, 999]
time : 194.36 (+51.38 = 0.00 + 51.33 + 0.00 + 0.00 + 0.05)

83th Add (Sname, S, D) : t[56], 1159182, 20
Dist : [0, 0, 0, 0, 0, 0, 0, 0, 0, 0, 0, 0, 0, 0, 0, 0, 0, 0, 0, 0, 0, 0, 0, 0, 0, 0, 0, 2, 0, 2, 1, 0, 0, 0, 999, 999, 999, 0, 0, 0, 0, 0, 999, 999, 999, 0, 0, 0, 3, 0, 0, 0, 999, 999, 999, 0, 0, 3, 0, 0, 999, 999, 999, 0, 999, 999, 999, 999, 999, 999, 999, 999]
time : 194.41 (+0.05 = 0.00 + 0.05)

84th Add (Sname, S, D) : g[23], 2147483648, 21
Dist : [0, 0, 0, 0, 0, 0, 0, 0, 0, 0, 0, 0, 0, 0, 0, 0, 0, 0, 0, 0, 0, 0, 0, 0, 0, 0, 0, 2, 0, 2, 1, 0, 0, 0, 999, 999, 999, 0, 0, 0, 0, 0, 999, 999, 999, 0, 0, 0, 3, 0, 0, 0, 999, 999, 999, 0, 0, 3, 0, 0, 999, 999, 999, 0, 999, 999, 999, 999, 999, 999, 999, 999]
time : 194.45 (+0.05 = 0.00 + 0.05)

85th Add (Sname, S, D) : t[57], 1803788, 21
Dist : [0, 0, 0, 0, 0, 0, 0, 0, 0, 0, 0, 0, 0, 0, 0, 0, 0, 0, 0, 0, 0, 0, 0, 0, 0, 0, 0, 2, 0, 2, 0, 0, 0, 0, 999, 999, 999, 0, 0, 0, 0, 0, 999, 999, 999, 0, 0, 0, 3, 0, 0, 0, 999, 999, 999, 0, 0, 3, 0, 0, 999, 999, 999, 0, 999, 999, 999, 999, 999, 999, 999, 999]
time : 194.51 (+0.06 = 0.00 + 0.06)

86th Add (Sname, S, D) : g[15], 8388608, 22
Dist : [0, 0, 0, 0, 0, 0, 0, 0, 0, 0, 0, 0, 0, 0, 0, 0, 0, 0, 0, 0, 0, 0, 0, 0, 0, 0, 0, 2, 0, 2, 0, 0, 0, 0, 999, 999, 999, 0, 0, 0, 0, 0, 999, 999, 999, 0, 0, 0, 3, 0, 0, 0, 999, 999, 999, 0, 0, 3, 0, 0, 999, 999, 999, 0, 999, 999, 999, 999, 999, 999, 999, 999]
time : 194.56 (+0.05 = 0.00 + 0.05)

87th Add (Sname, S, D) : t[58], 1159317, 21
Dist : [0, 0, 0, 0, 0, 0, 0, 0, 0, 0, 0, 0, 0, 0, 0, 0, 0, 0, 0, 0, 0, 0, 0, 0, 0, 0, 0, 2, 0, 1, 0, 0, 0, 0, 999, 999, 999, 0, 0, 0, 0, 0, 999, 999, 999, 0, 0, 0, 3, 0, 0, 0, 999, 999, 999, 0, 0, 3, 0, 0, 999, 999, 999, 0, 999, 999, 999, 999, 999, 999, 999, 999]
time : 267.35 (+72.80 = 0.00 + 72.70 + 0.00 + 0.00 + 0.09)

88th Add (Sname, S, D) : t[59], 1159316, 22
Dist : [0, 0, 0, 0, 0, 0, 0, 0, 0, 0, 0, 0, 0, 0, 0, 0, 0, 0, 0, 0, 0, 0, 0, 0, 0, 0, 0, 2, 0, 0, 0, 0, 0, 0, 999, 999, 999, 0, 0, 0, 0, 0, 999, 999, 999, 0, 0, 0, 3, 0, 0, 0, 999, 999, 999, 0, 0, 3, 0, 0, 999, 999, 999, 0, 999, 999, 999, 999, 999, 999, 999, 999]
time : 267.41 (+0.06 = 0.00 + 0.06)

89th Add (Sname, S, D) : g[14], 4194304, 23
Dist : [0, 0, 0, 0, 0, 0, 0, 0, 0, 0, 0, 0, 0, 0, 0, 0, 0, 0, 0, 0, 0, 0, 0, 0, 0, 0, 0, 2, 0, 0, 0, 0, 0, 0, 999, 999, 999, 0, 0, 0, 0, 0, 999, 999, 999, 0, 0, 0, 3, 0, 0, 0, 999, 999, 999, 0, 0, 3, 0, 0, 999, 999, 999, 0, 999, 999, 999, 999, 999, 999, 999, 999]
time : 267.46 (+0.05 = 0.00 + 0.05)

90th Add (Sname, S, D) : t[60], 138008, 14
Dist : [0, 0, 0, 0, 0, 0, 0, 0, 0, 0, 0, 0, 0, 0, 0, 0, 0, 0, 0, 0, 0, 0, 0, 0, 0, 0, 0, 1, 0, 0, 0, 0, 0, 0, 999, 999, 999, 0, 0, 0, 0, 0, 999, 999, 999, 0, 0, 0, 3, 0, 0, 0, 999, 999, 999, 0, 0, 3, 0, 0, 999, 999, 999, 0, 999, 999, 999, 999, 999, 999, 999, 999]
time : 357.51 (+90.05 = 0.01 + 89.98 + 0.00 + 0.00 + 0.07)

91th Add (Sname, S, D) : t[61], 1186584, 20
Dist : [0, 0, 0, 0, 0, 0, 0, 0, 0, 0, 0, 0, 0, 0, 0, 0, 0, 0, 0, 0, 0, 0, 0, 0, 0, 0, 0, 0, 0, 0, 0, 0, 0, 0, 999, 999, 999, 0, 0, 0, 0, 0, 999, 999, 999, 0, 0, 0, 3, 0, 0, 0, 999, 999, 999, 0, 0, 3, 0, 0, 999, 999, 999, 0, 999, 999, 999, 999, 999, 999, 999, 999]
time : 357.58 (+0.07 = 0.00 + 0.07)

92th Add (Sname, S, D) : g[13], 2097152, 21
Dist : [0, 0, 0, 0, 0, 0, 0, 0, 0, 0, 0, 0, 0, 0, 0, 0, 0, 0, 0, 0, 0, 0, 0, 0, 0, 0, 0, 0, 0, 0, 0, 0, 0, 0, 2, 4, 2, 0, 0, 0, 0, 0, 3, 5, 3, 0, 0, 0, 3, 0, 0, 0, 2, 3, 3, 0, 0, 3, 0, 0, 3, 4, 4, 0, 999, 999, 999, 999, 999, 999, 999, 999]
time : 357.64 (+0.06 = 0.00 + 0.06)

93th Add (Sname, S, D) : t[62], 503822, 20
Dist : [0, 0, 0, 0, 0, 0, 0, 0, 0, 0, 0, 0, 0, 0, 0, 0, 0, 0, 0, 0, 0, 0, 0, 0, 0, 0, 0, 0, 0, 0, 0, 0, 0, 0, 1, 3, 2, 0, 0, 0, 0, 0, 2, 5, 3, 0, 0, 0, 3, 0, 0, 0, 1, 2, 3, 0, 0, 3, 0, 0, 2, 4, 4, 0, 999, 999, 999, 999, 999, 999, 999, 999]
time : 467.44 (+109.80 = 0.01 + 109.72 + 0.00 + 0.00 + 0.07)

94th Add (Sname, S, D) : t[63], 2600974, 22
Dist : [0, 0, 0, 0, 0, 0, 0, 0, 0, 0, 0, 0, 0, 0, 0, 0, 0, 0, 0, 0, 0, 0, 0, 0, 0, 0, 0, 0, 0, 0, 0, 0, 0, 0, 0, 3, 2, 0, 0, 0, 0, 0, 2, 5, 3, 0, 0, 0, 3, 0, 0, 0, 0, 2, 3, 0, 0, 3, 0, 0, 2, 4, 3, 0, 999, 999, 999, 999, 999, 999, 999, 999]
time : 467.52 (+0.07 = 0.00 + 0.07)

95th Add (Sname, S, D) : t[64], 1179648, 20
Dist : [0, 0, 0, 0, 0, 0, 0, 0, 0, 0, 0, 0, 0, 0, 0, 0, 0, 0, 0, 0, 0, 0, 0, 0, 0, 0, 0, 0, 0, 0, 0, 0, 0, 0, 0, 3, 2, 0, 0, 0, 0, 0, 2, 4, 2, 0, 0, 0, 3, 0, 0, 0, 0, 2, 3, 0, 0, 3, 0, 0, 2, 3, 3, 0, 999, 999, 999, 999, 999, 999, 999, 999]
time : 588.72 (+121.20 = 0.01 + 121.12 + 0.00 + 0.00 + 0.08)

96th Add (Sname, S, D) : t[65], 1441792, 21
Dist : [0, 0, 0, 0, 0, 0, 0, 0, 0, 0, 0, 0, 0, 0, 0, 0, 0, 0, 0, 0, 0, 0, 0, 0, 0, 0, 0, 0, 0, 0, 0, 0, 0, 0, 0, 3, 2, 0, 0, 0, 0, 0, 1, 4, 2, 0, 0, 0, 3, 0, 0, 0, 0, 2, 3, 0, 0, 3, 0, 0, 1, 3, 3, 0, 999, 999, 999, 999, 999, 999, 999, 999]
time : 713.88 (+125.16 = 0.01 + 125.07 + 0.00 + 0.00 + 0.08)

97th Add (Sname, S, D) : t[66], 3538944, 22
Dist : [0, 0, 0, 0, 0, 0, 0, 0, 0, 0, 0, 0, 0, 0, 0, 0, 0, 0, 0, 0, 0, 0, 0, 0, 0, 0, 0, 0, 0, 0, 0, 0, 0, 0, 0, 3, 2, 0, 0, 0, 0, 0, 0, 4, 2, 0, 0, 0, 3, 0, 0, 0, 0, 2, 3, 0, 0, 3, 0, 0, 0, 3, 2, 0, 999, 999, 999, 999, 999, 999, 999, 999]
time : 713.97 (+0.09 = 0.00 + 0.09)

98th Add (Sname, S, D) : t[67], 99852, 17
Dist : [0, 0, 0, 0, 0, 0, 0, 0, 0, 0, 0, 0, 0, 0, 0, 0, 0, 0, 0, 0, 0, 0, 0, 0, 0, 0, 0, 0, 0, 0, 0, 0, 0, 0, 0, 3, 1, 0, 0, 0, 0, 0, 0, 4, 2, 0, 0, 0, 3, 0, 0, 0, 0, 2, 2, 0, 0, 3, 0, 0, 0, 3, 2, 0, 999, 999, 999, 999, 999, 999, 999, 999]
time : 861.47 (+147.50 = 0.01 + 147.40 + 0.00 + 0.00 + 0.09)

99th Add (Sname, S, D) : t[68], 2197004, 22
Dist : [0, 0, 0, 0, 0, 0, 0, 0, 0, 0, 0, 0, 0, 0, 0, 0, 0, 0, 0, 0, 0, 0, 0, 0, 0, 0, 0, 0, 0, 0, 0, 0, 0, 0, 0, 3, 0, 0, 0, 0, 0, 0, 0, 4, 2, 0, 0, 0, 3, 0, 0, 0, 0, 2, 2, 0, 0, 3, 0, 0, 0, 3, 2, 0, 999, 999, 999, 999, 999, 999, 999, 999]
time : 861.57 (+0.10 = 0.00 + 0.10)

100th Add (Sname, S, D) : g[18], 67108864, 23
Dist : [0, 0, 0, 0, 0, 0, 0, 0, 0, 0, 0, 0, 0, 0, 0, 0, 0, 0, 0, 0, 0, 0, 0, 0, 0, 0, 0, 0, 0, 0, 0, 0, 0, 0, 0, 3, 0, 0, 0, 0, 0, 0, 0, 4, 2, 0, 0, 0, 3, 0, 0, 0, 0, 2, 2, 0, 0, 3, 0, 0, 0, 3, 2, 0, 999, 999, 999, 999, 999, 999, 999, 999]
time : 861.66 (+0.08 = 0.00 + 0.08)

101th Add (Sname, S, D) : t[69], 262164, 19
Dist : [0, 0, 0, 0, 0, 0, 0, 0, 0, 0, 0, 0, 0, 0, 0, 0, 0, 0, 0, 0, 0, 0, 0, 0, 0, 0, 0, 0, 0, 0, 0, 0, 0, 0, 0, 3, 0, 0, 0, 0, 0, 0, 0, 3, 2, 0, 0, 0, 3, 0, 0, 0, 0, 2, 2, 0, 0, 3, 0, 0, 0, 2, 2, 0, 999, 999, 999, 999, 999, 999, 999, 999]
time : 1029.40 (+167.74 = 0.01 + 167.63 + 0.00 + 0.00 + 0.11)

102th Add (Sname, S, D) : t[70], 99951, 18
Dist : [0, 0, 0, 0, 0, 0, 0, 0, 0, 0, 0, 0, 0, 0, 0, 0, 0, 0, 0, 0, 0, 0, 0, 0, 0, 0, 0, 0, 0, 0, 0, 0, 0, 0, 0, 3, 0, 0, 0, 0, 0, 0, 0, 3, 2, 0, 0, 0, 3, 0, 0, 0, 0, 2, 1, 0, 0, 3, 0, 0, 0, 2, 2, 0, 999, 999, 999, 999, 999, 999, 999, 999]
time : 1210.17 (+180.77 = 0.01 + 180.65 + 0.00 + 0.00 + 0.11)

103th Add (Sname, S, D) : t[71], 2197103, 22
Dist : [0, 0, 0, 0, 0, 0, 0, 0, 0, 0, 0, 0, 0, 0, 0, 0, 0, 0, 0, 0, 0, 0, 0, 0, 0, 0, 0, 0, 0, 0, 0, 0, 0, 0, 0, 3, 0, 0, 0, 0, 0, 0, 0, 3, 2, 0, 0, 0, 3, 0, 0, 0, 0, 2, 0, 0, 0, 3, 0, 0, 0, 2, 2, 0, 999, 999, 999, 999, 999, 999, 999, 999]
time : 1210.37 (+0.19 = 0.00 + 0.19)

104th Add (Sname, S, D) : g[27], 34359738368, 23
Dist : [0, 0, 0, 0, 0, 0, 0, 0, 0, 0, 0, 0, 0, 0, 0, 0, 0, 0, 0, 0, 0, 0, 0, 0, 0, 0, 0, 0, 0, 0, 0, 0, 0, 0, 0, 3, 0, 0, 0, 0, 0, 0, 0, 3, 2, 0, 0, 0, 3, 0, 0, 0, 0, 2, 0, 0, 0, 3, 0, 0, 0, 2, 2, 0, 999, 999, 999, 999, 999, 999, 999, 999]
time : 1210.46 (+0.10 = 0.00 + 0.10)

105th Add (Sname, S, D) : t[72], 1804011, 22
Dist : [0, 0, 0, 0, 0, 0, 0, 0, 0, 0, 0, 0, 0, 0, 0, 0, 0, 0, 0, 0, 0, 0, 0, 0, 0, 0, 0, 0, 0, 0, 0, 0, 0, 0, 0, 3, 0, 0, 0, 0, 0, 0, 0, 3, 2, 0, 0, 0, 3, 0, 0, 0, 0, 2, 0, 0, 0, 3, 0, 0, 0, 2, 1, 0, 999, 999, 999, 999, 999, 999, 999, 999]
time : 1426.71 (+216.25 = 0.01 + 216.14 + 0.00 + 0.00 + 0.11)

106th Add (Sname, S, D) : t[73], 3801220, 23
Dist : [0, 0, 0, 0, 0, 0, 0, 0, 0, 0, 0, 0, 0, 0, 0, 0, 0, 0, 0, 0, 0, 0, 0, 0, 0, 0, 0, 0, 0, 0, 0, 0, 0, 0, 0, 3, 0, 0, 0, 0, 0, 0, 0, 3, 2, 0, 0, 0, 3, 0, 0, 0, 0, 2, 0, 0, 0, 3, 0, 0, 0, 2, 0, 0, 999, 999, 999, 999, 999, 999, 999, 999]
time : 1426.82 (+0.11 = 0.00 + 0.11)

107th Add (Sname, S, D) : g[31], 549755813888, 24
Dist : [0, 0, 0, 0, 0, 0, 0, 0, 0, 0, 0, 0, 0, 0, 0, 0, 0, 0, 0, 0, 0, 0, 0, 0, 0, 0, 0, 0, 0, 0, 0, 0, 0, 0, 0, 3, 0, 0, 0, 0, 0, 0, 0, 3, 2, 0, 0, 0, 3, 0, 0, 0, 0, 2, 0, 0, 0, 3, 0, 0, 0, 2, 0, 0, 999, 999, 999, 999, 999, 999, 999, 999]
time : 1426.93 (+0.10 = 0.00 + 0.10)

108th Add (Sname, S, D) : t[74], 1441812, 21
Dist : [0, 0, 0, 0, 0, 0, 0, 0, 0, 0, 0, 0, 0, 0, 0, 0, 0, 0, 0, 0, 0, 0, 0, 0, 0, 0, 0, 0, 0, 0, 0, 0, 0, 0, 0, 3, 0, 0, 0, 0, 0, 0, 0, 3, 2, 0, 0, 0, 3, 0, 0, 0, 0, 2, 0, 0, 0, 3, 0, 0, 0, 1, 0, 0, 999, 999, 999, 999, 999, 999, 999, 999]
time : 1682.98 (+256.05 = 0.01 + 255.91 + 0.00 + 0.00 + 0.14)

109th Add (Sname, S, D) : t[75], 3538964, 22
Dist : [0, 0, 0, 0, 0, 0, 0, 0, 0, 0, 0, 0, 0, 0, 0, 0, 0, 0, 0, 0, 0, 0, 0, 0, 0, 0, 0, 0, 0, 0, 0, 0, 0, 0, 0, 3, 0, 0, 0, 0, 0, 0, 0, 3, 2, 0, 0, 0, 3, 0, 0, 0, 0, 2, 0, 0, 0, 3, 0, 0, 0, 0, 0, 0, 999, 999, 999, 999, 999, 999, 999, 999]
time : 1683.12 (+0.15 = 0.00 + 0.14)

110th Add (Sname, S, D) : g[30], 274877906944, 23
Dist : [0, 0, 0, 0, 0, 0, 0, 0, 0, 0, 0, 0, 0, 0, 0, 0, 0, 0, 0, 0, 0, 0, 0, 0, 0, 0, 0, 0, 0, 0, 0, 0, 0, 0, 0, 3, 0, 0, 0, 0, 0, 0, 0, 3, 2, 0, 0, 0, 3, 0, 0, 0, 0, 2, 0, 0, 0, 3, 0, 0, 0, 0, 0, 0, 999, 999, 999, 999, 999, 999, 999, 999]
time : 1683.25 (+0.13 = 0.00 + 0.13)

111th Add (Sname, S, D) : t[76], 1703936, 21
Dist : [0, 0, 0, 0, 0, 0, 0, 0, 0, 0, 0, 0, 0, 0, 0, 0, 0, 0, 0, 0, 0, 0, 0, 0, 0, 0, 0, 0, 0, 0, 0, 0, 0, 0, 0, 3, 0, 0, 0, 0, 0, 0, 0, 3, 1, 0, 0, 0, 3, 0, 0, 0, 0, 2, 0, 0, 0, 3, 0, 0, 0, 0, 0, 0, 999, 999, 999, 999, 999, 999, 999, 999]
time : 2001.74 (+318.49 = 0.01 + 318.32 + 0.00 + 0.00 + 0.16)

112th Add (Sname, S, D) : t[77], 3801088, 22
Dist : [0, 0, 0, 0, 0, 0, 0, 0, 0, 0, 0, 0, 0, 0, 0, 0, 0, 0, 0, 0, 0, 0, 0, 0, 0, 0, 0, 0, 0, 0, 0, 0, 0, 0, 0, 3, 0, 0, 0, 0, 0, 0, 0, 3, 0, 0, 0, 0, 3, 0, 0, 0, 0, 2, 0, 0, 0, 3, 0, 0, 0, 0, 0, 0, 999, 999, 999, 999, 999, 999, 999, 999]
time : 2001.91 (+0.17 = 0.00 + 0.17)

113th Add (Sname, S, D) : g[22], 1073741824, 23
Dist : [0, 0, 0, 0, 0, 0, 0, 0, 0, 0, 0, 0, 0, 0, 0, 0, 0, 0, 0, 0, 0, 0, 0, 0, 0, 0, 0, 0, 0, 0, 0, 0, 0, 0, 0, 3, 0, 0, 0, 0, 0, 0, 0, 3, 0, 0, 0, 0, 3, 0, 0, 0, 0, 2, 0, 0, 0, 3, 0, 0, 0, 0, 0, 0, 999, 999, 999, 999, 999, 999, 999, 999]
time : 2002.05 (+0.15 = 0.00 + 0.15)

114th Add (Sname, S, D) : t[78], 503948, 21
Dist : [0, 0, 0, 0, 0, 0, 0, 0, 0, 0, 0, 0, 0, 0, 0, 0, 0, 0, 0, 0, 0, 0, 0, 0, 0, 0, 0, 0, 0, 0, 0, 0, 0, 0, 0, 3, 0, 0, 0, 0, 0, 0, 0, 3, 0, 0, 0, 0, 3, 0, 0, 0, 0, 1, 0, 0, 0, 3, 0, 0, 0, 0, 0, 0, 999, 999, 999, 999, 999, 999, 999, 999]
time : 2381.19 (+379.14 = 0.01 + 378.95 + 0.00 + 0.00 + 0.18)

115th Add (Sname, S, D) : t[79], 2601100, 22
Dist : [0, 0, 0, 0, 0, 0, 0, 0, 0, 0, 0, 0, 0, 0, 0, 0, 0, 0, 0, 0, 0, 0, 0, 0, 0, 0, 0, 0, 0, 0, 0, 0, 0, 0, 0, 3, 0, 0, 0, 0, 0, 0, 0, 3, 0, 0, 0, 0, 3, 0, 0, 0, 0, 0, 0, 0, 0, 3, 0, 0, 0, 0, 0, 0, 999, 999, 999, 999, 999, 999, 999, 999]
time : 2381.38 (+0.19 = 0.00 + 0.19)

116th Add (Sname, S, D) : g[26], 17179869184, 23
Dist : [0, 0, 0, 0, 0, 0, 0, 0, 0, 0, 0, 0, 0, 0, 0, 0, 0, 0, 0, 0, 0, 0, 0, 0, 0, 0, 0, 0, 0, 0, 0, 0, 0, 0, 0, 3, 0, 0, 0, 0, 0, 0, 0, 3, 0, 0, 0, 0, 3, 0, 0, 0, 0, 0, 0, 0, 0, 3, 0, 0, 0, 0, 0, 0, 999, 999, 999, 999, 999, 999, 999, 999]
time : 2381.55 (+0.17 = 0.00 + 0.17)

117th Add (Sname, S, D) : t[80], 144973, 18
Dist : [0, 0, 0, 0, 0, 0, 0, 0, 0, 0, 0, 0, 0, 0, 0, 0, 0, 0, 0, 0, 0, 0, 0, 0, 0, 0, 0, 0, 0, 0, 0, 0, 0, 0, 0, 3, 0, 0, 0, 0, 0, 0, 0, 3, 0, 0, 0, 0, 3, 0, 0, 0, 0, 0, 0, 0, 0, 2, 0, 0, 0, 0, 0, 0, 999, 999, 999, 999, 999, 999, 999, 999]
time : 2809.82 (+428.27 = 0.01 + 428.08 + 0.00 + 0.00 + 0.18)

118th Add (Sname, S, D) : t[81], 407117, 19
Dist : [0, 0, 0, 0, 0, 0, 0, 0, 0, 0, 0, 0, 0, 0, 0, 0, 0, 0, 0, 0, 0, 0, 0, 0, 0, 0, 0, 0, 0, 0, 0, 0, 0, 0, 0, 3, 0, 0, 0, 0, 0, 0, 0, 3, 0, 0, 0, 0, 3, 0, 0, 0, 0, 0, 0, 0, 0, 1, 0, 0, 0, 0, 0, 0, 999, 999, 999, 999, 999, 999, 999, 999]
time : 3238.10 (+428.28 = 0.01 + 428.06 + 0.00 + 0.00 + 0.21)

119th Add (Sname, S, D) : t[82], 407267, 20
Dist : [0, 0, 0, 0, 0, 0, 0, 0, 0, 0, 0, 0, 0, 0, 0, 0, 0, 0, 0, 0, 0, 0, 0, 0, 0, 0, 0, 0, 0, 0, 0, 0, 0, 0, 0, 3, 0, 0, 0, 0, 0, 0, 0, 3, 0, 0, 0, 0, 3, 0, 0, 0, 0, 0, 0, 0, 0, 0, 0, 0, 0, 0, 0, 0, 999, 999, 999, 999, 999, 999, 999, 999]
time : 3238.31 (+0.20 = 0.00 + 0.20)

120th Add (Sname, S, D) : g[28], 68719476736, 21
Dist : [0, 0, 0, 0, 0, 0, 0, 0, 0, 0, 0, 0, 0, 0, 0, 0, 0, 0, 0, 0, 0, 0, 0, 0, 0, 0, 0, 0, 0, 0, 0, 0, 0, 0, 0, 3, 0, 0, 0, 0, 0, 0, 0, 3, 0, 0, 0, 0, 3, 0, 0, 0, 0, 0, 0, 0, 0, 0, 0, 0, 0, 0, 0, 0, 999, 999, 999, 999, 999, 999, 999, 999]
time : 3242.85 (+4.54 = 0.00 + 4.54)

121th Add (Sname, S, D) : t[83], 110825, 16
Dist : [0, 0, 0, 0, 0, 0, 0, 0, 0, 0, 0, 0, 0, 0, 0, 0, 0, 0, 0, 0, 0, 0, 0, 0, 0, 0, 0, 0, 0, 0, 0, 0, 0, 0, 0, 3, 0, 0, 0, 0, 0, 0, 0, 3, 0, 0, 0, 0, 2, 0, 0, 0, 0, 0, 0, 0, 0, 0, 0, 0, 0, 0, 0, 0, 999, 999, 999, 999, 999, 999, 999, 999]
time : 3714.66 (+471.81 = 0.01 + 467.10 + 0.00 + 0.00 + 4.69)

122th Add (Sname, S, D) : t[84], 755435, 19
Dist : [0, 0, 0, 0, 0, 0, 0, 0, 0, 0, 0, 0, 0, 0, 0, 0, 0, 0, 0, 0, 0, 0, 0, 0, 0, 0, 0, 0, 0, 0, 0, 0, 0, 0, 0, 3, 0, 0, 0, 0, 0, 0, 0, 3, 0, 0, 0, 0, 1, 0, 0, 0, 0, 0, 0, 0, 0, 0, 0, 0, 0, 0, 0, 0, 999, 999, 999, 999, 999, 999, 999, 999]
time : 4189.81 (+475.16 = 0.01 + 470.97 + 0.00 + 0.00 + 4.18)

123th Add (Sname, S, D) : t[85], 1804011, 20
Dist : [0, 0, 0, 0, 0, 0, 0, 0, 0, 0, 0, 0, 0, 0, 0, 0, 0, 0, 0, 0, 0, 0, 0, 0, 0, 0, 0, 0, 0, 0, 0, 0, 0, 0, 0, 3, 0, 0, 0, 0, 0, 0, 0, 3, 0, 0, 0, 0, 0, 0, 0, 0, 0, 0, 0, 0, 0, 0, 0, 0, 0, 0, 0, 0, 999, 999, 999, 999, 999, 999, 999, 999]
time : 4194.06 (+4.24 = 0.00 + 4.24)

124th Add (Sname, S, D) : g[24], 4294967296, 21
Dist : [0, 0, 0, 0, 0, 0, 0, 0, 0, 0, 0, 0, 0, 0, 0, 0, 0, 0, 0, 0, 0, 0, 0, 0, 0, 0, 0, 0, 0, 0, 0, 0, 0, 0, 0, 3, 0, 0, 0, 0, 0, 0, 0, 3, 0, 0, 0, 0, 0, 0, 0, 0, 0, 0, 0, 0, 0, 0, 0, 0, 0, 0, 0, 0, 999, 999, 999, 999, 999, 999, 999, 999]
time : 4202.79 (+8.74 = 0.00 + 8.74)

125th Add (Sname, S, D) : t[86], 503873, 20
Dist : [0, 0, 0, 0, 0, 0, 0, 0, 0, 0, 0, 0, 0, 0, 0, 0, 0, 0, 0, 0, 0, 0, 0, 0, 0, 0, 0, 0, 0, 0, 0, 0, 0, 0, 0, 2, 0, 0, 0, 0, 0, 0, 0, 3, 0, 0, 0, 0, 0, 0, 0, 0, 0, 0, 0, 0, 0, 0, 0, 0, 0, 0, 0, 0, 999, 999, 999, 999, 999, 999, 999, 999]
time : 4760.48 (+557.69 = 0.01 + 548.69 + 0.00 + 0.00 + 8.99)

126th Add (Sname, S, D) : t[87], 503840, 21
Dist : [0, 0, 0, 0, 0, 0, 0, 0, 0, 0, 0, 0, 0, 0, 0, 0, 0, 0, 0, 0, 0, 0, 0, 0, 0, 0, 0, 0, 0, 0, 0, 0, 0, 0, 0, 1, 0, 0, 0, 0, 0, 0, 0, 3, 0, 0, 0, 0, 0, 0, 0, 0, 0, 0, 0, 0, 0, 0, 0, 0, 0, 0, 0, 0, 999, 999, 999, 999, 999, 999, 999, 999]
time : 5352.08 (+591.60 = 0.02 + 582.35 + 0.00 + 0.00 + 9.23)

127th Add (Sname, S, D) : t[88], 2600992, 22
Dist : [0, 0, 0, 0, 0, 0, 0, 0, 0, 0, 0, 0, 0, 0, 0, 0, 0, 0, 0, 0, 0, 0, 0, 0, 0, 0, 0, 0, 0, 0, 0, 0, 0, 0, 0, 0, 0, 0, 0, 0, 0, 0, 0, 3, 0, 0, 0, 0, 0, 0, 0, 0, 0, 0, 0, 0, 0, 0, 0, 0, 0, 0, 0, 0, 999, 999, 999, 999, 999, 999, 999, 999]
time : 5361.59 (+9.51 = 0.00 + 9.51)

128th Add (Sname, S, D) : g[17], 33554432, 23
Dist : [0, 0, 0, 0, 0, 0, 0, 0, 0, 0, 0, 0, 0, 0, 0, 0, 0, 0, 0, 0, 0, 0, 0, 0, 0, 0, 0, 0, 0, 0, 0, 0, 0, 0, 0, 0, 0, 0, 0, 0, 0, 0, 0, 3, 0, 0, 0, 0, 0, 0, 0, 0, 0, 0, 0, 0, 0, 0, 0, 0, 0, 0, 0, 0, 999, 999, 999, 999, 999, 999, 999, 999]
time : 5381.24 (+19.65 = 0.00 + 19.65)

129th Add (Sname, S, D) : t[89], 262324, 20
Dist : [0, 0, 0, 0, 0, 0, 0, 0, 0, 0, 0, 0, 0, 0, 0, 0, 0, 0, 0, 0, 0, 0, 0, 0, 0, 0, 0, 0, 0, 0, 0, 0, 0, 0, 0, 0, 0, 0, 0, 0, 0, 0, 0, 2, 0, 0, 0, 0, 0, 0, 0, 0, 0, 0, 0, 0, 0, 0, 0, 0, 0, 0, 0, 0, 999, 999, 999, 999, 999, 999, 999, 999]
time : 6064.08 (+682.84 = 0.02 + 648.95 + 0.00 + 0.00 + 33.87)

130th Add (Sname, S, D) : t[90], 1441972, 21
Dist : [0, 0, 0, 0, 0, 0, 0, 0, 0, 0, 0, 0, 0, 0, 0, 0, 0, 0, 0, 0, 0, 0, 0, 0, 0, 0, 0, 0, 0, 0, 0, 0, 0, 0, 0, 0, 0, 0, 0, 0, 0, 0, 0, 1, 0, 0, 0, 0, 0, 0, 0, 0, 0, 0, 0, 0, 0, 0, 0, 0, 0, 0, 0, 0, 999, 999, 999, 999, 999, 999, 999, 999]
time : 6808.78 (+744.69 = 0.02 + 709.76 + 0.00 + 0.00 + 34.92)

131th Add (Sname, S, D) : t[91], 3539124, 22
Dist : [0, 0, 0, 0, 0, 0, 0, 0, 0, 0, 0, 0, 0, 0, 0, 0, 0, 0, 0, 0, 0, 0, 0, 0, 0, 0, 0, 0, 0, 0, 0, 0, 0, 0, 0, 0, 0, 0, 0, 0, 0, 0, 0, 0, 0, 0, 0, 0, 0, 0, 0, 0, 0, 0, 0, 0, 0, 0, 0, 0, 0, 0, 0, 0, 999, 999, 999, 999, 999, 999, 999, 999]
time : 6844.07 (+35.29 = 0.00 + 35.29)

132th Add (Sname, S, D) : g[21], 536870912, 23
Dist : [0, 0, 0, 0, 0, 0, 0, 0, 0, 0, 0, 0, 0, 0, 0, 0, 0, 0, 0, 0, 0, 0, 0, 0, 0, 0, 0, 0, 0, 0, 0, 0, 0, 0, 0, 0, 0, 0, 0, 0, 0, 0, 0, 0, 0, 0, 0, 0, 0, 0, 0, 0, 0, 0, 0, 0, 0, 0, 0, 0, 0, 0, 0, 0, 999, 999, 999, 999, 999, 999, 999, 999]
time : 6916.37 (+72.30 = 0.00 + 72.30)

133th Add (Sname, S, D) : t[92], 17, 1
Dist : [0, 0, 0, 0, 0, 0, 0, 0, 0, 0, 0, 0, 0, 0, 0, 0, 0, 0, 0, 0, 0, 0, 0, 0, 0, 0, 0, 0, 0, 0, 0, 0, 0, 0, 0, 0, 0, 0, 0, 0, 0, 0, 0, 0, 0, 0, 0, 0, 0, 0, 0, 0, 0, 0, 0, 0, 0, 0, 0, 0, 0, 0, 0, 0, 999, 999, 999, 999, 999, 999, 999, 999]
time : 6991.51 (+75.14 = 0.00 + 75.14)

134th Add (Sname, S, D) : t[93], 16777233, 21
Dist : [0, 0, 0, 0, 0, 0, 0, 0, 0, 0, 0, 0, 0, 0, 0, 0, 0, 0, 0, 0, 0, 0, 0, 0, 0, 0, 0, 0, 0, 0, 0, 0, 0, 0, 0, 0, 0, 0, 0, 0, 0, 0, 0, 0, 0, 0, 0, 0, 0, 0, 0, 0, 0, 0, 0, 0, 0, 0, 0, 0, 0, 0, 0, 0, 7, 999, 999, 999, 999, 999, 999, 999]
time : 7067.66 (+76.15 = 0.00 + 76.15)

135th Add (Sname, S, D) : t[94], 50331665, 24
Dist : [0, 0, 0, 0, 0, 0, 0, 0, 0, 0, 0, 0, 0, 0, 0, 0, 0, 0, 0, 0, 0, 0, 0, 0, 0, 0, 0, 0, 0, 0, 0, 0, 0, 0, 0, 0, 0, 0, 0, 0, 0, 0, 0, 0, 0, 0, 0, 0, 0, 0, 0, 0, 0, 0, 0, 0, 0, 0, 0, 0, 0, 0, 0, 0, 6, 999, 999, 999, 999, 999, 999, 999]
time : 9928.56 (+2860.90 = 0.02 + 2791.37 + 0.00 + 0.00 + 69.51)

136th Add (Sname, S, D) : t[95], 17230200849, 25
Dist : [0, 0, 0, 0, 0, 0, 0, 0, 0, 0, 0, 0, 0, 0, 0, 0, 0, 0, 0, 0, 0, 0, 0, 0, 0, 0, 0, 0, 0, 0, 0, 0, 0, 0, 0, 0, 0, 0, 0, 0, 0, 0, 0, 0, 0, 0, 0, 0, 0, 0, 0, 0, 0, 0, 0, 0, 0, 0, 0, 0, 0, 0, 0, 0, 5, 999, 999, 999, 999, 999, 999, 999]
time : 10951.61 (+1023.05 = 0.02 + 952.29 + 0.00 + 0.00 + 70.74)

137th Add (Sname, S, D) : t[96], 274882101248, 24
Dist : [0, 0, 0, 0, 0, 0, 0, 0, 0, 0, 0, 0, 0, 0, 0, 0, 0, 0, 0, 0, 0, 0, 0, 0, 0, 0, 0, 0, 0, 0, 0, 0, 0, 0, 0, 0, 0, 0, 0, 0, 0, 0, 0, 0, 0, 0, 0, 0, 0, 0, 0, 0, 0, 0, 0, 0, 0, 0, 0, 0, 0, 0, 0, 0, 4, 999, 999, 999, 999, 999, 999, 999]
time : 11926.09 (+974.49 = 0.02 + 901.80 + 0.00 + 0.00 + 72.67)

138th Add (Sname, S, D) : t[97], 137573171200, 23
Dist : [0, 0, 0, 0, 0, 0, 0, 0, 0, 0, 0, 0, 0, 0, 0, 0, 0, 0, 0, 0, 0, 0, 0, 0, 0, 0, 0, 0, 0, 0, 0, 0, 0, 0, 0, 0, 0, 0, 0, 0, 0, 0, 0, 0, 0, 0, 0, 0, 0, 0, 0, 0, 0, 0, 0, 0, 0, 0, 0, 0, 0, 0, 0, 0, 3, 999, 999, 999, 999, 999, 999, 999]
time : 12974.73 (+1048.64 = 0.02 + 972.39 + 0.00 + 0.00 + 76.22)

139th Add (Sname, S, D) : t[98], 171932909568, 24
Dist : [0, 0, 0, 0, 0, 0, 0, 0, 0, 0, 0, 0, 0, 0, 0, 0, 0, 0, 0, 0, 0, 0, 0, 0, 0, 0, 0, 0, 0, 0, 0, 0, 0, 0, 0, 0, 0, 0, 0, 0, 0, 0, 0, 0, 0, 0, 0, 0, 0, 0, 0, 0, 0, 0, 0, 0, 0, 0, 0, 0, 0, 0, 0, 0, 2, 999, 999, 999, 999, 999, 999, 999]
time : 14086.74 (+1112.01 = 0.02 + 1034.72 + 0.00 + 0.00 + 77.28)

140th Add (Sname, S, D) : t[99], 446815010816, 25
Dist : [0, 0, 0, 0, 0, 0, 0, 0, 0, 0, 0, 0, 0, 0, 0, 0, 0, 0, 0, 0, 0, 0, 0, 0, 0, 0, 0, 0, 0, 0, 0, 0, 0, 0, 0, 0, 0, 0, 0, 0, 0, 0, 0, 0, 0, 0, 0, 0, 0, 0, 0, 0, 0, 0, 0, 0, 0, 0, 0, 0, 0, 0, 0, 0, 1, 999, 999, 999, 999, 999, 999, 999]
time : 15257.68 (+1170.93 = 0.02 + 1091.86 + 0.00 + 0.00 + 79.05)

141th Add (Sname, S, D) : t[100], 464045211665, 26
Dist : [0, 0, 0, 0, 0, 0, 0, 0, 0, 0, 0, 0, 0, 0, 0, 0, 0, 0, 0, 0, 0, 0, 0, 0, 0, 0, 0, 0, 0, 0, 0, 0, 0, 0, 0, 0, 0, 0, 0, 0, 0, 0, 0, 0, 0, 0, 0, 0, 0, 0, 0, 0, 0, 0, 0, 0, 0, 0, 0, 0, 0, 0, 0, 0, 0, 999, 999, 999, 999, 999, 999, 999]
time : 15340.32 (+82.65 = 0.00 + 82.65)

142th Add (Sname, S, D) : t[101], 48, 1
Dist : [0, 0, 0, 0, 0, 0, 0, 0, 0, 0, 0, 0, 0, 0, 0, 0, 0, 0, 0, 0, 0, 0, 0, 0, 0, 0, 0, 0, 0, 0, 0, 0, 0, 0, 0, 0, 0, 0, 0, 0, 0, 0, 0, 0, 0, 0, 0, 0, 0, 0, 0, 0, 0, 0, 0, 0, 0, 0, 0, 0, 0, 0, 0, 0, 0, 999, 999, 999, 999, 999, 999, 999]
time : 15425.43 (+85.11 = 0.00 + 85.11)

143th Add (Sname, S, D) : t[102], 60, 2
Dist : [0, 0, 0, 0, 0, 0, 0, 0, 0, 0, 0, 0, 0, 0, 0, 0, 0, 0, 0, 0, 0, 0, 0, 0, 0, 0, 0, 0, 0, 0, 0, 0, 0, 0, 0, 0, 0, 0, 0, 0, 0, 0, 0, 0, 0, 0, 0, 0, 0, 0, 0, 0, 0, 0, 0, 0, 0, 0, 0, 0, 0, 0, 0, 0, 0, 999, 999, 999, 999, 999, 999, 999]
time : 15502.53 (+77.10 = 0.00 + 77.10)

144th Add (Sname, S, D) : t[103], 4156, 5
Dist : [0, 0, 0, 0, 0, 0, 0, 0, 0, 0, 0, 0, 0, 0, 0, 0, 0, 0, 0, 0, 0, 0, 0, 0, 0, 0, 0, 0, 0, 0, 0, 0, 0, 0, 0, 0, 0, 0, 0, 0, 0, 0, 0, 0, 0, 0, 0, 0, 0, 0, 0, 0, 0, 0, 0, 0, 0, 0, 0, 0, 0, 0, 0, 0, 0, 999, 999, 999, 999, 999, 999, 999]
time : 15581.69 (+79.17 = 0.00 + 79.17)

145th Add (Sname, S, D) : t[104], 5180, 6
Dist : [0, 0, 0, 0, 0, 0, 0, 0, 0, 0, 0, 0, 0, 0, 0, 0, 0, 0, 0, 0, 0, 0, 0, 0, 0, 0, 0, 0, 0, 0, 0, 0, 0, 0, 0, 0, 0, 0, 0, 0, 0, 0, 0, 0, 0, 0, 0, 0, 0, 0, 0, 0, 0, 0, 0, 0, 0, 0, 0, 0, 0, 0, 0, 0, 0, 999, 999, 999, 999, 999, 999, 999]
time : 15661.94 (+80.24 = 0.00 + 80.24)

146th Add (Sname, S, D) : t[105], 5692, 9
Dist : [0, 0, 0, 0, 0, 0, 0, 0, 0, 0, 0, 0, 0, 0, 0, 0, 0, 0, 0, 0, 0, 0, 0, 0, 0, 0, 0, 0, 0, 0, 0, 0, 0, 0, 0, 0, 0, 0, 0, 0, 0, 0, 0, 0, 0, 0, 0, 0, 0, 0, 0, 0, 0, 0, 0, 0, 0, 0, 0, 0, 0, 0, 0, 0, 0, 999, 999, 999, 999, 999, 999, 999]
time : 15747.14 (+85.21 = 0.00 + 85.21)

147th Add (Sname, S, D) : t[106], 13884, 10
Dist : [0, 0, 0, 0, 0, 0, 0, 0, 0, 0, 0, 0, 0, 0, 0, 0, 0, 0, 0, 0, 0, 0, 0, 0, 0, 0, 0, 0, 0, 0, 0, 0, 0, 0, 0, 0, 0, 0, 0, 0, 0, 0, 0, 0, 0, 0, 0, 0, 0, 0, 0, 0, 0, 0, 0, 0, 0, 0, 0, 0, 0, 0, 0, 0, 0, 999, 999, 999, 999, 999, 999, 999]
time : 15834.82 (+87.68 = 0.00 + 87.68)

148th Add (Sname, S, D) : t[107], 144956, 14
Dist : [0, 0, 0, 0, 0, 0, 0, 0, 0, 0, 0, 0, 0, 0, 0, 0, 0, 0, 0, 0, 0, 0, 0, 0, 0, 0, 0, 0, 0, 0, 0, 0, 0, 0, 0, 0, 0, 0, 0, 0, 0, 0, 0, 0, 0, 0, 0, 0, 0, 0, 0, 0, 0, 0, 0, 0, 0, 0, 0, 0, 0, 0, 0, 0, 0, 7, 999, 999, 999, 999, 999, 999]
time : 15924.01 (+89.19 = 0.00 + 89.19)

149th Add (Sname, S, D) : t[108], 17716740096, 24
Dist : [0, 0, 0, 0, 0, 0, 0, 0, 0, 0, 0, 0, 0, 0, 0, 0, 0, 0, 0, 0, 0, 0, 0, 0, 0, 0, 0, 0, 0, 0, 0, 0, 0, 0, 0, 0, 0, 0, 0, 0, 0, 0, 0, 0, 0, 0, 0, 0, 0, 0, 0, 0, 0, 0, 0, 0, 0, 0, 0, 0, 0, 0, 0, 0, 0, 6, 999, 999, 999, 999, 999, 999]
time : 20743.43 (+4819.41 = 0.02 + 4741.95 + 0.00 + 0.00 + 77.44)

150th Add (Sname, S, D) : t[109], 275951648768, 24
Dist : [0, 0, 0, 0, 0, 0, 0, 0, 0, 0, 0, 0, 0, 0, 0, 0, 0, 0, 0, 0, 0, 0, 0, 0, 0, 0, 0, 0, 0, 0, 0, 0, 0, 0, 0, 0, 0, 0, 0, 0, 0, 0, 0, 0, 0, 0, 0, 0, 0, 0, 0, 0, 0, 0, 0, 0, 0, 0, 0, 0, 0, 0, 0, 0, 0, 5, 999, 999, 999, 999, 999, 999]
time : 22565.92 (+1822.50 = 0.02 + 1744.44 + 0.00 + 0.00 + 78.03)

151th Add (Sname, S, D) : t[110], 447884558336, 25
Dist : [0, 0, 0, 0, 0, 0, 0, 0, 0, 0, 0, 0, 0, 0, 0, 0, 0, 0, 0, 0, 0, 0, 0, 0, 0, 0, 0, 0, 0, 0, 0, 0, 0, 0, 0, 0, 0, 0, 0, 0, 0, 0, 0, 0, 0, 0, 0, 0, 0, 0, 0, 0, 0, 0, 0, 0, 0, 0, 0, 0, 0, 0, 0, 0, 0, 4, 999, 999, 999, 999, 999, 999]
time : 24231.09 (+1665.16 = 0.02 + 1583.83 + 0.00 + 0.00 + 81.31)

152th Add (Sname, S, D) : t[111], 669244, 18
Dist : [0, 0, 0, 0, 0, 0, 0, 0, 0, 0, 0, 0, 0, 0, 0, 0, 0, 0, 0, 0, 0, 0, 0, 0, 0, 0, 0, 0, 0, 0, 0, 0, 0, 0, 0, 0, 0, 0, 0, 0, 0, 0, 0, 0, 0, 0, 0, 0, 0, 0, 0, 0, 0, 0, 0, 0, 0, 0, 0, 0, 0, 0, 0, 0, 0, 3, 999, 999, 999, 999, 999, 999]
time : 26058.09 (+1827.01 = 0.02 + 1743.45 + 0.00 + 0.00 + 83.53)

153th Add (Sname, S, D) : t[112], 67778108, 24
Dist : [0, 0, 0, 0, 0, 0, 0, 0, 0, 0, 0, 0, 0, 0, 0, 0, 0, 0, 0, 0, 0, 0, 0, 0, 0, 0, 0, 0, 0, 0, 0, 0, 0, 0, 0, 0, 0, 0, 0, 0, 0, 0, 0, 0, 0, 0, 0, 0, 0, 0, 0, 0, 0, 0, 0, 0, 0, 0, 0, 0, 0, 0, 0, 0, 0, 2, 999, 999, 999, 999, 999, 999]
time : 28008.16 (+1950.07 = 0.02 + 1864.48 + 0.00 + 0.00 + 85.56)

154th Add (Sname, S, D) : t[113], 17784518204, 25
Dist : [0, 0, 0, 0, 0, 0, 0, 0, 0, 0, 0, 0, 0, 0, 0, 0, 0, 0, 0, 0, 0, 0, 0, 0, 0, 0, 0, 0, 0, 0, 0, 0, 0, 0, 0, 0, 0, 0, 0, 0, 0, 0, 0, 0, 0, 0, 0, 0, 0, 0, 0, 0, 0, 0, 0, 0, 0, 0, 0, 0, 0, 0, 0, 0, 0, 1, 999, 999, 999, 999, 999, 999]
time : 30194.66 (+2186.50 = 0.02 + 2098.82 + 0.00 + 0.00 + 87.65)

155th Add (Sname, S, D) : t[114], 465669076540, 26
Dist : [0, 0, 0, 0, 0, 0, 0, 0, 0, 0, 0, 0, 0, 0, 0, 0, 0, 0, 0, 0, 0, 0, 0, 0, 0, 0, 0, 0, 0, 0, 0, 0, 0, 0, 0, 0, 0, 0, 0, 0, 0, 0, 0, 0, 0, 0, 0, 0, 0, 0, 0, 0, 0, 0, 0, 0, 0, 0, 0, 0, 0, 0, 0, 0, 0, 0, 999, 999, 999, 999, 999, 999]
time : 30285.08 (+90.41 = 0.00 + 90.41)

156th Add (Sname, S, D) : t[115], 9, 1
Dist : [0, 0, 0, 0, 0, 0, 0, 0, 0, 0, 0, 0, 0, 0, 0, 0, 0, 0, 0, 0, 0, 0, 0, 0, 0, 0, 0, 0, 0, 0, 0, 0, 0, 0, 0, 0, 0, 0, 0, 0, 0, 0, 0, 0, 0, 0, 0, 0, 0, 0, 0, 0, 0, 0, 0, 0, 0, 0, 0, 0, 0, 0, 0, 0, 0, 0, 999, 999, 999, 999, 999, 999]
time : 30378.09 (+93.02 = 0.00 + 93.02)

157th Add (Sname, S, D) : t[116], 57, 2
Dist : [0, 0, 0, 0, 0, 0, 0, 0, 0, 0, 0, 0, 0, 0, 0, 0, 0, 0, 0, 0, 0, 0, 0, 0, 0, 0, 0, 0, 0, 0, 0, 0, 0, 0, 0, 0, 0, 0, 0, 0, 0, 0, 0, 0, 0, 0, 0, 0, 0, 0, 0, 0, 0, 0, 0, 0, 0, 0, 0, 0, 0, 0, 0, 0, 0, 0, 999, 999, 999, 999, 999, 999]
time : 30474.03 (+95.94 = 0.00 + 95.94)

158th Add (Sname, S, D) : t[117], 4153, 5
Dist : [0, 0, 0, 0, 0, 0, 0, 0, 0, 0, 0, 0, 0, 0, 0, 0, 0, 0, 0, 0, 0, 0, 0, 0, 0, 0, 0, 0, 0, 0, 0, 0, 0, 0, 0, 0, 0, 0, 0, 0, 0, 0, 0, 0, 0, 0, 0, 0, 0, 0, 0, 0, 0, 0, 0, 0, 0, 0, 0, 0, 0, 0, 0, 0, 0, 0, 999, 999, 999, 999, 999, 999]
time : 30573.01 (+98.98 = 0.00 + 98.98)

159th Add (Sname, S, D) : t[118], 5177, 6
Dist : [0, 0, 0, 0, 0, 0, 0, 0, 0, 0, 0, 0, 0, 0, 0, 0, 0, 0, 0, 0, 0, 0, 0, 0, 0, 0, 0, 0, 0, 0, 0, 0, 0, 0, 0, 0, 0, 0, 0, 0, 0, 0, 0, 0, 0, 0, 0, 0, 0, 0, 0, 0, 0, 0, 0, 0, 0, 0, 0, 0, 0, 0, 0, 0, 0, 0, 999, 999, 999, 999, 999, 999]
time : 30672.37 (+99.36 = 0.00 + 99.36)

160th Add (Sname, S, D) : t[119], 5689, 9
Dist : [0, 0, 0, 0, 0, 0, 0, 0, 0, 0, 0, 0, 0, 0, 0, 0, 0, 0, 0, 0, 0, 0, 0, 0, 0, 0, 0, 0, 0, 0, 0, 0, 0, 0, 0, 0, 0, 0, 0, 0, 0, 0, 0, 0, 0, 0, 0, 0, 0, 0, 0, 0, 0, 0, 0, 0, 0, 0, 0, 0, 0, 0, 0, 0, 0, 0, 999, 999, 999, 999, 999, 999]
time : 30775.07 (+102.71 = 0.00 + 102.71)

161th Add (Sname, S, D) : t[120], 13881, 10
Dist : [0, 0, 0, 0, 0, 0, 0, 0, 0, 0, 0, 0, 0, 0, 0, 0, 0, 0, 0, 0, 0, 0, 0, 0, 0, 0, 0, 0, 0, 0, 0, 0, 0, 0, 0, 0, 0, 0, 0, 0, 0, 0, 0, 0, 0, 0, 0, 0, 0, 0, 0, 0, 0, 0, 0, 0, 0, 0, 0, 0, 0, 0, 0, 0, 0, 0, 999, 999, 999, 999, 999, 999]
time : 30879.84 (+104.77 = 0.00 + 104.77)

162th Add (Sname, S, D) : t[121], 144953, 14
Dist : [0, 0, 0, 0, 0, 0, 0, 0, 0, 0, 0, 0, 0, 0, 0, 0, 0, 0, 0, 0, 0, 0, 0, 0, 0, 0, 0, 0, 0, 0, 0, 0, 0, 0, 0, 0, 0, 0, 0, 0, 0, 0, 0, 0, 0, 0, 0, 0, 0, 0, 0, 0, 0, 0, 0, 0, 0, 0, 0, 0, 0, 0, 0, 0, 0, 0, 999, 999, 999, 999, 999, 999]
time : 30987.77 (+107.93 = 0.00 + 107.93)

163th Add (Sname, S, D) : t[122], 669241, 18
Dist : [0, 0, 0, 0, 0, 0, 0, 0, 0, 0, 0, 0, 0, 0, 0, 0, 0, 0, 0, 0, 0, 0, 0, 0, 0, 0, 0, 0, 0, 0, 0, 0, 0, 0, 0, 0, 0, 0, 0, 0, 0, 0, 0, 0, 0, 0, 0, 0, 0, 0, 0, 0, 0, 0, 0, 0, 0, 0, 0, 0, 0, 0, 0, 0, 0, 0, 999, 999, 999, 999, 999, 999]
time : 31097.20 (+109.43 = 0.00 + 109.43)

164th Add (Sname, S, D) : t[123], 8590603833, 20
Dist : [0, 0, 0, 0, 0, 0, 0, 0, 0, 0, 0, 0, 0, 0, 0, 0, 0, 0, 0, 0, 0, 0, 0, 0, 0, 0, 0, 0, 0, 0, 0, 0, 0, 0, 0, 0, 0, 0, 0, 0, 0, 0, 0, 0, 0, 0, 0, 0, 0, 0, 0, 0, 0, 0, 0, 0, 0, 0, 0, 0, 0, 0, 0, 0, 0, 0, 999, 999, 999, 999, 999, 999]
time : 31214.31 (+117.11 = 0.00 + 117.11)

165th Add (Sname, S, D) : t[124], 8607381049, 21
Dist : [0, 0, 0, 0, 0, 0, 0, 0, 0, 0, 0, 0, 0, 0, 0, 0, 0, 0, 0, 0, 0, 0, 0, 0, 0, 0, 0, 0, 0, 0, 0, 0, 0, 0, 0, 0, 0, 0, 0, 0, 0, 0, 0, 0, 0, 0, 0, 0, 0, 0, 0, 0, 0, 0, 0, 0, 0, 0, 0, 0, 0, 0, 0, 0, 0, 0, 999, 999, 999, 999, 999, 999]
time : 31333.56 (+119.25 = 0.00 + 119.25)

166th Add (Sname, S, D) : t[125], 73014444032, 22
Dist : [0, 0, 0, 0, 0, 0, 0, 0, 0, 0, 0, 0, 0, 0, 0, 0, 0, 0, 0, 0, 0, 0, 0, 0, 0, 0, 0, 0, 0, 0, 0, 0, 0, 0, 0, 0, 0, 0, 0, 0, 0, 0, 0, 0, 0, 0, 0, 0, 0, 0, 0, 0, 0, 0, 0, 0, 0, 0, 0, 0, 0, 0, 0, 0, 0, 0, 7, 999, 999, 999, 999, 999]
time : 31456.55 (+122.99 = 0.00 + 122.99)

167th Add (Sname, S, D) : t[126], 293668388864, 25
Dist : [0, 0, 0, 0, 0, 0, 0, 0, 0, 0, 0, 0, 0, 0, 0, 0, 0, 0, 0, 0, 0, 0, 0, 0, 0, 0, 0, 0, 0, 0, 0, 0, 0, 0, 0, 0, 0, 0, 0, 0, 0, 0, 0, 0, 0, 0, 0, 0, 0, 0, 0, 0, 0, 0, 0, 0, 0, 0, 0, 0, 0, 0, 0, 0, 0, 0, 6, 999, 999, 999, 999, 999]
time : 39589.73 (+8133.18 = 0.03 + 8028.54 + 0.00 + 0.00 + 104.60)

