n : 8
m : 8
H : 15
Y : [150, 154, 231, 155, 113, 1, 130, 46, 2, 97, 225, 79, 144, 78, 20, 180, 132, 250, 7024, 49920, 240496, 100000, 231072, 110592, 49920, 92272, 100000, 1048576, 83360, 55408, 110592, 4194304, 9050992, 154, 8614656, 155, 616560, 1, 2490368, 46, 2311584, 97, 345504, 79, 798160, 78, 11279216, 180, 10499744, 250, 9050992, 150, 8614656, 231, 616560, 113, 2490368, 130, 2311584, 99, 345504, 225, 798160, 144, 11279216, 20, 10499744, 132, 1856180846592, 1862673629184, 2051333423104, 1675943215104, 1675490230272, 3097829048320, 1678308802560, 1678661124096]
XORs : {'r[0]': ['x[7]', 'x[1]', 'x[4]', 'x[2]'], 'r[1]': ['x[7]', 'x[4]', 'x[3]', 'x[1]'], 'r[2]': ['x[7]', 'x[2]', 'x[6]', 'x[5]', 'x[1]', 'x[0]'], 'r[3]': ['x[0]', 'x[7]', 'x[4]', 'x[3]', 'x[1]'], 'r[4]': ['x[6]', 'x[5]', 'x[4]', 'x[0]'], 'r[5]': ['x[0]'], 'r[6]': ['x[7]', 'x[1]'], 'r[7]': ['x[3]', 'x[1]', 'x[5]', 'x[2]'], 'r[8]': ['x[1]'], 'r[9]': ['x[0]', 'x[6]', 'x[5]'], 'r[10]': ['x[7]', 'x[6]', 'x[5]', 'x[0]'], 'r[11]': ['x[0]', 'x[6]', 'x[3]', 'x[1]', 'x[2]'], 'r[12]': ['x[7]', 'x[4]'], 'r[13]': ['x[3]', 'x[1]', 'x[6]', 'x[2]'], 'r[14]': ['x[4]', 'x[2]'], 'r[15]': ['x[7]', 'x[4]', 'x[5]', 'x[2]'], 'r[16]': ['x[7]', 'x[2]'], 'r[17]': ['x[6]', 'x[5]', 'x[7]', 'x[4]', 'x[3]', 'x[1]'], 'r[18]': ['g[4]', 'g[3]', 'x[4]', 'x[6]', 'x[5]', 'g[1]', 'g[0]'], 'r[19]': ['g[1]', 'g[7]', 'g[6]', 'g[0]'], 'r[20]': ['g[9]', 'g[5]', 'g[3]', 'g[8]', 'x[5]', 'x[4]', 'x[6]', 'g[1]', 'g[7]', 'g[0]'], 'r[21]': ['g[1]', 'g[7]', 'g[8]', 'g[2]', 'x[7]', 'x[5]'], 'r[22]': ['g[9]', 'g[8]', 'g[2]', 'x[5]', 'x[7]', 'g[1]', 'g[7]'], 'r[23]': ['g[4]', 'g[7]', 'g[5]', 'g[8]'], 'r[24]': ['g[1]', 'g[7]', 'g[6]', 'g[0]'], 'r[25]': ['g[5]', 'g[3]', 'g[8]', 'g[6]', 'x[5]', 'x[4]', 'x[6]'], 'r[26]': ['g[1]', 'g[7]', 'g[8]', 'g[2]', 'x[7]', 'x[5]'], 'r[27]': ['g[12]'], 'r[28]': ['g[8]', 'g[6]', 'g[2]', 'g[0]', 'x[5]', 'x[7]'], 'r[29]': ['g[4]', 'g[7]', 'g[6]', 'g[3]', 'x[4]', 'x[6]', 'x[5]'], 'r[30]': ['g[4]', 'g[7]', 'g[5]', 'g[8]'], 'r[31]': ['g[14]'], 'r[32]': ['g[11]', 'g[15]', 'g[9]', 'g[4]', 'g[3]', 'x[4]', 'x[6]', 'x[5]', 'g[1]', 'g[0]'], 'r[33]': ['x[7]', 'x[4]', 'x[3]', 'x[1]'], 'r[34]': ['g[15]', 'g[9]', 'g[4]', 'g[5]', 'g[8]', 'g[1]', 'g[6]', 'g[0]'], 'r[35]': ['x[0]', 'x[7]', 'x[4]', 'x[3]', 'x[1]'], 'r[36]': ['g[11]', 'g[5]', 'g[3]', 'g[8]', 'g[6]', 'x[5]', 'x[4]', 'x[6]'], 'r[37]': ['x[0]'], 'r[38]': ['g[10]', 'g[13]', 'g[9]'], 'r[39]': ['x[3]', 'x[1]', 'x[5]', 'x[2]'], 'r[40]': ['g[13]', 'g[9]', 'g[8]', 'g[2]', 'x[7]', 'x[5]', 'g[6]', 'g[0]'], 'r[41]': ['x[0]', 'x[6]', 'x[5]'], 'r[42]': ['g[10]', 'g[8]', 'g[6]', 'g[2]', 'g[0]', 'x[5]', 'x[7]'], 'r[43]': ['x[0]', 'x[6]', 'x[3]', 'x[1]', 'x[2]'], 'r[44]': ['g[10]', 'g[11]', 'g[2]', 'g[0]', 'g[5]', 'g[3]', 'x[6]', 'x[7]', 'x[4]'], 'r[45]': ['x[3]', 'x[1]', 'x[6]', 'x[2]'], 'r[46]': ['g[10]', 'g[11]', 'g[13]', 'g[15]', 'g[1]', 'g[4]', 'g[0]', 'g[3]', 'x[4]', 'x[6]', 'x[5]'], 'r[47]': ['x[7]', 'x[4]', 'x[5]', 'x[2]'], 'r[48]': ['g[13]', 'g[15]', 'g[1]', 'g[4]', 'g[2]', 'g[5]', 'x[7]', 'x[5]'], 'r[49]': ['x[6]', 'x[5]', 'x[7]', 'x[4]', 'x[3]', 'x[1]'], 'r[50]': ['g[11]', 'g[15]', 'g[9]', 'g[4]', 'g[3]', 'x[4]', 'x[6]', 'x[5]', 'g[1]', 'g[0]'], 'r[51]': ['x[7]', 'x[1]', 'x[4]', 'x[2]'], 'r[52]': ['g[15]', 'g[9]', 'g[4]', 'g[5]', 'g[8]', 'g[1]', 'g[6]', 'g[0]'], 'r[53]': ['x[7]', 'x[2]', 'x[6]', 'x[5]', 'x[1]', 'x[0]'], 'r[54]': ['g[11]', 'g[5]', 'g[3]', 'g[8]', 'g[6]', 'x[5]', 'x[4]', 'x[6]'], 'r[55]': ['x[6]', 'x[5]', 'x[4]', 'x[0]'], 'r[56]': ['g[10]', 'g[13]', 'g[9]'], 'r[57]': ['x[7]', 'x[1]'], 'r[58]': ['g[13]', 'g[9]', 'g[8]', 'g[2]', 'x[7]', 'x[5]', 'g[6]', 'g[0]'], 'r[59]': ['x[6]', 'x[5]', 'x[1]', 'x[0]'], 'r[60]': ['g[10]', 'g[8]', 'g[6]', 'g[2]', 'g[0]', 'x[5]', 'x[7]'], 'r[61]': ['x[7]', 'x[6]', 'x[5]', 'x[0]'], 'r[62]': ['g[10]', 'g[11]', 'g[2]', 'g[0]', 'g[5]', 'g[3]', 'x[6]', 'x[7]', 'x[4]'], 'r[63]': ['x[7]', 'x[4]'], 'r[64]': ['g[10]', 'g[11]', 'g[13]', 'g[15]', 'g[1]', 'g[4]', 'g[0]', 'g[3]', 'x[4]', 'x[6]', 'x[5]'], 'r[65]': ['x[4]', 'x[2]'], 'r[66]': ['g[13]', 'g[15]', 'g[1]', 'g[4]', 'g[2]', 'g[5]', 'x[7]', 'x[5]'], 'r[67]': ['x[7]', 'x[2]'], 'y[7]': ['g[32]', 'g[19]', 'g[31]', 'g[25]', 'g[22]', 'g[23]', 'g[20]', 'g[26]'], 'y[6]': ['g[26]', 'g[31]', 'g[32]', 'g[16]', 'g[22]', 'g[23]', 'g[17]', 'g[25]'], 'y[5]': ['g[33]', 'g[24]', 'g[28]', 'g[30]', 'g[22]', 'g[31]', 'g[16]', 'g[18]'], 'y[4]': ['g[32]', 'g[19]', 'g[31]', 'g[20]', 'g[26]', 'g[16]', 'g[17]', 'g[25]'], 'y[3]': ['g[31]', 'g[32]', 'g[20]', 'g[26]', 'g[17]', 'g[25]', 'g[18]', 'g[21]'], 'y[2]': ['g[32]', 'g[23]', 'g[30]', 'g[27]', 'g[19]', 'g[31]', 'g[24]', 'g[28]', 'g[16]', 'g[18]', 'g[20]', 'g[26]'], 'y[1]': ['g[20]', 'g[31]', 'g[32]', 'g[21]', 'g[29]', 'g[23]', 'g[24]', 'g[28]'], 'y[0]': ['g[32]', 'g[19]', 'g[31]', 'g[28]', 'g[16]', 'g[18]', 'g[21]', 'g[29]']}
HY : [3, 3, 3, 3, 5, 0, 1, 3, 0, 2, 3, 3, 1, 2, 1, 3, 1, 3, 6, 6, 8, 7, 8, 8, 6, 6, 7, 7, 7, 7, 8, 8, 11, 3, 10, 3, 10, 0, 10, 3, 10, 2, 10, 3, 11, 2, 11, 3, 10, 3, 11, 3, 10, 3, 10, 5, 10, 1, 10, 12, 10, 3, 11, 1, 11, 1, 10, 1, 15, 15, 15, 15, 15, 15, 15, 15]
sbp_pool_size : 2

Dist : [3, 3, 5, 4, 3, 0, 1, 3, 0, 2, 3, 4, 1, 3, 1, 3, 1, 5, 999, 999, 999, 999, 999, 999, 999, 999, 999, 999, 999, 999, 999, 999, 999, 3, 999, 4, 999, 0, 999, 3, 999, 2, 999, 4, 999, 3, 999, 3, 999, 5, 999, 3, 999, 5, 999, 3, 999, 1, 999, 3, 999, 3, 999, 1, 999, 1, 999, 1, 999, 999, 999, 999, 999, 999, 999, 999]
time : 0.01 (+0.01)

9th Add (Sname, S, D) : t[0], 130, 1
Dist : [2, 2, 4, 3, 3, 0, 0, 3, 0, 2, 3, 4, 1, 3, 1, 3, 1, 4, 999, 999, 999, 999, 999, 999, 999, 999, 999, 999, 999, 999, 999, 999, 999, 2, 999, 3, 999, 0, 999, 3, 999, 2, 999, 4, 999, 3, 999, 3, 999, 4, 999, 2, 999, 4, 999, 3, 999, 0, 999, 3, 999, 3, 999, 1, 999, 1, 999, 1, 999, 999, 999, 999, 999, 999, 999, 999]
time : 0.01 (+0.01 = 0.00 + 0.00)

10th Add (Sname, S, D) : t[1], 144, 1
Dist : [2, 2, 4, 3, 3, 0, 0, 3, 0, 2, 3, 4, 0, 3, 1, 2, 1, 4, 999, 999, 999, 999, 999, 999, 999, 999, 999, 999, 999, 999, 999, 999, 999, 2, 999, 3, 999, 0, 999, 3, 999, 2, 999, 4, 999, 3, 999, 2, 999, 4, 999, 2, 999, 4, 999, 3, 999, 0, 999, 3, 999, 3, 999, 0, 999, 1, 999, 1, 999, 999, 999, 999, 999, 999, 999, 999]
time : 0.01 (+0.00 = 0.00 + 0.00)

11th Add (Sname, S, D) : t[2], 20, 1
Dist : [1, 2, 4, 3, 3, 0, 0, 3, 0, 2, 3, 4, 0, 3, 0, 2, 1, 4, 999, 999, 999, 999, 999, 999, 999, 999, 999, 999, 999, 999, 999, 999, 999, 2, 999, 3, 999, 0, 999, 3, 999, 2, 999, 4, 999, 3, 999, 2, 999, 4, 999, 1, 999, 4, 999, 3, 999, 0, 999, 3, 999, 3, 999, 0, 999, 0, 999, 1, 999, 999, 999, 999, 999, 999, 999, 999]
time : 0.01 (+0.00 = 0.00 + 0.00)

12th Add (Sname, S, D) : t[3], 150, 2
Dist : [0, 2, 4, 3, 3, 0, 0, 3, 0, 2, 3, 4, 0, 3, 0, 2, 1, 4, 999, 999, 999, 999, 999, 999, 999, 999, 999, 999, 999, 999, 999, 999, 999, 2, 999, 3, 999, 0, 999, 3, 999, 2, 999, 4, 999, 3, 999, 2, 999, 4, 999, 0, 999, 4, 999, 3, 999, 0, 999, 3, 999, 3, 999, 0, 999, 0, 999, 1, 999, 999, 999, 999, 999, 999, 999, 999]
time : 0.01 (+0.00 = 0.00 + 0.00)

13th Add (Sname, S, D) : t[4], 132, 1
Dist : [0, 2, 4, 3, 3, 0, 0, 3, 0, 2, 3, 4, 0, 3, 0, 2, 0, 4, 999, 999, 999, 999, 999, 999, 999, 999, 999, 999, 999, 999, 999, 999, 999, 2, 999, 3, 999, 0, 999, 3, 999, 2, 999, 4, 999, 3, 999, 2, 999, 4, 999, 0, 999, 4, 999, 3, 999, 0, 999, 3, 999, 3, 999, 0, 999, 0, 999, 0, 999, 999, 999, 999, 999, 999, 999, 999]
time : 0.01 (+0.00 = 0.00 + 0.00)

14th Add (Sname, S, D) : t[5], 12, 1
Dist : [0, 1, 4, 2, 3, 0, 0, 2, 0, 2, 3, 3, 0, 2, 0, 2, 0, 3, 999, 999, 999, 999, 999, 999, 999, 999, 999, 999, 999, 999, 999, 999, 999, 1, 999, 2, 999, 0, 999, 2, 999, 2, 999, 3, 999, 2, 999, 2, 999, 3, 999, 0, 999, 4, 999, 3, 999, 0, 999, 3, 999, 3, 999, 0, 999, 0, 999, 0, 999, 999, 999, 999, 999, 999, 999, 999]
time : 0.01 (+0.00 = 0.00 + 0.00 + 0.00 + 0.00 + 0.00)

15th Add (Sname, S, D) : t[6], 154, 3
Dist : [0, 0, 4, 2, 3, 0, 0, 2, 0, 2, 3, 3, 0, 2, 0, 2, 0, 3, 999, 999, 999, 999, 999, 999, 999, 999, 999, 999, 999, 999, 999, 999, 999, 0, 999, 2, 999, 0, 999, 2, 999, 2, 999, 3, 999, 2, 999, 2, 999, 3, 999, 0, 999, 4, 999, 3, 999, 0, 999, 3, 999, 3, 999, 0, 999, 0, 999, 0, 999, 999, 999, 999, 999, 999, 999, 999]
time : 0.01 (+0.00 = 0.00 + 0.00)

16th Add (Sname, S, D) : g[0], 256, 4
Dist : [0, 0, 4, 2, 3, 0, 0, 2, 0, 2, 3, 3, 0, 2, 0, 2, 0, 3, 999, 999, 999, 999, 999, 999, 999, 999, 999, 999, 999, 999, 999, 999, 999, 0, 999, 2, 999, 0, 999, 2, 999, 2, 999, 3, 999, 2, 999, 2, 999, 3, 999, 0, 999, 4, 999, 3, 999, 0, 999, 3, 999, 3, 999, 0, 999, 0, 999, 0, 999, 999, 999, 999, 999, 999, 999, 999]
time : 0.01 (+0.00 = 0.00 + 0.00)

17th Add (Sname, S, D) : t[7], 65, 1
Dist : [0, 0, 3, 2, 2, 0, 0, 2, 0, 1, 2, 2, 0, 2, 0, 2, 0, 3, 999, 999, 999, 999, 999, 999, 999, 999, 999, 999, 999, 999, 999, 999, 999, 0, 999, 2, 999, 0, 999, 2, 999, 1, 999, 2, 999, 2, 999, 2, 999, 3, 999, 0, 999, 3, 999, 2, 999, 0, 999, 2, 999, 2, 999, 0, 999, 0, 999, 0, 999, 999, 999, 999, 999, 999, 999, 999]
time : 0.02 (+0.01 = 0.00 + 0.01 + 0.00 + 0.00 + 0.00)

18th Add (Sname, S, D) : t[8], 97, 2
Dist : [0, 0, 2, 2, 1, 0, 0, 2, 0, 0, 1, 2, 0, 2, 0, 2, 0, 3, 999, 999, 999, 999, 999, 999, 999, 999, 999, 999, 999, 999, 999, 999, 999, 0, 999, 2, 999, 0, 999, 2, 999, 0, 999, 2, 999, 2, 999, 2, 999, 3, 999, 0, 999, 2, 999, 1, 999, 0, 999, 1, 999, 1, 999, 0, 999, 0, 999, 0, 999, 999, 999, 999, 999, 999, 999, 999]
time : 0.02 (+0.00 = 0.00 + 0.00)

19th Add (Sname, S, D) : g[4], 4096, 3
Dist : [0, 0, 2, 2, 1, 0, 0, 2, 0, 0, 1, 2, 0, 2, 0, 2, 0, 3, 999, 999, 999, 999, 999, 999, 999, 999, 999, 999, 999, 999, 999, 999, 999, 0, 999, 2, 999, 0, 999, 2, 999, 0, 999, 2, 999, 2, 999, 2, 999, 3, 999, 0, 999, 2, 999, 1, 999, 0, 999, 1, 999, 1, 999, 0, 999, 0, 999, 0, 999, 999, 999, 999, 999, 999, 999, 999]
time : 0.02 (+0.00 = 0.00 + 0.00)

20th Add (Sname, S, D) : t[9], 113, 3
Dist : [0, 0, 2, 2, 0, 0, 0, 2, 0, 0, 1, 2, 0, 2, 0, 2, 0, 3, 999, 999, 999, 999, 999, 999, 999, 999, 999, 999, 999, 999, 999, 999, 999, 0, 999, 2, 999, 0, 999, 2, 999, 0, 999, 2, 999, 2, 999, 2, 999, 3, 999, 0, 999, 2, 999, 0, 999, 0, 999, 1, 999, 1, 999, 0, 999, 0, 999, 0, 999, 999, 999, 999, 999, 999, 999, 999]
time : 0.02 (+0.00 = 0.00 + 0.00)

21th Add (Sname, S, D) : g[2], 1024, 4
Dist : [0, 0, 2, 2, 0, 0, 0, 2, 0, 0, 1, 2, 0, 2, 0, 2, 0, 3, 999, 999, 999, 999, 999, 999, 999, 999, 999, 999, 999, 999, 999, 999, 999, 0, 999, 2, 999, 0, 999, 2, 999, 0, 999, 2, 999, 2, 999, 2, 999, 3, 999, 0, 999, 2, 999, 0, 999, 0, 999, 1, 999, 1, 999, 0, 999, 0, 999, 0, 999, 999, 999, 999, 999, 999, 999, 999]
time : 0.02 (+0.00 = 0.00 + 0.00)

22th Add (Sname, S, D) : t[10], 225, 3
Dist : [0, 0, 2, 2, 0, 0, 0, 2, 0, 0, 0, 2, 0, 2, 0, 2, 0, 3, 999, 999, 999, 999, 999, 999, 999, 999, 999, 999, 999, 999, 999, 999, 999, 0, 999, 2, 999, 0, 999, 2, 999, 0, 999, 2, 999, 2, 999, 2, 999, 3, 999, 0, 999, 2, 999, 0, 999, 0, 999, 1, 999, 0, 999, 0, 999, 0, 999, 0, 999, 999, 999, 999, 999, 999, 999, 999]
time : 0.02 (+0.00 = 0.00 + 0.00)

23th Add (Sname, S, D) : t[11], 99, 3
Dist : [0, 0, 2, 2, 0, 0, 0, 2, 0, 0, 0, 2, 0, 2, 0, 2, 0, 3, 999, 999, 999, 999, 999, 999, 999, 999, 999, 999, 999, 999, 999, 999, 999, 0, 999, 2, 999, 0, 999, 2, 999, 0, 999, 2, 999, 2, 999, 2, 999, 3, 999, 0, 999, 2, 999, 0, 999, 0, 999, 0, 999, 0, 999, 0, 999, 0, 999, 0, 999, 999, 999, 999, 999, 999, 999, 999]
time : 0.02 (+0.00 = 0.00 + 0.00)

24th Add (Sname, S, D) : t[12], 34, 1
Dist : [0, 0, 2, 2, 0, 0, 0, 1, 0, 0, 0, 2, 0, 2, 0, 1, 0, 3, 999, 999, 999, 999, 999, 999, 999, 999, 999, 999, 999, 999, 999, 999, 999, 0, 999, 2, 999, 0, 999, 1, 999, 0, 999, 2, 999, 2, 999, 1, 999, 3, 999, 0, 999, 2, 999, 0, 999, 0, 999, 0, 999, 0, 999, 0, 999, 0, 999, 0, 999, 999, 999, 999, 999, 999, 999, 999]
time : 0.05 (+0.03 = 0.00 + 0.03 + 0.00 + 0.00 + 0.00)

25th Add (Sname, S, D) : t[13], 46, 2
Dist : [0, 0, 2, 2, 0, 0, 0, 0, 0, 0, 0, 1, 0, 2, 0, 1, 0, 3, 999, 999, 999, 999, 999, 999, 999, 999, 999, 999, 999, 999, 999, 999, 999, 0, 999, 2, 999, 0, 999, 0, 999, 0, 999, 1, 999, 2, 999, 1, 999, 3, 999, 0, 999, 2, 999, 0, 999, 0, 999, 0, 999, 0, 999, 0, 999, 0, 999, 0, 999, 999, 999, 999, 999, 999, 999, 999]
time : 0.05 (+0.00 = 0.00 + 0.00)

26th Add (Sname, S, D) : g[3], 2048, 3
Dist : [0, 0, 2, 2, 0, 0, 0, 0, 0, 0, 0, 1, 0, 2, 0, 1, 0, 3, 999, 999, 999, 999, 999, 999, 999, 999, 999, 999, 999, 999, 999, 999, 999, 0, 999, 2, 999, 0, 999, 0, 999, 0, 999, 1, 999, 2, 999, 1, 999, 3, 999, 0, 999, 2, 999, 0, 999, 0, 999, 0, 999, 0, 999, 0, 999, 0, 999, 0, 999, 999, 999, 999, 999, 999, 999, 999]
time : 0.05 (+0.00 = 0.00 + 0.00)

27th Add (Sname, S, D) : t[14], 79, 3
Dist : [0, 0, 2, 2, 0, 0, 0, 0, 0, 0, 0, 0, 0, 2, 0, 1, 0, 3, 999, 999, 999, 999, 999, 999, 999, 999, 999, 999, 999, 999, 999, 999, 999, 0, 999, 2, 999, 0, 999, 0, 999, 0, 999, 0, 999, 2, 999, 1, 999, 3, 999, 0, 999, 2, 999, 0, 999, 0, 999, 0, 999, 0, 999, 0, 999, 0, 999, 0, 999, 999, 999, 999, 999, 999, 999, 999]
time : 0.05 (+0.00 = 0.00 + 0.00)

28th Add (Sname, S, D) : g[5], 8192, 4
Dist : [0, 0, 2, 2, 0, 0, 0, 0, 0, 0, 0, 0, 0, 2, 0, 1, 0, 3, 999, 999, 999, 999, 999, 999, 999, 999, 999, 999, 999, 999, 999, 999, 999, 0, 999, 2, 999, 0, 999, 0, 999, 0, 999, 0, 999, 2, 999, 1, 999, 3, 999, 0, 999, 2, 999, 0, 999, 0, 999, 0, 999, 0, 999, 0, 999, 0, 999, 0, 999, 999, 999, 999, 999, 999, 999, 999]
time : 0.05 (+0.00 = 0.00 + 0.00)

29th Add (Sname, S, D) : t[15], 180, 3
Dist : [0, 0, 2, 2, 0, 0, 0, 0, 0, 0, 0, 0, 0, 2, 0, 0, 0, 3, 999, 999, 999, 999, 999, 999, 999, 999, 999, 999, 999, 999, 999, 999, 999, 0, 999, 2, 999, 0, 999, 0, 999, 0, 999, 0, 999, 2, 999, 0, 999, 3, 999, 0, 999, 2, 999, 0, 999, 0, 999, 0, 999, 0, 999, 0, 999, 0, 999, 0, 999, 999, 999, 999, 999, 999, 999, 999]
time : 0.05 (+0.00 = 0.00 + 0.00)

30th Add (Sname, S, D) : g[7], 32768, 4
Dist : [0, 0, 2, 2, 0, 0, 0, 0, 0, 0, 0, 0, 0, 2, 0, 0, 0, 3, 999, 999, 999, 999, 999, 999, 999, 999, 999, 999, 999, 999, 999, 999, 999, 0, 999, 2, 999, 0, 999, 0, 999, 0, 999, 0, 999, 2, 999, 0, 999, 3, 999, 0, 999, 2, 999, 0, 999, 0, 999, 0, 999, 0, 999, 0, 999, 0, 999, 0, 999, 999, 999, 999, 999, 999, 999, 999]
time : 0.05 (+0.00 = 0.00 + 0.00)

31th Add (Sname, S, D) : t[16], 166, 2
Dist : [0, 0, 1, 2, 0, 0, 0, 0, 0, 0, 0, 0, 0, 2, 0, 0, 0, 3, 999, 999, 999, 999, 999, 999, 999, 999, 999, 999, 999, 999, 999, 999, 999, 0, 999, 2, 999, 0, 999, 0, 999, 0, 999, 0, 999, 2, 999, 0, 999, 3, 999, 0, 999, 1, 999, 0, 999, 0, 999, 0, 999, 0, 999, 0, 999, 0, 999, 0, 999, 999, 999, 999, 999, 999, 999, 999]
time : 0.14 (+0.09 = 0.00 + 0.08 + 0.00 + 0.00 + 0.00)

32th Add (Sname, S, D) : t[17], 231, 3
Dist : [0, 0, 0, 2, 0, 0, 0, 0, 0, 0, 0, 0, 0, 2, 0, 0, 0, 3, 999, 999, 999, 999, 999, 999, 999, 999, 999, 999, 999, 999, 999, 999, 999, 0, 999, 2, 999, 0, 999, 0, 999, 0, 999, 0, 999, 2, 999, 0, 999, 3, 999, 0, 999, 0, 999, 0, 999, 0, 999, 0, 999, 0, 999, 0, 999, 0, 999, 0, 999, 999, 999, 999, 999, 999, 999, 999]
time : 0.14 (+0.00 = 0.00 + 0.00)

33th Add (Sname, S, D) : t[18], 66, 1
Dist : [0, 0, 0, 2, 0, 0, 0, 0, 0, 0, 0, 0, 0, 1, 0, 0, 0, 3, 999, 999, 999, 999, 999, 999, 999, 999, 999, 999, 999, 999, 999, 999, 999, 0, 999, 2, 999, 0, 999, 0, 999, 0, 999, 0, 999, 1, 999, 0, 999, 3, 999, 0, 999, 0, 999, 0, 999, 0, 999, 0, 999, 0, 999, 0, 999, 0, 999, 0, 999, 999, 999, 999, 999, 999, 999, 999]
time : 0.24 (+0.11 = 0.00 + 0.10 + 0.00 + 0.00 + 0.00)

34th Add (Sname, S, D) : t[19], 78, 2
Dist : [0, 0, 0, 2, 0, 0, 0, 0, 0, 0, 0, 0, 0, 0, 0, 0, 0, 3, 999, 999, 999, 999, 999, 999, 999, 999, 999, 999, 999, 999, 999, 999, 999, 0, 999, 2, 999, 0, 999, 0, 999, 0, 999, 0, 999, 0, 999, 0, 999, 3, 999, 0, 999, 0, 999, 0, 999, 0, 999, 0, 999, 0, 999, 0, 999, 0, 999, 0, 999, 999, 999, 999, 999, 999, 999, 999]
time : 0.24 (+0.00 = 0.00 + 0.00)

35th Add (Sname, S, D) : g[6], 16384, 3
Dist : [0, 0, 0, 2, 0, 0, 0, 0, 0, 0, 0, 0, 0, 0, 0, 0, 0, 3, 999, 999, 999, 999, 999, 999, 999, 999, 999, 999, 999, 5, 999, 999, 999, 0, 999, 2, 999, 0, 999, 0, 999, 0, 999, 0, 999, 0, 999, 0, 999, 3, 999, 0, 999, 0, 999, 0, 999, 0, 999, 0, 999, 0, 999, 0, 999, 0, 999, 0, 999, 999, 999, 999, 999, 999, 999, 999]
time : 0.25 (+0.00 = 0.00 + 0.00)

36th Add (Sname, S, D) : t[20], 13, 2
Dist : [0, 0, 0, 1, 0, 0, 0, 0, 0, 0, 0, 0, 0, 0, 0, 0, 0, 3, 999, 999, 999, 999, 999, 999, 999, 999, 999, 999, 999, 5, 999, 999, 999, 0, 999, 1, 999, 0, 999, 0, 999, 0, 999, 0, 999, 0, 999, 0, 999, 3, 999, 0, 999, 0, 999, 0, 999, 0, 999, 0, 999, 0, 999, 0, 999, 0, 999, 0, 999, 999, 999, 999, 999, 999, 999, 999]
time : 0.42 (+0.18 = 0.00 + 0.18 + 0.00 + 0.00 + 0.00)

37th Add (Sname, S, D) : t[21], 155, 3
Dist : [0, 0, 0, 0, 0, 0, 0, 0, 0, 0, 0, 0, 0, 0, 0, 0, 0, 3, 999, 999, 999, 999, 999, 999, 999, 999, 999, 999, 999, 5, 999, 999, 999, 0, 999, 0, 999, 0, 999, 0, 999, 0, 999, 0, 999, 0, 999, 0, 999, 3, 999, 0, 999, 0, 999, 0, 999, 0, 999, 0, 999, 0, 999, 0, 999, 0, 999, 0, 999, 999, 999, 999, 999, 999, 999, 999]
time : 0.42 (+0.00 = 0.00 + 0.00)

38th Add (Sname, S, D) : g[1], 512, 4
Dist : [0, 0, 0, 0, 0, 0, 0, 0, 0, 0, 0, 0, 0, 0, 0, 0, 0, 3, 5, 3, 999, 999, 999, 999, 3, 999, 999, 999, 999, 5, 999, 999, 999, 0, 999, 0, 999, 0, 999, 0, 999, 0, 999, 0, 999, 0, 999, 0, 999, 3, 999, 0, 999, 0, 999, 0, 999, 0, 999, 0, 999, 0, 999, 0, 999, 0, 999, 0, 999, 999, 999, 999, 999, 999, 999, 999]
time : 0.42 (+0.00 = 0.00 + 0.00)

39th Add (Sname, S, D) : t[22], 49152, 5
Dist : [0, 0, 0, 0, 0, 0, 0, 0, 0, 0, 0, 0, 0, 0, 0, 0, 0, 3, 5, 2, 999, 999, 999, 999, 2, 999, 999, 999, 999, 4, 999, 999, 999, 0, 999, 0, 999, 0, 999, 0, 999, 0, 999, 0, 999, 0, 999, 0, 999, 3, 999, 0, 999, 0, 999, 0, 999, 0, 999, 0, 999, 0, 999, 0, 999, 0, 999, 0, 999, 999, 999, 999, 999, 999, 999, 999]
time : 0.66 (+0.24 = 0.00 + 0.24 + 0.00 + 0.00 + 0.00)

40th Add (Sname, S, D) : t[23], 768, 5
Dist : [0, 0, 0, 0, 0, 0, 0, 0, 0, 0, 0, 0, 0, 0, 0, 0, 0, 3, 4, 1, 999, 999, 999, 999, 1, 999, 999, 999, 999, 4, 999, 999, 999, 0, 999, 0, 999, 0, 999, 0, 999, 0, 999, 0, 999, 0, 999, 0, 999, 3, 999, 0, 999, 0, 999, 0, 999, 0, 999, 0, 999, 0, 999, 0, 999, 0, 999, 0, 999, 999, 999, 999, 999, 999, 999, 999]
time : 0.95 (+0.28 = 0.00 + 0.28 + 0.00 + 0.00 + 0.00)

41th Add (Sname, S, D) : t[24], 49920, 6
Dist : [0, 0, 0, 0, 0, 0, 0, 0, 0, 0, 0, 0, 0, 0, 0, 0, 0, 3, 4, 0, 999, 999, 999, 999, 0, 999, 999, 999, 999, 4, 999, 999, 999, 0, 999, 0, 999, 0, 999, 0, 999, 0, 999, 0, 999, 0, 999, 0, 999, 3, 999, 0, 999, 0, 999, 0, 999, 0, 999, 0, 999, 0, 999, 0, 999, 0, 999, 0, 999, 999, 999, 999, 999, 999, 999, 999]
time : 0.95 (+0.00 = 0.00 + 0.00)

42th Add (Sname, S, D) : t[25], 178, 2
Dist : [0, 0, 0, 0, 0, 0, 0, 0, 0, 0, 0, 0, 0, 0, 0, 0, 0, 2, 4, 0, 999, 999, 999, 999, 0, 999, 999, 999, 999, 4, 999, 999, 999, 0, 999, 0, 999, 0, 999, 0, 999, 0, 999, 0, 999, 0, 999, 0, 999, 2, 999, 0, 999, 0, 999, 0, 999, 0, 999, 0, 999, 0, 999, 0, 999, 0, 999, 0, 999, 999, 999, 999, 999, 999, 999, 999]
time : 1.32 (+0.37 = 0.00 + 0.37 + 0.00 + 0.00 + 0.00)

43th Add (Sname, S, D) : t[26], 72, 1
Dist : [0, 0, 0, 0, 0, 0, 0, 0, 0, 0, 0, 0, 0, 0, 0, 0, 0, 1, 4, 0, 999, 999, 999, 999, 0, 999, 999, 999, 999, 4, 999, 999, 999, 0, 999, 0, 999, 0, 999, 0, 999, 0, 999, 0, 999, 0, 999, 0, 999, 1, 999, 0, 999, 0, 999, 0, 999, 0, 999, 0, 999, 0, 999, 0, 999, 0, 999, 0, 999, 999, 999, 999, 999, 999, 999, 999]
time : 1.72 (+0.40 = 0.00 + 0.40 + 0.00 + 0.00 + 0.00)

44th Add (Sname, S, D) : t[27], 250, 3
Dist : [0, 0, 0, 0, 0, 0, 0, 0, 0, 0, 0, 0, 0, 0, 0, 0, 0, 0, 4, 0, 999, 999, 999, 999, 0, 999, 999, 999, 999, 4, 999, 999, 999, 0, 999, 0, 999, 0, 999, 0, 999, 0, 999, 0, 999, 0, 999, 0, 999, 0, 999, 0, 999, 0, 999, 0, 999, 0, 999, 0, 999, 0, 999, 0, 999, 0, 999, 0, 999, 999, 999, 999, 999, 999, 999, 999]
time : 1.72 (+0.00 = 0.00 + 0.00)

45th Add (Sname, S, D) : g[8], 65536, 4
Dist : [0, 0, 0, 0, 0, 0, 0, 0, 0, 0, 0, 0, 0, 0, 0, 0, 0, 0, 4, 0, 999, 5, 999, 3, 0, 5, 5, 999, 5, 4, 3, 999, 999, 0, 999, 0, 999, 0, 999, 0, 999, 0, 999, 0, 999, 0, 999, 0, 999, 0, 999, 0, 999, 0, 999, 0, 999, 0, 999, 0, 999, 0, 999, 0, 999, 0, 999, 0, 999, 999, 999, 999, 999, 999, 999, 999]
time : 1.72 (+0.00 = 0.00 + 0.00)

46th Add (Sname, S, D) : t[28], 98304, 5
Dist : [0, 0, 0, 0, 0, 0, 0, 0, 0, 0, 0, 0, 0, 0, 0, 0, 0, 0, 4, 0, 999, 4, 999, 2, 0, 5, 4, 999, 5, 4, 2, 999, 999, 0, 999, 0, 999, 0, 999, 0, 999, 0, 999, 0, 999, 0, 999, 0, 999, 0, 999, 0, 999, 0, 999, 0, 999, 0, 999, 0, 999, 0, 999, 0, 999, 0, 999, 0, 999, 999, 999, 999, 999, 999, 999, 999]
time : 2.29 (+0.57 = 0.00 + 0.56 + 0.00 + 0.00 + 0.00)

47th Add (Sname, S, D) : t[29], 1204, 5
Dist : [0, 0, 0, 0, 0, 0, 0, 0, 0, 0, 0, 0, 0, 0, 0, 0, 0, 0, 4, 0, 999, 3, 999, 2, 0, 5, 3, 999, 4, 4, 2, 999, 999, 0, 999, 0, 999, 0, 999, 0, 999, 0, 999, 0, 999, 0, 999, 0, 999, 0, 999, 0, 999, 0, 999, 0, 999, 0, 999, 0, 999, 0, 999, 0, 999, 0, 999, 0, 999, 999, 999, 999, 999, 999, 999, 999]
time : 3.02 (+0.73 = 0.00 + 0.72 + 0.00 + 0.00 + 0.00)

48th Add (Sname, S, D) : t[30], 1184, 6
Dist : [0, 0, 0, 0, 0, 0, 0, 0, 0, 0, 0, 0, 0, 0, 0, 0, 0, 0, 4, 0, 999, 2, 999, 2, 0, 5, 2, 999, 3, 4, 2, 999, 999, 0, 999, 0, 999, 0, 999, 0, 999, 0, 999, 0, 999, 0, 999, 0, 999, 0, 999, 0, 999, 0, 999, 0, 999, 0, 999, 0, 999, 0, 999, 0, 999, 0, 999, 0, 999, 999, 999, 999, 999, 999, 999, 999]
time : 3.76 (+0.74 = 0.00 + 0.73 + 0.00 + 0.00 + 0.00)

49th Add (Sname, S, D) : t[31], 2161, 4
Dist : [0, 0, 0, 0, 0, 0, 0, 0, 0, 0, 0, 0, 0, 0, 0, 0, 0, 0, 3, 0, 999, 2, 999, 2, 0, 4, 2, 999, 3, 3, 2, 999, 999, 0, 999, 0, 999, 0, 999, 0, 999, 0, 999, 0, 999, 0, 999, 0, 999, 0, 999, 0, 999, 0, 999, 0, 999, 0, 999, 0, 999, 0, 999, 0, 999, 0, 999, 0, 999, 999, 999, 999, 999, 999, 999, 999]
time : 4.59 (+0.83 = 0.00 + 0.83 + 0.00 + 0.00 + 0.00)

50th Add (Sname, S, D) : t[32], 98816, 6
Dist : [0, 0, 0, 0, 0, 0, 0, 0, 0, 0, 0, 0, 0, 0, 0, 0, 0, 0, 3, 0, 999, 1, 999, 2, 0, 4, 1, 999, 3, 3, 2, 999, 999, 0, 999, 0, 999, 0, 999, 0, 999, 0, 999, 0, 999, 0, 999, 0, 999, 0, 999, 0, 999, 0, 999, 0, 999, 0, 999, 0, 999, 0, 999, 0, 999, 0, 999, 0, 999, 999, 999, 999, 999, 999, 999, 999]
time : 5.43 (+0.84 = 0.00 + 0.84 + 0.00 + 0.00 + 0.00)

51th Add (Sname, S, D) : t[33], 100000, 7
Dist : [0, 0, 0, 0, 0, 0, 0, 0, 0, 0, 0, 0, 0, 0, 0, 0, 0, 0, 3, 0, 999, 0, 999, 2, 0, 4, 0, 999, 3, 3, 2, 999, 999, 0, 999, 0, 999, 0, 999, 0, 999, 0, 999, 0, 999, 0, 999, 0, 999, 0, 999, 0, 999, 0, 999, 0, 999, 0, 999, 0, 999, 0, 999, 0, 999, 0, 999, 0, 999, 999, 999, 999, 999, 999, 999, 999]
time : 5.43 (+0.00 = 0.00 + 0.00)

52th Add (Sname, S, D) : t[34], 102400, 6
Dist : [0, 0, 0, 0, 0, 0, 0, 0, 0, 0, 0, 0, 0, 0, 0, 0, 0, 0, 3, 0, 999, 0, 999, 1, 0, 4, 0, 999, 3, 3, 1, 999, 999, 0, 999, 0, 999, 0, 999, 0, 999, 0, 999, 0, 999, 0, 999, 0, 999, 0, 999, 0, 999, 0, 999, 0, 999, 0, 999, 0, 999, 0, 999, 0, 999, 0, 999, 0, 999, 999, 999, 999, 999, 999, 999, 999]
time : 6.49 (+1.05 = 0.00 + 1.05 + 0.00 + 0.00 + 0.00)

53th Add (Sname, S, D) : t[35], 110592, 7
Dist : [0, 0, 0, 0, 0, 0, 0, 0, 0, 0, 0, 0, 0, 0, 0, 0, 0, 0, 3, 0, 999, 0, 999, 0, 0, 4, 0, 999, 3, 3, 0, 999, 999, 0, 999, 0, 999, 0, 999, 0, 999, 0, 999, 0, 999, 0, 999, 0, 999, 0, 999, 0, 999, 0, 999, 0, 999, 0, 999, 0, 999, 0, 999, 0, 999, 0, 999, 0, 999, 999, 999, 999, 999, 999, 999, 999]
time : 6.49 (+0.00 = 0.00 + 0.00)

54th Add (Sname, S, D) : t[36], 4097, 4
Dist : [0, 0, 0, 0, 0, 0, 0, 0, 0, 0, 0, 0, 0, 0, 0, 0, 0, 0, 2, 0, 999, 0, 999, 0, 0, 4, 0, 999, 3, 2, 0, 999, 999, 0, 999, 0, 999, 0, 999, 0, 999, 0, 999, 0, 999, 0, 999, 0, 999, 0, 999, 0, 999, 0, 999, 0, 999, 0, 999, 0, 999, 0, 999, 0, 999, 0, 999, 0, 999, 999, 999, 999, 999, 999, 999, 999]
time : 8.32 (+1.83 = 0.00 + 1.82 + 0.00 + 0.00 + 0.01)

55th Add (Sname, S, D) : t[37], 6256, 5
Dist : [0, 0, 0, 0, 0, 0, 0, 0, 0, 0, 0, 0, 0, 0, 0, 0, 0, 0, 1, 0, 999, 0, 999, 0, 0, 4, 0, 999, 3, 1, 0, 999, 999, 0, 999, 0, 999, 0, 999, 0, 999, 0, 999, 0, 999, 0, 999, 0, 999, 0, 999, 0, 999, 0, 999, 0, 999, 0, 999, 0, 999, 0, 999, 0, 999, 0, 999, 0, 999, 999, 999, 999, 999, 999, 999, 999]
time : 10.02 (+1.70 = 0.00 + 1.69 + 0.00 + 0.00 + 0.01)

56th Add (Sname, S, D) : t[38], 7024, 6
Dist : [0, 0, 0, 0, 0, 0, 0, 0, 0, 0, 0, 0, 0, 0, 0, 0, 0, 0, 0, 0, 999, 0, 999, 0, 0, 4, 0, 999, 3, 1, 0, 999, 999, 0, 999, 0, 999, 0, 999, 0, 999, 0, 999, 0, 999, 0, 999, 0, 999, 0, 999, 0, 999, 0, 999, 0, 999, 0, 999, 0, 999, 0, 999, 0, 999, 0, 999, 0, 999, 999, 999, 999, 999, 999, 999, 999]
time : 10.02 (+0.00 = 0.00 + 0.00)

57th Add (Sname, S, D) : g[9], 131072, 7
Dist : [0, 0, 0, 0, 0, 0, 0, 0, 0, 0, 0, 0, 0, 0, 0, 0, 0, 0, 0, 0, 4, 0, 1, 0, 0, 4, 0, 999, 3, 1, 0, 999, 999, 0, 999, 0, 999, 0, 999, 0, 999, 0, 999, 0, 999, 0, 999, 0, 999, 0, 999, 0, 999, 0, 999, 0, 999, 0, 999, 0, 999, 0, 999, 0, 999, 0, 999, 0, 999, 999, 999, 999, 999, 999, 999, 999]
time : 10.02 (+0.00 = 0.00 + 0.00)

58th Add (Sname, S, D) : t[39], 231072, 8
Dist : [0, 0, 0, 0, 0, 0, 0, 0, 0, 0, 0, 0, 0, 0, 0, 0, 0, 0, 0, 0, 4, 0, 0, 0, 0, 4, 0, 999, 3, 1, 0, 999, 999, 0, 999, 0, 999, 0, 999, 0, 999, 0, 999, 0, 999, 0, 999, 0, 999, 0, 999, 0, 999, 0, 999, 0, 999, 0, 999, 0, 999, 0, 999, 0, 999, 0, 999, 0, 999, 999, 999, 999, 999, 999, 999, 999]
time : 10.03 (+0.01 = 0.00 + 0.01)

59th Add (Sname, S, D) : g[11], 524288, 9
Dist : [0, 0, 0, 0, 0, 0, 0, 0, 0, 0, 0, 0, 0, 0, 0, 0, 0, 0, 0, 0, 4, 0, 0, 0, 0, 4, 0, 999, 3, 1, 0, 999, 999, 0, 999, 0, 3, 0, 999, 0, 999, 0, 999, 0, 999, 0, 999, 0, 999, 0, 999, 0, 999, 0, 3, 0, 999, 0, 999, 0, 999, 0, 999, 0, 999, 0, 999, 0, 999, 999, 999, 999, 999, 999, 999, 999]
time : 10.04 (+0.01 = 0.00 + 0.01)

60th Add (Sname, S, D) : t[40], 55408, 6
Dist : [0, 0, 0, 0, 0, 0, 0, 0, 0, 0, 0, 0, 0, 0, 0, 0, 0, 0, 0, 0, 4, 0, 0, 0, 0, 4, 0, 999, 3, 0, 0, 999, 999, 0, 999, 0, 2, 0, 999, 0, 999, 0, 999, 0, 999, 0, 999, 0, 999, 0, 999, 0, 999, 0, 2, 0, 999, 0, 999, 0, 999, 0, 999, 0, 999, 0, 999, 0, 999, 999, 999, 999, 999, 999, 999, 999]
time : 10.04 (+0.01 = 0.00 + 0.01)

61th Add (Sname, S, D) : t[41], 92272, 8
Dist : [0, 0, 0, 0, 0, 0, 0, 0, 0, 0, 0, 0, 0, 0, 0, 0, 0, 0, 0, 0, 4, 0, 0, 0, 0, 4, 0, 999, 3, 0, 0, 999, 999, 0, 999, 0, 1, 0, 999, 0, 999, 0, 999, 0, 999, 0, 999, 0, 999, 0, 999, 0, 999, 0, 1, 0, 999, 0, 999, 0, 999, 0, 999, 0, 999, 0, 999, 0, 999, 999, 999, 999, 999, 999, 999, 999]
time : 13.43 (+3.39 = 0.00 + 3.38 + 0.00 + 0.00 + 0.01)

62th Add (Sname, S, D) : t[42], 616560, 10
Dist : [0, 0, 0, 0, 0, 0, 0, 0, 0, 0, 0, 0, 0, 0, 0, 0, 0, 0, 0, 0, 4, 0, 0, 0, 0, 4, 0, 999, 3, 0, 0, 999, 999, 0, 999, 0, 0, 0, 999, 0, 999, 0, 999, 0, 999, 0, 999, 0, 999, 0, 999, 0, 999, 0, 0, 0, 999, 0, 999, 0, 999, 0, 999, 0, 999, 0, 999, 0, 999, 999, 999, 999, 999, 999, 999, 999]
time : 13.44 (+0.01 = 0.00 + 0.01)

63th Add (Sname, S, D) : g[18], 67108864, 11
Dist : [0, 0, 0, 0, 0, 0, 0, 0, 0, 0, 0, 0, 0, 0, 0, 0, 0, 0, 0, 0, 4, 0, 0, 0, 0, 4, 0, 999, 3, 0, 0, 999, 999, 0, 999, 0, 0, 0, 999, 0, 999, 0, 999, 0, 999, 0, 999, 0, 999, 0, 999, 0, 999, 0, 0, 0, 999, 0, 999, 0, 999, 0, 999, 0, 999, 0, 999, 0, 999, 999, 999, 999, 999, 999, 999, 999]
time : 13.46 (+0.02 = 0.00 + 0.02)

64th Add (Sname, S, D) : g[27], 34359738368, 11
Dist : [0, 0, 0, 0, 0, 0, 0, 0, 0, 0, 0, 0, 0, 0, 0, 0, 0, 0, 0, 0, 4, 0, 0, 0, 0, 4, 0, 999, 3, 0, 0, 999, 999, 0, 999, 0, 0, 0, 999, 0, 999, 0, 999, 0, 999, 0, 999, 0, 999, 0, 999, 0, 999, 0, 0, 0, 999, 0, 999, 0, 999, 0, 999, 0, 999, 0, 999, 0, 999, 999, 999, 999, 999, 999, 999, 999]
time : 13.48 (+0.02 = 0.00 + 0.02)

65th Add (Sname, S, D) : t[43], 65792, 5
Dist : [0, 0, 0, 0, 0, 0, 0, 0, 0, 0, 0, 0, 0, 0, 0, 0, 0, 0, 0, 0, 4, 0, 0, 0, 0, 4, 0, 999, 2, 0, 0, 999, 999, 0, 999, 0, 0, 0, 999, 0, 999, 0, 999, 0, 999, 0, 999, 0, 999, 0, 999, 0, 999, 0, 0, 0, 999, 0, 999, 0, 999, 0, 999, 0, 999, 0, 999, 0, 999, 999, 999, 999, 999, 999, 999, 999]
time : 19.38 (+5.90 = 0.00 + 5.89 + 0.00 + 0.00 + 0.01)

66th Add (Sname, S, D) : t[44], 82176, 6
Dist : [0, 0, 0, 0, 0, 0, 0, 0, 0, 0, 0, 0, 0, 0, 0, 0, 0, 0, 0, 0, 4, 0, 0, 0, 0, 4, 0, 999, 1, 0, 0, 999, 999, 0, 999, 0, 0, 0, 999, 0, 999, 0, 999, 0, 999, 0, 999, 0, 999, 0, 999, 0, 999, 0, 0, 0, 999, 0, 999, 0, 999, 0, 999, 0, 999, 0, 999, 0, 999, 999, 999, 999, 999, 999, 999, 999]
time : 26.39 (+7.01 = 0.00 + 6.99 + 0.00 + 0.00 + 0.01)

67th Add (Sname, S, D) : t[45], 83360, 7
Dist : [0, 0, 0, 0, 0, 0, 0, 0, 0, 0, 0, 0, 0, 0, 0, 0, 0, 0, 0, 0, 4, 0, 0, 0, 0, 4, 0, 999, 0, 0, 0, 999, 999, 0, 999, 0, 0, 0, 999, 0, 999, 0, 999, 0, 999, 0, 999, 0, 999, 0, 999, 0, 999, 0, 0, 0, 999, 0, 999, 0, 999, 0, 999, 0, 999, 0, 999, 0, 999, 999, 999, 999, 999, 999, 999, 999]
time : 26.41 (+0.02 = 0.00 + 0.02)

68th Add (Sname, S, D) : g[14], 4194304, 8
Dist : [0, 0, 0, 0, 0, 0, 0, 0, 0, 0, 0, 0, 0, 0, 0, 0, 0, 0, 0, 0, 4, 0, 0, 0, 0, 4, 0, 999, 0, 0, 0, 0, 999, 0, 999, 0, 0, 0, 999, 0, 999, 0, 999, 0, 999, 0, 999, 0, 999, 0, 999, 0, 999, 0, 0, 0, 999, 0, 999, 0, 999, 0, 999, 0, 999, 0, 999, 0, 999, 999, 999, 999, 999, 999, 999, 999]
time : 26.42 (+0.02 = 0.00 + 0.02)

69th Add (Sname, S, D) : g[15], 8388608, 9
Dist : [0, 0, 0, 0, 0, 0, 0, 0, 0, 0, 0, 0, 0, 0, 0, 0, 0, 0, 0, 0, 4, 0, 0, 0, 0, 4, 0, 999, 0, 0, 0, 0, 3, 0, 3, 0, 0, 0, 999, 0, 999, 0, 999, 0, 999, 0, 999, 0, 999, 0, 3, 0, 3, 0, 0, 0, 999, 0, 999, 0, 999, 0, 999, 0, 999, 0, 999, 0, 999, 999, 999, 999, 999, 999, 999, 999]
time : 26.43 (+0.01 = 0.00 + 0.01)

70th Add (Sname, S, D) : t[46], 138096, 8
Dist : [0, 0, 0, 0, 0, 0, 0, 0, 0, 0, 0, 0, 0, 0, 0, 0, 0, 0, 0, 0, 4, 0, 0, 0, 0, 4, 0, 999, 0, 0, 0, 0, 2, 0, 2, 0, 0, 0, 999, 0, 999, 0, 999, 0, 999, 0, 999, 0, 999, 0, 2, 0, 2, 0, 0, 0, 999, 0, 999, 0, 999, 0, 999, 0, 999, 0, 999, 0, 999, 999, 999, 999, 999, 999, 999, 999]
time : 36.86 (+10.42 = 0.00 + 10.40 + 0.00 + 0.00 + 0.01)

71th Add (Sname, S, D) : t[47], 226048, 9
Dist : [0, 0, 0, 0, 0, 0, 0, 0, 0, 0, 0, 0, 0, 0, 0, 0, 0, 0, 0, 0, 4, 0, 0, 0, 0, 4, 0, 999, 0, 0, 0, 0, 2, 0, 1, 0, 0, 0, 999, 0, 999, 0, 999, 0, 999, 0, 999, 0, 999, 0, 2, 0, 1, 0, 0, 0, 999, 0, 999, 0, 999, 0, 999, 0, 999, 0, 999, 0, 999, 999, 999, 999, 999, 999, 999, 999]
time : 48.79 (+11.93 = 0.00 + 11.91 + 0.00 + 0.00 + 0.02)

72th Add (Sname, S, D) : t[48], 8614656, 10
Dist : [0, 0, 0, 0, 0, 0, 0, 0, 0, 0, 0, 0, 0, 0, 0, 0, 0, 0, 0, 0, 4, 0, 0, 0, 0, 4, 0, 999, 0, 0, 0, 0, 1, 0, 0, 0, 0, 0, 999, 0, 999, 0, 999, 0, 999, 0, 999, 0, 999, 0, 1, 0, 0, 0, 0, 0, 999, 0, 999, 0, 999, 0, 999, 0, 999, 0, 999, 0, 999, 999, 999, 999, 999, 999, 999, 999]
time : 48.80 (+0.02 = 0.00 + 0.02)

73th Add (Sname, S, D) : g[17], 33554432, 11
Dist : [0, 0, 0, 0, 0, 0, 0, 0, 0, 0, 0, 0, 0, 0, 0, 0, 0, 0, 0, 0, 4, 0, 0, 0, 0, 4, 0, 999, 0, 0, 0, 0, 1, 0, 0, 0, 0, 0, 999, 0, 999, 0, 999, 0, 999, 0, 999, 0, 999, 0, 1, 0, 0, 0, 0, 0, 999, 0, 999, 0, 999, 0, 999, 0, 999, 0, 999, 0, 999, 999, 999, 999, 999, 999, 999, 999]
time : 48.82 (+0.02 = 0.00 + 0.02)

74th Add (Sname, S, D) : g[26], 17179869184, 11
Dist : [0, 0, 0, 0, 0, 0, 0, 0, 0, 0, 0, 0, 0, 0, 0, 0, 0, 0, 0, 0, 4, 0, 0, 0, 0, 4, 0, 999, 0, 0, 0, 0, 1, 0, 0, 0, 0, 0, 999, 0, 999, 0, 999, 0, 999, 0, 999, 0, 999, 0, 1, 0, 0, 0, 0, 0, 999, 0, 999, 0, 999, 0, 999, 0, 999, 0, 999, 0, 999, 999, 999, 999, 999, 999, 999, 999]
time : 48.84 (+0.02 = 0.00 + 0.02)

75th Add (Sname, S, D) : t[49], 9050992, 11
Dist : [0, 0, 0, 0, 0, 0, 0, 0, 0, 0, 0, 0, 0, 0, 0, 0, 0, 0, 0, 0, 4, 0, 0, 0, 0, 4, 0, 999, 0, 0, 0, 0, 0, 0, 0, 0, 0, 0, 999, 0, 999, 0, 999, 0, 999, 0, 999, 0, 999, 0, 0, 0, 0, 0, 0, 0, 999, 0, 999, 0, 999, 0, 999, 0, 999, 0, 999, 0, 999, 999, 999, 999, 999, 999, 999, 999]
time : 48.86 (+0.02 = 0.00 + 0.02)

76th Add (Sname, S, D) : g[16], 16777216, 12
Dist : [0, 0, 0, 0, 0, 0, 0, 0, 0, 0, 0, 0, 0, 0, 0, 0, 0, 0, 0, 0, 4, 0, 0, 0, 0, 4, 0, 999, 0, 0, 0, 0, 0, 0, 0, 0, 0, 0, 999, 0, 999, 0, 999, 0, 999, 0, 999, 0, 999, 0, 0, 0, 0, 0, 0, 0, 999, 0, 999, 0, 999, 0, 999, 0, 999, 0, 999, 0, 999, 999, 999, 999, 999, 999, 999, 999]
time : 48.89 (+0.03 = 0.00 + 0.03)

77th Add (Sname, S, D) : g[25], 8589934592, 12
Dist : [0, 0, 0, 0, 0, 0, 0, 0, 0, 0, 0, 0, 0, 0, 0, 0, 0, 0, 0, 0, 4, 0, 0, 0, 0, 4, 0, 999, 0, 0, 0, 0, 0, 0, 0, 0, 0, 0, 999, 0, 999, 0, 999, 0, 999, 0, 999, 0, 999, 0, 0, 0, 0, 0, 0, 0, 999, 0, 999, 0, 999, 0, 999, 0, 999, 0, 999, 0, 999, 999, 999, 999, 999, 999, 999, 999]
time : 48.91 (+0.02 = 0.00 + 0.02)

78th Add (Sname, S, D) : t[50], 67697, 5
Dist : [0, 0, 0, 0, 0, 0, 0, 0, 0, 0, 0, 0, 0, 0, 0, 0, 0, 0, 0, 0, 4, 0, 0, 0, 0, 3, 0, 999, 0, 0, 0, 0, 0, 0, 0, 0, 0, 0, 999, 0, 999, 0, 999, 0, 999, 0, 999, 0, 999, 0, 0, 0, 0, 0, 0, 0, 999, 0, 999, 0, 999, 0, 999, 0, 999, 0, 999, 0, 999, 999, 999, 999, 999, 999, 999, 999]
time : 71.40 (+22.49 = 0.00 + 22.46 + 0.00 + 0.00 + 0.03)

79th Add (Sname, S, D) : t[51], 16385, 4
Dist : [0, 0, 0, 0, 0, 0, 0, 0, 0, 0, 0, 0, 0, 0, 0, 0, 0, 0, 0, 0, 4, 0, 0, 0, 0, 2, 0, 999, 0, 0, 0, 0, 0, 0, 0, 0, 0, 0, 999, 0, 999, 0, 999, 0, 999, 0, 999, 0, 999, 0, 0, 0, 0, 0, 0, 0, 999, 0, 999, 0, 999, 0, 999, 0, 999, 0, 999, 0, 999, 999, 999, 999, 999, 999, 999, 999]
time : 97.59 (+26.18 = 0.00 + 26.15 + 0.00 + 0.00 + 0.03)

80th Add (Sname, S, D) : t[52], 24577, 5
Dist : [0, 0, 0, 0, 0, 0, 0, 0, 0, 0, 0, 0, 0, 0, 0, 0, 0, 0, 0, 0, 3, 0, 0, 0, 0, 1, 0, 999, 0, 0, 0, 0, 0, 0, 0, 0, 0, 0, 999, 0, 999, 0, 999, 0, 999, 0, 999, 0, 999, 0, 0, 0, 0, 0, 0, 0, 999, 0, 999, 0, 999, 0, 999, 0, 999, 0, 999, 0, 999, 999, 999, 999, 999, 999, 999, 999]
time : 126.49 (+28.91 = 0.00 + 28.87 + 0.00 + 0.00 + 0.03)

81th Add (Sname, S, D) : t[53], 92272, 6
Dist : [0, 0, 0, 0, 0, 0, 0, 0, 0, 0, 0, 0, 0, 0, 0, 0, 0, 0, 0, 0, 2, 0, 0, 0, 0, 0, 0, 999, 0, 0, 0, 0, 0, 0, 0, 0, 0, 0, 999, 0, 999, 0, 999, 0, 999, 0, 999, 0, 999, 0, 0, 0, 0, 0, 0, 0, 999, 0, 999, 0, 999, 0, 999, 0, 999, 0, 999, 0, 999, 999, 999, 999, 999, 999, 999, 999]
time : 126.53 (+0.03 = 0.00 + 0.03)

82th Add (Sname, S, D) : g[12], 1048576, 7
Dist : [0, 0, 0, 0, 0, 0, 0, 0, 0, 0, 0, 0, 0, 0, 0, 0, 0, 0, 0, 0, 2, 0, 0, 0, 0, 0, 0, 0, 0, 0, 0, 0, 0, 0, 0, 0, 0, 0, 999, 0, 999, 0, 999, 0, 999, 0, 999, 0, 999, 0, 0, 0, 0, 0, 0, 0, 999, 0, 999, 0, 999, 0, 999, 0, 999, 0, 999, 0, 999, 999, 999, 999, 999, 999, 999, 999]
time : 126.55 (+0.02 = 0.00 + 0.02)

83th Add (Sname, S, D) : g[13], 2097152, 8
Dist : [0, 0, 0, 0, 0, 0, 0, 0, 0, 0, 0, 0, 0, 0, 0, 0, 0, 0, 0, 0, 2, 0, 0, 0, 0, 0, 0, 0, 0, 0, 0, 0, 0, 0, 0, 0, 0, 0, 999, 0, 2, 0, 999, 0, 999, 0, 999, 0, 3, 0, 0, 0, 0, 0, 0, 0, 999, 0, 2, 0, 999, 0, 999, 0, 999, 0, 3, 0, 999, 999, 999, 999, 999, 999, 999, 999]
time : 126.58 (+0.03 = 0.00 + 0.03)

84th Add (Sname, S, D) : t[54], 2328224, 9
Dist : [0, 0, 0, 0, 0, 0, 0, 0, 0, 0, 0, 0, 0, 0, 0, 0, 0, 0, 0, 0, 2, 0, 0, 0, 0, 0, 0, 0, 0, 0, 0, 0, 0, 0, 0, 0, 0, 0, 999, 0, 1, 0, 999, 0, 999, 0, 999, 0, 3, 0, 0, 0, 0, 0, 0, 0, 999, 0, 1, 0, 999, 0, 999, 0, 999, 0, 3, 0, 999, 999, 999, 999, 999, 999, 999, 999]
time : 160.56 (+33.99 = 0.00 + 33.95 + 0.00 + 0.00 + 0.03)

85th Add (Sname, S, D) : t[55], 2311584, 10
Dist : [0, 0, 0, 0, 0, 0, 0, 0, 0, 0, 0, 0, 0, 0, 0, 0, 0, 0, 0, 0, 2, 0, 0, 0, 0, 0, 0, 0, 0, 0, 0, 0, 0, 0, 0, 0, 0, 0, 999, 0, 0, 0, 999, 0, 999, 0, 999, 0, 3, 0, 0, 0, 0, 0, 0, 0, 999, 0, 0, 0, 999, 0, 999, 0, 999, 0, 3, 0, 999, 999, 999, 999, 999, 999, 999, 999]
time : 160.60 (+0.04 = 0.00 + 0.04)

86th Add (Sname, S, D) : g[20], 268435456, 11
Dist : [0, 0, 0, 0, 0, 0, 0, 0, 0, 0, 0, 0, 0, 0, 0, 0, 0, 0, 0, 0, 2, 0, 0, 0, 0, 0, 0, 0, 0, 0, 0, 0, 0, 0, 0, 0, 0, 0, 999, 0, 0, 0, 999, 0, 999, 0, 999, 0, 3, 0, 0, 0, 0, 0, 0, 0, 999, 0, 0, 0, 999, 0, 999, 0, 999, 0, 3, 0, 999, 999, 999, 999, 999, 999, 999, 999]
time : 160.63 (+0.03 = 0.00 + 0.03)

87th Add (Sname, S, D) : g[29], 137438953472, 11
Dist : [0, 0, 0, 0, 0, 0, 0, 0, 0, 0, 0, 0, 0, 0, 0, 0, 0, 0, 0, 0, 2, 0, 0, 0, 0, 0, 0, 0, 0, 0, 0, 0, 0, 0, 0, 0, 0, 0, 999, 0, 0, 0, 999, 0, 999, 0, 999, 0, 3, 0, 0, 0, 0, 0, 0, 0, 999, 0, 0, 0, 999, 0, 999, 0, 999, 0, 3, 0, 999, 999, 999, 999, 999, 999, 999, 999]
time : 160.70 (+0.07 = 0.00 + 0.07)

88th Add (Sname, S, D) : t[56], 13984, 8
Dist : [0, 0, 0, 0, 0, 0, 0, 0, 0, 0, 0, 0, 0, 0, 0, 0, 0, 0, 0, 0, 2, 0, 0, 0, 0, 0, 0, 0, 0, 0, 0, 0, 0, 0, 0, 0, 0, 0, 999, 0, 0, 0, 999, 0, 999, 0, 999, 0, 2, 0, 0, 0, 0, 0, 0, 0, 999, 0, 0, 0, 999, 0, 999, 0, 999, 0, 2, 0, 999, 999, 999, 999, 999, 999, 999, 999]
time : 208.46 (+47.76 = 0.00 + 47.71 + 0.00 + 0.00 + 0.04)

89th Add (Sname, S, D) : t[57], 2111136, 9
Dist : [0, 0, 0, 0, 0, 0, 0, 0, 0, 0, 0, 0, 0, 0, 0, 0, 0, 0, 0, 0, 2, 0, 0, 0, 0, 0, 0, 0, 0, 0, 0, 0, 0, 0, 0, 0, 0, 0, 999, 0, 0, 0, 999, 0, 999, 0, 999, 0, 1, 0, 0, 0, 0, 0, 0, 0, 999, 0, 0, 0, 999, 0, 999, 0, 999, 0, 1, 0, 999, 999, 999, 999, 999, 999, 999, 999]
time : 260.59 (+52.13 = 0.00 + 52.08 + 0.00 + 0.00 + 0.04)

90th Add (Sname, S, D) : t[58], 10499744, 10
Dist : [0, 0, 0, 0, 0, 0, 0, 0, 0, 0, 0, 0, 0, 0, 0, 0, 0, 0, 0, 0, 2, 0, 0, 0, 0, 0, 0, 0, 0, 0, 0, 0, 0, 0, 0, 0, 0, 0, 999, 0, 0, 0, 999, 0, 999, 0, 999, 0, 0, 0, 0, 0, 0, 0, 0, 0, 999, 0, 0, 0, 999, 0, 999, 0, 999, 0, 0, 0, 999, 999, 999, 999, 999, 999, 999, 999]
time : 260.63 (+0.04 = 0.00 + 0.04)

91th Add (Sname, S, D) : g[24], 4294967296, 11
Dist : [0, 0, 0, 0, 0, 0, 0, 0, 0, 0, 0, 0, 0, 0, 0, 0, 0, 0, 0, 0, 2, 0, 0, 0, 0, 0, 0, 0, 0, 0, 0, 0, 0, 0, 0, 0, 0, 0, 999, 0, 0, 0, 999, 0, 999, 0, 999, 0, 0, 0, 0, 0, 0, 0, 0, 0, 999, 0, 0, 0, 999, 0, 999, 0, 999, 0, 0, 0, 999, 999, 999, 999, 999, 999, 999, 999]
time : 260.67 (+0.04 = 0.00 + 0.04)

92th Add (Sname, S, D) : g[33], 2199023255552, 11
Dist : [0, 0, 0, 0, 0, 0, 0, 0, 0, 0, 0, 0, 0, 0, 0, 0, 0, 0, 0, 0, 2, 0, 0, 0, 0, 0, 0, 0, 0, 0, 0, 0, 0, 0, 0, 0, 0, 0, 999, 0, 0, 0, 999, 0, 999, 0, 999, 0, 0, 0, 0, 0, 0, 0, 0, 0, 999, 0, 0, 0, 999, 0, 999, 0, 999, 0, 0, 0, 999, 999, 999, 999, 999, 999, 999, 999]
time : 260.72 (+0.05 = 0.00 + 0.05)

93th Add (Sname, S, D) : t[59], 109424, 7
Dist : [0, 0, 0, 0, 0, 0, 0, 0, 0, 0, 0, 0, 0, 0, 0, 0, 0, 0, 0, 0, 1, 0, 0, 0, 0, 0, 0, 0, 0, 0, 0, 0, 0, 0, 0, 0, 0, 0, 999, 0, 0, 0, 999, 0, 999, 0, 999, 0, 0, 0, 0, 0, 0, 0, 0, 0, 999, 0, 0, 0, 999, 0, 999, 0, 999, 0, 0, 0, 999, 999, 999, 999, 999, 999, 999, 999]
time : 330.19 (+69.47 = 0.01 + 69.41 + 0.00 + 0.00 + 0.05)

94th Add (Sname, S, D) : t[60], 240496, 8
Dist : [0, 0, 0, 0, 0, 0, 0, 0, 0, 0, 0, 0, 0, 0, 0, 0, 0, 0, 0, 0, 0, 0, 0, 0, 0, 0, 0, 0, 0, 0, 0, 0, 0, 0, 0, 0, 0, 0, 999, 0, 0, 0, 999, 0, 999, 0, 999, 0, 0, 0, 0, 0, 0, 0, 0, 0, 999, 0, 0, 0, 999, 0, 999, 0, 999, 0, 0, 0, 999, 999, 999, 999, 999, 999, 999, 999]
time : 330.24 (+0.06 = 0.00 + 0.06)

95th Add (Sname, S, D) : g[10], 262144, 9
Dist : [0, 0, 0, 0, 0, 0, 0, 0, 0, 0, 0, 0, 0, 0, 0, 0, 0, 0, 0, 0, 0, 0, 0, 0, 0, 0, 0, 0, 0, 0, 0, 0, 0, 0, 0, 0, 0, 0, 2, 0, 0, 0, 1, 0, 2, 0, 4, 0, 0, 0, 0, 0, 0, 0, 0, 0, 2, 0, 0, 0, 1, 0, 2, 0, 4, 0, 0, 0, 999, 999, 999, 999, 999, 999, 999, 999]
time : 330.29 (+0.05 = 0.00 + 0.05)

96th Add (Sname, S, D) : t[61], 345504, 10
Dist : [0, 0, 0, 0, 0, 0, 0, 0, 0, 0, 0, 0, 0, 0, 0, 0, 0, 0, 0, 0, 0, 0, 0, 0, 0, 0, 0, 0, 0, 0, 0, 0, 0, 0, 0, 0, 0, 0, 2, 0, 0, 0, 0, 0, 1, 0, 4, 0, 0, 0, 0, 0, 0, 0, 0, 0, 2, 0, 0, 0, 0, 0, 1, 0, 4, 0, 0, 0, 999, 999, 999, 999, 999, 999, 999, 999]
time : 330.35 (+0.06 = 0.00 + 0.06)

97th Add (Sname, S, D) : g[21], 536870912, 11
Dist : [0, 0, 0, 0, 0, 0, 0, 0, 0, 0, 0, 0, 0, 0, 0, 0, 0, 0, 0, 0, 0, 0, 0, 0, 0, 0, 0, 0, 0, 0, 0, 0, 0, 0, 0, 0, 0, 0, 2, 0, 0, 0, 0, 0, 1, 0, 4, 0, 0, 0, 0, 0, 0, 0, 0, 0, 2, 0, 0, 0, 0, 0, 1, 0, 4, 0, 0, 0, 999, 999, 999, 999, 999, 999, 999, 999]
time : 330.41 (+0.06 = 0.00 + 0.06)

98th Add (Sname, S, D) : g[30], 274877906944, 11
Dist : [0, 0, 0, 0, 0, 0, 0, 0, 0, 0, 0, 0, 0, 0, 0, 0, 0, 0, 0, 0, 0, 0, 0, 0, 0, 0, 0, 0, 0, 0, 0, 0, 0, 0, 0, 0, 0, 0, 2, 0, 0, 0, 0, 0, 1, 0, 4, 0, 0, 0, 0, 0, 0, 0, 0, 0, 2, 0, 0, 0, 0, 0, 1, 0, 4, 0, 0, 0, 999, 999, 999, 999, 999, 999, 999, 999]
time : 330.47 (+0.06 = 0.00 + 0.06)

99th Add (Sname, S, D) : t[62], 798160, 11
Dist : [0, 0, 0, 0, 0, 0, 0, 0, 0, 0, 0, 0, 0, 0, 0, 0, 0, 0, 0, 0, 0, 0, 0, 0, 0, 0, 0, 0, 0, 0, 0, 0, 0, 0, 0, 0, 0, 0, 2, 0, 0, 0, 0, 0, 0, 0, 4, 0, 0, 0, 0, 0, 0, 0, 0, 0, 2, 0, 0, 0, 0, 0, 0, 0, 4, 0, 0, 0, 999, 999, 999, 999, 999, 999, 999, 999]
time : 330.54 (+0.07 = 0.00 + 0.07)

100th Add (Sname, S, D) : g[22], 1073741824, 12
Dist : [0, 0, 0, 0, 0, 0, 0, 0, 0, 0, 0, 0, 0, 0, 0, 0, 0, 0, 0, 0, 0, 0, 0, 0, 0, 0, 0, 0, 0, 0, 0, 0, 0, 0, 0, 0, 0, 0, 2, 0, 0, 0, 0, 0, 0, 0, 4, 0, 0, 0, 0, 0, 0, 0, 0, 0, 2, 0, 0, 0, 0, 0, 0, 0, 4, 0, 0, 0, 999, 999, 999, 999, 999, 999, 999, 999]
time : 330.66 (+0.12 = 0.00 + 0.12)

101th Add (Sname, S, D) : g[31], 549755813888, 12
Dist : [0, 0, 0, 0, 0, 0, 0, 0, 0, 0, 0, 0, 0, 0, 0, 0, 0, 0, 0, 0, 0, 0, 0, 0, 0, 0, 0, 0, 0, 0, 0, 0, 0, 0, 0, 0, 0, 0, 2, 0, 0, 0, 0, 0, 0, 0, 4, 0, 0, 0, 0, 0, 0, 0, 0, 0, 2, 0, 0, 0, 0, 0, 0, 0, 4, 0, 0, 0, 999, 999, 999, 999, 999, 999, 999, 999]
time : 330.73 (+0.07 = 0.00 + 0.07)

102th Add (Sname, S, D) : t[63], 2228224, 9
Dist : [0, 0, 0, 0, 0, 0, 0, 0, 0, 0, 0, 0, 0, 0, 0, 0, 0, 0, 0, 0, 0, 0, 0, 0, 0, 0, 0, 0, 0, 0, 0, 0, 0, 0, 0, 0, 0, 0, 1, 0, 0, 0, 0, 0, 0, 0, 4, 0, 0, 0, 0, 0, 0, 0, 0, 0, 1, 0, 0, 0, 0, 0, 0, 0, 4, 0, 0, 0, 999, 999, 999, 999, 999, 999, 999, 999]
time : 461.39 (+130.66 = 0.01 + 130.58 + 0.00 + 0.00 + 0.07)

103th Add (Sname, S, D) : t[64], 2490368, 10
Dist : [0, 0, 0, 0, 0, 0, 0, 0, 0, 0, 0, 0, 0, 0, 0, 0, 0, 0, 0, 0, 0, 0, 0, 0, 0, 0, 0, 0, 0, 0, 0, 0, 0, 0, 0, 0, 0, 0, 0, 0, 0, 0, 0, 0, 0, 0, 4, 0, 0, 0, 0, 0, 0, 0, 0, 0, 0, 0, 0, 0, 0, 0, 0, 0, 4, 0, 0, 0, 999, 999, 999, 999, 999, 999, 999, 999]
time : 461.47 (+0.08 = 0.00 + 0.07)

104th Add (Sname, S, D) : g[19], 134217728, 11
Dist : [0, 0, 0, 0, 0, 0, 0, 0, 0, 0, 0, 0, 0, 0, 0, 0, 0, 0, 0, 0, 0, 0, 0, 0, 0, 0, 0, 0, 0, 0, 0, 0, 0, 0, 0, 0, 0, 0, 0, 0, 0, 0, 0, 0, 0, 0, 4, 0, 0, 0, 0, 0, 0, 0, 0, 0, 0, 0, 0, 0, 0, 0, 0, 0, 4, 0, 0, 0, 999, 999, 999, 999, 999, 999, 999, 999]
time : 461.53 (+0.07 = 0.00 + 0.07)

105th Add (Sname, S, D) : g[28], 68719476736, 11
Dist : [0, 0, 0, 0, 0, 0, 0, 0, 0, 0, 0, 0, 0, 0, 0, 0, 0, 0, 0, 0, 0, 0, 0, 0, 0, 0, 0, 0, 0, 0, 0, 0, 0, 0, 0, 0, 0, 0, 0, 0, 0, 0, 0, 0, 0, 0, 4, 0, 0, 0, 0, 0, 0, 0, 0, 0, 0, 0, 0, 0, 0, 0, 0, 0, 4, 0, 0, 0, 999, 999, 999, 999, 999, 7, 999, 999]
time : 463.75 (+2.21 = 0.00 + 2.21)

106th Add (Sname, S, D) : t[65], 786432, 10
Dist : [0, 0, 0, 0, 0, 0, 0, 0, 0, 0, 0, 0, 0, 0, 0, 0, 0, 0, 0, 0, 0, 0, 0, 0, 0, 0, 0, 0, 0, 0, 0, 0, 0, 0, 0, 0, 0, 0, 0, 0, 0, 0, 0, 0, 0, 0, 3, 0, 0, 0, 0, 0, 0, 0, 0, 0, 0, 0, 0, 0, 0, 0, 0, 0, 3, 0, 0, 0, 999, 999, 999, 999, 999, 7, 999, 999]
time : 972.00 (+508.25 = 0.01 + 508.05 + 0.00 + 0.00 + 0.20)

107th Add (Sname, S, D) : t[66], 2104176, 9
Dist : [0, 0, 0, 0, 0, 0, 0, 0, 0, 0, 0, 0, 0, 0, 0, 0, 0, 0, 0, 0, 0, 0, 0, 0, 0, 0, 0, 0, 0, 0, 0, 0, 0, 0, 0, 0, 0, 0, 0, 0, 0, 0, 0, 0, 0, 0, 2, 0, 0, 0, 0, 0, 0, 0, 0, 0, 0, 0, 0, 0, 0, 0, 0, 0, 2, 0, 0, 0, 999, 999, 999, 999, 999, 7, 999, 999]
time : 1521.04 (+549.04 = 0.01 + 548.85 + 0.00 + 0.00 + 0.18)

108th Add (Sname, S, D) : t[67], 10492784, 10
Dist : [0, 0, 0, 0, 0, 0, 0, 0, 0, 0, 0, 0, 0, 0, 0, 0, 0, 0, 0, 0, 0, 0, 0, 0, 0, 0, 0, 0, 0, 0, 0, 0, 0, 0, 0, 0, 0, 0, 0, 0, 0, 0, 0, 0, 0, 0, 1, 0, 0, 0, 0, 0, 0, 0, 0, 0, 0, 0, 0, 0, 0, 0, 0, 0, 1, 0, 0, 0, 999, 999, 999, 999, 999, 7, 999, 999]
time : 2078.60 (+557.57 = 0.01 + 557.37 + 0.00 + 0.00 + 0.18)

109th Add (Sname, S, D) : t[68], 11279216, 11
Dist : [0, 0, 0, 0, 0, 0, 0, 0, 0, 0, 0, 0, 0, 0, 0, 0, 0, 0, 0, 0, 0, 0, 0, 0, 0, 0, 0, 0, 0, 0, 0, 0, 0, 0, 0, 0, 0, 0, 0, 0, 0, 0, 0, 0, 0, 0, 0, 0, 0, 0, 0, 0, 0, 0, 0, 0, 0, 0, 0, 0, 0, 0, 0, 0, 0, 0, 0, 0, 999, 999, 999, 999, 999, 7, 999, 999]
time : 2078.79 (+0.19 = 0.00 + 0.19)

110th Add (Sname, S, D) : g[23], 2147483648, 12
Dist : [0, 0, 0, 0, 0, 0, 0, 0, 0, 0, 0, 0, 0, 0, 0, 0, 0, 0, 0, 0, 0, 0, 0, 0, 0, 0, 0, 0, 0, 0, 0, 0, 0, 0, 0, 0, 0, 0, 0, 0, 0, 0, 0, 0, 0, 0, 0, 0, 0, 0, 0, 0, 0, 0, 0, 0, 0, 0, 0, 0, 0, 0, 0, 0, 0, 0, 0, 0, 999, 999, 999, 999, 999, 7, 999, 999]
time : 2078.98 (+0.18 = 0.00 + 0.18)

111th Add (Sname, S, D) : g[32], 1099511627776, 12
Dist : [0, 0, 0, 0, 0, 0, 0, 0, 0, 0, 0, 0, 0, 0, 0, 0, 0, 0, 0, 0, 0, 0, 0, 0, 0, 0, 0, 0, 0, 0, 0, 0, 0, 0, 0, 0, 0, 0, 0, 0, 0, 0, 0, 0, 0, 0, 0, 0, 0, 0, 0, 0, 0, 0, 0, 0, 0, 0, 0, 0, 0, 0, 0, 0, 0, 0, 0, 0, 7, 7, 999, 7, 7, 7, 7, 7]
time : 2096.86 (+17.88 = 0.00 + 17.88)

112th Add (Sname, S, D) : t[69], 1649267441664, 13
Dist : [0, 0, 0, 0, 0, 0, 0, 0, 0, 0, 0, 0, 0, 0, 0, 0, 0, 0, 0, 0, 0, 0, 0, 0, 0, 0, 0, 0, 0, 0, 0, 0, 0, 0, 0, 0, 0, 0, 0, 0, 0, 0, 0, 0, 0, 0, 0, 0, 0, 0, 0, 0, 0, 0, 0, 0, 0, 0, 0, 0, 0, 0, 0, 0, 0, 0, 0, 0, 6, 6, 999, 6, 6, 7, 6, 6]
time : 5494.88 (+3398.02 = 0.01 + 3394.25 + 0.00 + 0.00 + 3.76)

113th Add (Sname, S, D) : t[70], 1649535877120, 14
Dist : [0, 0, 0, 0, 0, 0, 0, 0, 0, 0, 0, 0, 0, 0, 0, 0, 0, 0, 0, 0, 0, 0, 0, 0, 0, 0, 0, 0, 0, 0, 0, 0, 0, 0, 0, 0, 0, 0, 0, 0, 0, 0, 0, 0, 0, 0, 0, 0, 0, 0, 0, 0, 0, 0, 0, 0, 0, 0, 0, 0, 0, 0, 0, 0, 0, 0, 0, 0, 6, 5, 999, 5, 5, 7, 6, 5]
time : 6344.31 (+849.43 = 0.01 + 846.18 + 0.00 + 0.00 + 3.24)

114th Add (Sname, S, D) : t[71], 25769803776, 13
Dist : [0, 0, 0, 0, 0, 0, 0, 0, 0, 0, 0, 0, 0, 0, 0, 0, 0, 0, 0, 0, 0, 0, 0, 0, 0, 0, 0, 0, 0, 0, 0, 0, 0, 0, 0, 0, 0, 0, 0, 0, 0, 0, 0, 0, 0, 0, 0, 0, 0, 0, 0, 0, 0, 0, 0, 0, 0, 0, 0, 0, 0, 0, 0, 0, 0, 0, 0, 0, 6, 5, 999, 4, 4, 7, 5, 5]
time : 7157.99 (+813.68 = 0.01 + 810.20 + 0.00 + 0.00 + 3.46)

115th Add (Sname, S, D) : t[72], 3221225472, 13
Dist : [0, 0, 0, 0, 0, 0, 0, 0, 0, 0, 0, 0, 0, 0, 0, 0, 0, 0, 0, 0, 0, 0, 0, 0, 0, 0, 0, 0, 0, 0, 0, 0, 0, 0, 0, 0, 0, 0, 0, 0, 0, 0, 0, 0, 0, 0, 0, 0, 0, 0, 0, 0, 0, 0, 0, 0, 0, 0, 0, 0, 0, 0, 0, 0, 0, 0, 0, 0, 6, 5, 999, 4, 4, 7, 4, 4]
time : 8006.40 (+848.41 = 0.01 + 845.01 + 0.00 + 0.00 + 3.39)

116th Add (Sname, S, D) : t[73], 1652488667136, 14
Dist : [0, 0, 0, 0, 0, 0, 0, 0, 0, 0, 0, 0, 0, 0, 0, 0, 0, 0, 0, 0, 0, 0, 0, 0, 0, 0, 0, 0, 0, 0, 0, 0, 0, 0, 0, 0, 0, 0, 0, 0, 0, 0, 0, 0, 0, 0, 0, 0, 0, 0, 0, 0, 0, 0, 0, 0, 0, 0, 0, 0, 0, 0, 0, 0, 0, 0, 0, 0, 6, 5, 999, 4, 4, 7, 3, 3]
time : 8904.93 (+898.53 = 0.01 + 895.25 + 0.00 + 0.00 + 3.27)

117th Add (Sname, S, D) : t[74], 603979776, 12
Dist : [0, 0, 0, 0, 0, 0, 0, 0, 0, 0, 0, 0, 0, 0, 0, 0, 0, 0, 0, 0, 0, 0, 0, 0, 0, 0, 0, 0, 0, 0, 0, 0, 0, 0, 0, 0, 0, 0, 0, 0, 0, 0, 0, 0, 0, 0, 0, 0, 0, 0, 0, 0, 0, 0, 0, 0, 0, 0, 0, 0, 0, 0, 0, 0, 0, 0, 0, 0, 5, 5, 999, 3, 4, 7, 3, 3]
time : 9778.96 (+874.03 = 0.01 + 870.97 + 0.00 + 0.00 + 3.05)

118th Add (Sname, S, D) : t[75], 206158430208, 12
Dist : [0, 0, 0, 0, 0, 0, 0, 0, 0, 0, 0, 0, 0, 0, 0, 0, 0, 0, 0, 0, 0, 0, 0, 0, 0, 0, 0, 0, 0, 0, 0, 0, 0, 0, 0, 0, 0, 0, 0, 0, 0, 0, 0, 0, 0, 0, 0, 0, 0, 0, 0, 0, 0, 0, 0, 0, 0, 0, 0, 0, 0, 0, 0, 0, 0, 0, 0, 0, 4, 4, 999, 3, 4, 7, 3, 3]
time : 10636.85 (+857.89 = 0.01 + 854.69 + 0.00 + 0.00 + 3.19)

119th Add (Sname, S, D) : t[76], 402653184, 12
Dist : [0, 0, 0, 0, 0, 0, 0, 0, 0, 0, 0, 0, 0, 0, 0, 0, 0, 0, 0, 0, 0, 0, 0, 0, 0, 0, 0, 0, 0, 0, 0, 0, 0, 0, 0, 0, 0, 0, 0, 0, 0, 0, 0, 0, 0, 0, 0, 0, 0, 0, 0, 0, 0, 0, 0, 0, 0, 0, 0, 0, 0, 0, 0, 0, 0, 0, 0, 0, 4, 4, 999, 3, 4, 7, 3, 2]
time : 11531.39 (+894.55 = 0.01 + 891.23 + 0.00 + 0.00 + 3.31)

120th Add (Sname, S, D) : t[77], 26172456960, 14
Dist : [0, 0, 0, 0, 0, 0, 0, 0, 0, 0, 0, 0, 0, 0, 0, 0, 0, 0, 0, 0, 0, 0, 0, 0, 0, 0, 0, 0, 0, 0, 0, 0, 0, 0, 0, 0, 0, 0, 0, 0, 0, 0, 0, 0, 0, 0, 0, 0, 0, 0, 0, 0, 0, 0, 0, 0, 0, 0, 0, 0, 0, 0, 0, 0, 0, 0, 0, 0, 4, 4, 999, 3, 3, 7, 3, 1]
time : 12476.91 (+945.52 = 0.01 + 942.09 + 0.00 + 0.00 + 3.42)

121th Add (Sname, S, D) : t[78], 1678661124096, 15
Dist : [0, 0, 0, 0, 0, 0, 0, 0, 0, 0, 0, 0, 0, 0, 0, 0, 0, 0, 0, 0, 0, 0, 0, 0, 0, 0, 0, 0, 0, 0, 0, 0, 0, 0, 0, 0, 0, 0, 0, 0, 0, 0, 0, 0, 0, 0, 0, 0, 0, 0, 0, 0, 0, 0, 0, 0, 0, 0, 0, 0, 0, 0, 0, 0, 0, 0, 0, 0, 4, 4, 999, 3, 3, 7, 3, 0]
time : 12480.48 (+3.57 = 0.00 + 3.57)

122th Add (Sname, S, D) : t[79], 50331648, 13
Dist : [0, 0, 0, 0, 0, 0, 0, 0, 0, 0, 0, 0, 0, 0, 0, 0, 0, 0, 0, 0, 0, 0, 0, 0, 0, 0, 0, 0, 0, 0, 0, 0, 0, 0, 0, 0, 0, 0, 0, 0, 0, 0, 0, 0, 0, 0, 0, 0, 0, 0, 0, 0, 0, 0, 0, 0, 0, 0, 0, 0, 0, 0, 0, 0, 0, 0, 0, 0, 4, 4, 999, 3, 2, 7, 2, 0]
time : 13469.03 (+988.54 = 0.01 + 984.87 + 0.00 + 0.00 + 3.66)

123th Add (Sname, S, D) : t[80], 25820135424, 14
Dist : [0, 0, 0, 0, 0, 0, 0, 0, 0, 0, 0, 0, 0, 0, 0, 0, 0, 0, 0, 0, 0, 0, 0, 0, 0, 0, 0, 0, 0, 0, 0, 0, 0, 0, 0, 0, 0, 0, 0, 0, 0, 0, 0, 0, 0, 0, 0, 0, 0, 0, 0, 0, 0, 0, 0, 0, 0, 0, 0, 0, 0, 0, 0, 0, 0, 0, 0, 0, 4, 4, 999, 3, 2, 7, 1, 0]
time : 14505.74 (+1036.72 = 0.01 + 1032.88 + 0.00 + 0.00 + 3.83)

124th Add (Sname, S, D) : t[81], 1678308802560, 15
Dist : [0, 0, 0, 0, 0, 0, 0, 0, 0, 0, 0, 0, 0, 0, 0, 0, 0, 0, 0, 0, 0, 0, 0, 0, 0, 0, 0, 0, 0, 0, 0, 0, 0, 0, 0, 0, 0, 0, 0, 0, 0, 0, 0, 0, 0, 0, 0, 0, 0, 0, 0, 0, 0, 0, 0, 0, 0, 0, 0, 0, 0, 0, 0, 0, 0, 0, 0, 0, 4, 4, 999, 3, 2, 7, 0, 0]
time : 14509.73 (+3.99 = 0.00 + 3.98)

125th Add (Sname, S, D) : t[82], 1649670094848, 14
Dist : [0, 0, 0, 0, 0, 0, 0, 0, 0, 0, 0, 0, 0, 0, 0, 0, 0, 0, 0, 0, 0, 0, 0, 0, 0, 0, 0, 0, 0, 0, 0, 0, 0, 0, 0, 0, 0, 0, 0, 0, 0, 0, 0, 0, 0, 0, 0, 0, 0, 0, 0, 0, 0, 0, 0, 0, 0, 0, 0, 0, 0, 0, 0, 0, 0, 0, 0, 0, 4, 4, 999, 3, 1, 7, 0, 0]
time : 15590.01 (+1080.28 = 0.01 + 1076.18 + 0.00 + 0.00 + 4.09)

126th Add (Sname, S, D) : t[83], 1675490230272, 15
Dist : [0, 0, 0, 0, 0, 0, 0, 0, 0, 0, 0, 0, 0, 0, 0, 0, 0, 0, 0, 0, 0, 0, 0, 0, 0, 0, 0, 0, 0, 0, 0, 0, 0, 0, 0, 0, 0, 0, 0, 0, 0, 0, 0, 0, 0, 0, 0, 0, 0, 0, 0, 0, 0, 0, 0, 0, 0, 0, 0, 0, 0, 0, 0, 0, 0, 0, 0, 0, 4, 4, 999, 3, 0, 7, 0, 0]
time : 15594.26 (+4.26 = 0.00 + 4.26)

127th Add (Sname, S, D) : t[84], 637534208, 13
Dist : [0, 0, 0, 0, 0, 0, 0, 0, 0, 0, 0, 0, 0, 0, 0, 0, 0, 0, 0, 0, 0, 0, 0, 0, 0, 0, 0, 0, 0, 0, 0, 0, 0, 0, 0, 0, 0, 0, 0, 0, 0, 0, 0, 0, 0, 0, 0, 0, 0, 0, 0, 0, 0, 0, 0, 0, 0, 0, 0, 0, 0, 0, 0, 0, 0, 0, 0, 0, 4, 4, 999, 2, 0, 7, 0, 0]
time : 16731.17 (+1136.91 = 0.01 + 1132.44 + 0.00 + 0.00 + 4.45)

128th Add (Sname, S, D) : t[85], 26407337984, 14
Dist : [0, 0, 0, 0, 0, 0, 0, 0, 0, 0, 0, 0, 0, 0, 0, 0, 0, 0, 0, 0, 0, 0, 0, 0, 0, 0, 0, 0, 0, 0, 0, 0, 0, 0, 0, 0, 0, 0, 0, 0, 0, 0, 0, 0, 0, 0, 0, 0, 0, 0, 0, 0, 0, 0, 0, 0, 0, 0, 0, 0, 0, 0, 0, 0, 0, 0, 0, 0, 4, 4, 999, 1, 0, 7, 0, 0]
time : 17918.85 (+1187.68 = 0.01 + 1183.05 + 0.00 + 0.00 + 4.62)

129th Add (Sname, S, D) : t[86], 1675943215104, 15
Dist : [0, 0, 0, 0, 0, 0, 0, 0, 0, 0, 0, 0, 0, 0, 0, 0, 0, 0, 0, 0, 0, 0, 0, 0, 0, 0, 0, 0, 0, 0, 0, 0, 0, 0, 0, 0, 0, 0, 0, 0, 0, 0, 0, 0, 0, 0, 0, 0, 0, 0, 0, 0, 0, 0, 0, 0, 0, 0, 0, 0, 0, 0, 0, 0, 0, 0, 0, 0, 4, 4, 999, 0, 0, 7, 0, 0]
time : 17926.07 (+7.22 = 0.00 + 7.22)

130th Add (Sname, S, D) : t[87], 206561083392, 13
Dist : [0, 0, 0, 0, 0, 0, 0, 0, 0, 0, 0, 0, 0, 0, 0, 0, 0, 0, 0, 0, 0, 0, 0, 0, 0, 0, 0, 0, 0, 0, 0, 0, 0, 0, 0, 0, 0, 0, 0, 0, 0, 0, 0, 0, 0, 0, 0, 0, 0, 0, 0, 0, 0, 0, 0, 0, 0, 0, 0, 0, 0, 0, 0, 0, 0, 0, 0, 0, 3, 4, 999, 0, 0, 7, 0, 0]
time : 19515.13 (+1589.06 = 0.01 + 1581.59 + 0.00 + 0.00 + 7.45)

131th Add (Sname, S, D) : t[88], 620756992, 13
Dist : [0, 0, 0, 0, 0, 0, 0, 0, 0, 0, 0, 0, 0, 0, 0, 0, 0, 0, 0, 0, 0, 0, 0, 0, 0, 0, 0, 0, 0, 0, 0, 0, 0, 0, 0, 0, 0, 0, 0, 0, 0, 0, 0, 0, 0, 0, 0, 0, 0, 0, 0, 0, 0, 0, 0, 0, 0, 0, 0, 0, 0, 0, 0, 0, 0, 0, 0, 0, 2, 4, 999, 0, 0, 7, 0, 0]
time : 21171.43 (+1656.30 = 0.01 + 1648.64 + 0.00 + 0.00 + 7.65)

132th Add (Sname, S, D) : t[89], 4831838208, 12
Dist : [0, 0, 0, 0, 0, 0, 0, 0, 0, 0, 0, 0, 0, 0, 0, 0, 0, 0, 0, 0, 0, 0, 0, 0, 0, 0, 0, 0, 0, 0, 0, 0, 0, 0, 0, 0, 0, 0, 0, 0, 0, 0, 0, 0, 0, 0, 0, 0, 0, 0, 0, 0, 0, 0, 0, 0, 0, 0, 0, 0, 0, 0, 0, 0, 0, 0, 0, 0, 2, 3, 999, 0, 0, 6, 0, 0]
time : 22900.57 (+1729.14 = 0.01 + 1721.22 + 0.00 + 0.00 + 7.90)

133th Add (Sname, S, D) : t[90], 207181840384, 14
Dist : [0, 0, 0, 0, 0, 0, 0, 0, 0, 0, 0, 0, 0, 0, 0, 0, 0, 0, 0, 0, 0, 0, 0, 0, 0, 0, 0, 0, 0, 0, 0, 0, 0, 0, 0, 0, 0, 0, 0, 0, 0, 0, 0, 0, 0, 0, 0, 0, 0, 0, 0, 0, 0, 0, 0, 0, 0, 0, 0, 0, 0, 0, 0, 0, 0, 0, 0, 0, 1, 3, 999, 0, 0, 6, 0, 0]
time : 23503.30 (+602.74 = 0.01 + 595.08 + 0.00 + 0.00 + 7.65)

134th Add (Sname, S, D) : t[91], 1856180846592, 15
Dist : [0, 0, 0, 0, 0, 0, 0, 0, 0, 0, 0, 0, 0, 0, 0, 0, 0, 0, 0, 0, 0, 0, 0, 0, 0, 0, 0, 0, 0, 0, 0, 0, 0, 0, 0, 0, 0, 0, 0, 0, 0, 0, 0, 0, 0, 0, 0, 0, 0, 0, 0, 0, 0, 0, 0, 0, 0, 0, 0, 0, 0, 0, 0, 0, 0, 0, 0, 0, 0, 3, 999, 0, 0, 6, 0, 0]
time : 23510.75 (+7.45 = 0.00 + 7.45)

135th Add (Sname, S, D) : t[92], 210990268416, 13
Dist : [0, 0, 0, 0, 0, 0, 0, 0, 0, 0, 0, 0, 0, 0, 0, 0, 0, 0, 0, 0, 0, 0, 0, 0, 0, 0, 0, 0, 0, 0, 0, 0, 0, 0, 0, 0, 0, 0, 0, 0, 0, 0, 0, 0, 0, 0, 0, 0, 0, 0, 0, 0, 0, 0, 0, 0, 0, 0, 0, 0, 0, 0, 0, 0, 0, 0, 0, 0, 0, 2, 999, 0, 0, 6, 0, 0]
time : 24132.22 (+621.46 = 0.01 + 613.84 + 0.00 + 0.00 + 7.61)

136th Add (Sname, S, D) : t[93], 213137752064, 14
Dist : [0, 0, 0, 0, 0, 0, 0, 0, 0, 0, 0, 0, 0, 0, 0, 0, 0, 0, 0, 0, 0, 0, 0, 0, 0, 0, 0, 0, 0, 0, 0, 0, 0, 0, 0, 0, 0, 0, 0, 0, 0, 0, 0, 0, 0, 0, 0, 0, 0, 0, 0, 0, 0, 0, 0, 0, 0, 0, 0, 0, 0, 0, 0, 0, 0, 0, 0, 0, 0, 1, 999, 0, 0, 6, 0, 0]
time : 24790.25 (+658.03 = 0.01 + 650.09 + 0.00 + 0.00 + 7.93)

137th Add (Sname, S, D) : t[94], 1862673629184, 15
Dist : [0, 0, 0, 0, 0, 0, 0, 0, 0, 0, 0, 0, 0, 0, 0, 0, 0, 0, 0, 0, 0, 0, 0, 0, 0, 0, 0, 0, 0, 0, 0, 0, 0, 0, 0, 0, 0, 0, 0, 0, 0, 0, 0, 0, 0, 0, 0, 0, 0, 0, 0, 0, 0, 0, 0, 0, 0, 0, 0, 0, 0, 0, 0, 0, 0, 0, 0, 0, 0, 0, 999, 0, 0, 6, 0, 0]
time : 24798.40 (+8.15 = 0.00 + 8.15)

138th Add (Sname, S, D) : t[95], 4378853376, 14
Dist : [0, 0, 0, 0, 0, 0, 0, 0, 0, 0, 0, 0, 0, 0, 0, 0, 0, 0, 0, 0, 0, 0, 0, 0, 0, 0, 0, 0, 0, 0, 0, 0, 0, 0, 0, 0, 0, 0, 0, 0, 0, 0, 0, 0, 0, 0, 0, 0, 0, 0, 0, 0, 0, 0, 0, 0, 0, 0, 0, 0, 0, 0, 0, 0, 0, 0, 0, 0, 0, 0, 999, 0, 0, 5, 0, 0]
time : 25489.25 (+690.86 = 0.01 + 682.63 + 0.00 + 0.00 + 8.21)

139th Add (Sname, S, D) : t[96], 618475290624, 13
Dist : [0, 0, 0, 0, 0, 0, 0, 0, 0, 0, 0, 0, 0, 0, 0, 0, 0, 0, 0, 0, 0, 0, 0, 0, 0, 0, 0, 0, 0, 0, 0, 0, 0, 0, 0, 0, 0, 0, 0, 0, 0, 0, 0, 0, 0, 0, 0, 0, 0, 0, 0, 0, 0, 0, 0, 0, 0, 0, 0, 0, 0, 0, 0, 0, 0, 0, 0, 0, 0, 0, 999, 0, 0, 4, 0, 0]
time : 26172.54 (+683.29 = 0.01 + 674.88 + 0.00 + 0.00 + 8.40)

140th Add (Sname, S, D) : t[97], 2473901162496, 12
Dist : [0, 0, 0, 0, 0, 0, 0, 0, 0, 0, 0, 0, 0, 0, 0, 0, 0, 0, 0, 0, 0, 0, 0, 0, 0, 0, 0, 0, 0, 0, 0, 0, 0, 0, 0, 0, 0, 0, 0, 0, 0, 0, 0, 0, 0, 0, 0, 0, 0, 0, 0, 0, 0, 0, 0, 0, 0, 0, 0, 0, 0, 0, 0, 0, 0, 0, 0, 0, 0, 0, 999, 0, 0, 3, 0, 0]
time : 26897.96 (+725.42 = 0.01 + 716.72 + 0.00 + 0.00 + 8.69)

141th Add (Sname, S, D) : t[98], 2474974904320, 13
Dist : [0, 0, 0, 0, 0, 0, 0, 0, 0, 0, 0, 0, 0, 0, 0, 0, 0, 0, 0, 0, 0, 0, 0, 0, 0, 0, 0, 0, 0, 0, 0, 0, 0, 0, 0, 0, 0, 0, 0, 0, 0, 0, 0, 0, 0, 0, 0, 0, 0, 0, 0, 0, 0, 0, 0, 0, 0, 0, 0, 0, 0, 0, 0, 0, 0, 0, 0, 0, 0, 0, 999, 0, 0, 2, 0, 0]
time : 27703.04 (+805.08 = 0.01 + 796.12 + 0.00 + 0.00 + 8.95)

142th Add (Sname, S, D) : t[99], 3093450194944, 14
Dist : [0, 0, 0, 0, 0, 0, 0, 0, 0, 0, 0, 0, 0, 0, 0, 0, 0, 0, 0, 0, 0, 0, 0, 0, 0, 0, 0, 0, 0, 0, 0, 0, 0, 0, 0, 0, 0, 0, 0, 0, 0, 0, 0, 0, 0, 0, 0, 0, 0, 0, 0, 0, 0, 0, 0, 0, 0, 0, 0, 0, 0, 0, 0, 0, 0, 0, 0, 0, 0, 0, 999, 0, 0, 1, 0, 0]
time : 28574.14 (+871.09 = 0.01 + 861.91 + 0.00 + 0.00 + 9.17)

143th Add (Sname, S, D) : t[100], 3097829048320, 15
Dist : [0, 0, 0, 0, 0, 0, 0, 0, 0, 0, 0, 0, 0, 0, 0, 0, 0, 0, 0, 0, 0, 0, 0, 0, 0, 0, 0, 0, 0, 0, 0, 0, 0, 0, 0, 0, 0, 0, 0, 0, 0, 0, 0, 0, 0, 0, 0, 0, 0, 0, 0, 0, 0, 0, 0, 0, 0, 0, 0, 0, 0, 0, 0, 0, 0, 0, 0, 0, 0, 0, 999, 0, 0, 0, 0, 0]
time : 28583.53 (+9.39 = 0.00 + 9.39)

144th Add (Sname, S, D) : t[101], 201326592, 12
Dist : [0, 0, 0, 0, 0, 0, 0, 0, 0, 0, 0, 0, 0, 0, 0, 0, 0, 0, 0, 0, 0, 0, 0, 0, 0, 0, 0, 0, 0, 0, 0, 0, 0, 0, 0, 0, 0, 0, 0, 0, 0, 0, 0, 0, 0, 0, 0, 0, 0, 0, 0, 0, 0, 0, 0, 0, 0, 0, 0, 0, 0, 0, 0, 0, 0, 0, 0, 0, 0, 0, 999, 0, 0, 0, 0, 0]
time : 28593.31 (+9.78 = 0.00 + 9.78)

145th Add (Sname, S, D) : t[102], 4563402752, 12
Dist : [0, 0, 0, 0, 0, 0, 0, 0, 0, 0, 0, 0, 0, 0, 0, 0, 0, 0, 0, 0, 0, 0, 0, 0, 0, 0, 0, 0, 0, 0, 0, 0, 0, 0, 0, 0, 0, 0, 0, 0, 0, 0, 0, 0, 0, 0, 0, 0, 0, 0, 0, 0, 0, 0, 0, 0, 0, 0, 0, 0, 0, 0, 0, 0, 0, 0, 0, 0, 0, 0, 999, 0, 0, 0, 0, 0]
time : 28603.15 (+9.84 = 0.00 + 9.84)

146th Add (Sname, S, D) : t[103], 51539607552, 12
Dist : [0, 0, 0, 0, 0, 0, 0, 0, 0, 0, 0, 0, 0, 0, 0, 0, 0, 0, 0, 0, 0, 0, 0, 0, 0, 0, 0, 0, 0, 0, 0, 0, 0, 0, 0, 0, 0, 0, 0, 0, 0, 0, 0, 0, 0, 0, 0, 0, 0, 0, 0, 0, 0, 0, 0, 0, 0, 0, 0, 0, 0, 0, 0, 0, 0, 0, 0, 0, 0, 0, 7, 0, 0, 0, 0, 0]
time : 28613.34 (+10.19 = 0.00 + 10.19)

147th Add (Sname, S, D) : t[104], 56103010304, 13
Dist : [0, 0, 0, 0, 0, 0, 0, 0, 0, 0, 0, 0, 0, 0, 0, 0, 0, 0, 0, 0, 0, 0, 0, 0, 0, 0, 0, 0, 0, 0, 0, 0, 0, 0, 0, 0, 0, 0, 0, 0, 0, 0, 0, 0, 0, 0, 0, 0, 0, 0, 0, 0, 0, 0, 0, 0, 0, 0, 0, 0, 0, 0, 0, 0, 0, 0, 0, 0, 0, 0, 6, 0, 0, 0, 0, 0]
time : 31402.57 (+2789.23 = 0.02 + 2788.62 + 0.00 + 0.00 + 0.60)

148th Add (Sname, S, D) : t[105], 2348810240, 13
Dist : [0, 0, 0, 0, 0, 0, 0, 0, 0, 0, 0, 0, 0, 0, 0, 0, 0, 0, 0, 0, 0, 0, 0, 0, 0, 0, 0, 0, 0, 0, 0, 0, 0, 0, 0, 0, 0, 0, 0, 0, 0, 0, 0, 0, 0, 0, 0, 0, 0, 0, 0, 0, 0, 0, 0, 0, 0, 0, 0, 0, 0, 0, 0, 0, 0, 0, 0, 0, 0, 0, 5, 0, 0, 0, 0, 0]
time : 32505.62 (+1103.05 = 0.02 + 1102.68 + 0.00 + 0.00 + 0.35)

149th Add (Sname, S, D) : t[106], 1651616251904, 14
Dist : [0, 0, 0, 0, 0, 0, 0, 0, 0, 0, 0, 0, 0, 0, 0, 0, 0, 0, 0, 0, 0, 0, 0, 0, 0, 0, 0, 0, 0, 0, 0, 0, 0, 0, 0, 0, 0, 0, 0, 0, 0, 0, 0, 0, 0, 0, 0, 0, 0, 0, 0, 0, 0, 0, 0, 0, 0, 0, 0, 0, 0, 0, 0, 0, 0, 0, 0, 0, 0, 0, 4, 0, 0, 0, 0, 0]
time : 33649.95 (+1144.33 = 0.02 + 1143.91 + 0.00 + 0.00 + 0.40)

150th Add (Sname, S, D) : t[107], 343597383680, 12
Dist : [0, 0, 0, 0, 0, 0, 0, 0, 0, 0, 0, 0, 0, 0, 0, 0, 0, 0, 0, 0, 0, 0, 0, 0, 0, 0, 0, 0, 0, 0, 0, 0, 0, 0, 0, 0, 0, 0, 0, 0, 0, 0, 0, 0, 0, 0, 0, 0, 0, 0, 0, 0, 0, 0, 0, 0, 0, 0, 0, 0, 0, 0, 0, 0, 0, 0, 0, 0, 0, 0, 3, 0, 0, 0, 0, 0]
time : 34889.36 (+1239.41 = 0.02 + 1239.01 + 0.00 + 0.00 + 0.39)

151th Add (Sname, S, D) : t[108], 343614160896, 13
Dist : [0, 0, 0, 0, 0, 0, 0, 0, 0, 0, 0, 0, 0, 0, 0, 0, 0, 0, 0, 0, 0, 0, 0, 0, 0, 0, 0, 0, 0, 0, 0, 0, 0, 0, 0, 0, 0, 0, 0, 0, 0, 0, 0, 0, 0, 0, 0, 0, 0, 0, 0, 0, 0, 0, 0, 0, 0, 0, 0, 0, 0, 0, 0, 0, 0, 0, 0, 0, 0, 0, 2, 0, 0, 0, 0, 0]
time : 36184.05 (+1294.69 = 0.02 + 1294.26 + 0.00 + 0.00 + 0.42)

152th Add (Sname, S, D) : t[109], 399717171200, 14
Dist : [0, 0, 0, 0, 0, 0, 0, 0, 0, 0, 0, 0, 0, 0, 0, 0, 0, 0, 0, 0, 0, 0, 0, 0, 0, 0, 0, 0, 0, 0, 0, 0, 0, 0, 0, 0, 0, 0, 0, 0, 0, 0, 0, 0, 0, 0, 0, 0, 0, 0, 0, 0, 0, 0, 0, 0, 0, 0, 0, 0, 0, 0, 0, 0, 0, 0, 0, 0, 0, 0, 1, 0, 0, 0, 0, 0]
time : 37542.60 (+1358.55 = 0.02 + 1358.12 + 0.00 + 0.00 + 0.41)

153th Add (Sname, S, D) : t[110], 2051333423104, 15
Dist : [0, 0, 0, 0, 0, 0, 0, 0, 0, 0, 0, 0, 0, 0, 0, 0, 0, 0, 0, 0, 0, 0, 0, 0, 0, 0, 0, 0, 0, 0, 0, 0, 0, 0, 0, 0, 0, 0, 0, 0, 0, 0, 0, 0, 0, 0, 0, 0, 0, 0, 0, 0, 0, 0, 0, 0, 0, 0, 0, 0, 0, 0, 0, 0, 0, 0, 0, 0, 0, 0, 0, 0, 0, 0, 0, 0]
time : 37543.03 (+0.43 = 0.00 + 0.43)

XOR : 111
Circuit : ['r[5]=x[0]', 'r[37]=x[0]', 'r[8]=x[1]', 't[0]=x[1]^x[7]', 'r[6]=t[0]', 'r[57]=t[0]', 't[1]=x[4]^x[7]', 'r[12]=t[1]', 'r[63]=t[1]', 't[2]=x[2]^x[4]', 'r[14]=t[2]', 'r[65]=t[2]', 't[3]=t[0]^t[2]', 'r[0]=t[3]', 'r[51]=t[3]', 't[4]=x[2]^x[7]', 'r[16]=t[4]', 'r[67]=t[4]', 't[5]=x[2]^x[3]', 't[6]=t[3]^t[5]', 'r[1]=t[6]', 'r[33]=t[6]', 'g[0]=r[0]&r[1]', 't[7]=x[0]^x[6]', 't[8]=x[5]^t[7]', 'r[9]=t[8]', 'r[41]=t[8]', 'g[4]=r[8]|r[9]', 't[9]=x[4]^t[8]', 'r[4]=t[9]', 'r[55]=t[9]', 'g[2]=r[4]&r[5]', 't[10]=x[7]^t[8]', 'r[10]=t[10]', 'r[61]=t[10]', 't[11]=x[1]^t[8]', 'r[59]=t[11]', 't[12]=x[1]^x[5]', 't[13]=t[5]^t[12]', 'r[7]=t[13]', 'r[39]=t[13]', 'g[3]=r[6]&r[7]', 't[14]=t[8]^t[13]', 'r[11]=t[14]', 'r[43]=t[14]', 'g[5]=r[10]&r[11]', 't[15]=t[3]^t[12]', 'r[15]=t[15]', 'r[47]=t[15]', 'g[7]=r[14]&r[15]', 't[16]=t[4]^t[12]', 't[17]=t[7]^t[16]', 'r[2]=t[17]', 'r[53]=t[17]', 't[18]=x[1]^x[6]', 't[19]=t[5]^t[18]', 'r[13]=t[19]', 'r[45]=t[19]', 'g[6]=r[12]|r[13]', 't[20]=x[0]^t[5]', 't[21]=t[3]^t[20]', 'r[3]=t[21]', 'r[35]=t[21]', 'g[1]=r[2]&r[3]', 't[22]=g[7]^g[6]', 't[23]=g[0]^g[1]', 't[24]=t[22]^t[23]', 'r[19]=t[24]', 'r[24]=t[24]', 't[25]=t[1]^t[12]', 't[26]=x[3]^x[6]', 't[27]=t[25]^t[26]', 'r[17]=t[27]', 'r[49]=t[27]', 'g[8]=r[16]&r[17]', 't[28]=g[7]^g[8]', 't[29]=g[2]^t[15]', 't[30]=t[2]^t[29]', 't[31]=t[9]^g[3]', 't[32]=g[1]^t[28]', 't[33]=t[30]^t[32]', 'r[21]=t[33]', 'r[26]=t[33]', 't[34]=g[4]^t[28]', 't[35]=g[5]^t[34]', 'r[23]=t[35]', 'r[30]=t[35]', 't[36]=x[0]^g[4]', 't[37]=t[31]^t[36]', 't[38]=t[23]^t[37]', 'r[18]=t[38]', 'g[9]=r[18]&r[19]', 't[39]=t[33]^g[9]', 'r[22]=t[39]', 'g[11]=r[22]&r[23]', 't[40]=t[22]^t[37]', 'r[29]=t[40]', 't[53]=t[35]^t[40]', 'r[25]=t[53]', 't[42]=g[11]^t[53]', 'r[36]=t[42]', 'r[54]=t[42]', 'g[18]=r[36]&r[37]', 'g[27]=r[54]&r[55]', 't[43]=g[0]^g[8]', 't[44]=g[6]^t[43]', 't[45]=t[30]^t[44]', 'r[28]=t[45]', 'g[14]=r[28]&r[29]', 'r[31]=g[14]', 'g[15]=r[30]&r[31]', 't[46]=t[38]^g[9]', 't[47]=t[53]^t[46]', 't[48]=g[15]^t[47]', 'r[34]=t[48]', 'r[52]=t[48]', 'g[17]=r[34]&r[35]', 'g[26]=r[52]&r[53]', 't[49]=t[42]^t[48]', 'r[32]=t[49]', 'r[50]=t[49]', 'g[16]=r[32]&r[33]', 'g[25]=r[50]&r[51]', 't[50]=g[8]^t[31]', 't[51]=x[0]^g[6]', 't[52]=g[5]^t[51]', 't[53]=t[50]^t[52]', 'g[12]=r[24]&r[25]', 'r[27]=g[12]', 'g[13]=r[26]&r[27]', 't[54]=t[39]^g[13]', 't[55]=t[24]^t[54]', 'r[40]=t[55]', 'r[58]=t[55]', 'g[20]=r[40]&r[41]', 'g[29]=r[58]&r[59]', 't[56]=t[33]^t[35]', 't[57]=g[13]^t[56]', 't[58]=g[15]^t[57]', 'r[48]=t[58]', 'r[66]=t[58]', 'g[24]=r[48]&r[49]', 'g[33]=r[66]&r[67]', 't[59]=t[24]^t[53]', 't[60]=g[9]^t[59]', 'r[20]=t[60]', 'g[10]=r[20]&r[21]', 't[61]=t[45]^g[10]', 'r[42]=t[61]', 'r[60]=t[61]', 'g[21]=r[42]&r[43]', 'g[30]=r[60]&r[61]', 't[62]=t[42]^t[61]', 'r[44]=t[62]', 'r[62]=t[62]', 'g[22]=r[44]&r[45]', 'g[31]=r[62]&r[63]', 't[63]=g[9]^g[13]', 't[64]=g[10]^t[63]', 'r[38]=t[64]', 'r[56]=t[64]', 'g[19]=r[38]&r[39]', 'g[28]=r[56]&r[57]', 't[65]=g[11]^g[10]', 't[66]=t[38]^g[13]', 't[67]=g[15]^t[66]', 't[68]=t[65]^t[67]', 'r[46]=t[68]', 'r[64]=t[68]', 'g[23]=r[46]&r[47]', 'g[32]=r[64]&r[65]', 't[69]=g[31]^g[32]', 't[70]=g[20]^t[69]', 't[71]=g[26]^g[25]', 't[72]=g[22]^g[23]', 't[73]=t[69]^t[72]', 't[74]=g[18]^g[21]', 't[75]=g[29]^g[28]', 't[76]=g[20]^g[19]', 't[77]=t[71]^t[76]', 't[78]=t[73]^t[77]', 'y[7]=t[78]', 't[79]=g[17]^g[16]', 't[80]=t[71]^t[79]', 't[81]=t[73]^t[80]', 'y[6]=t[81]^1', 't[82]=t[69]^t[76]', 't[83]=t[80]^t[82]', 'y[4]=t[83]', 't[84]=g[17]^t[74]', 't[85]=t[71]^t[84]', 't[86]=t[70]^t[85]', 'y[3]=t[86]', 't[87]=t[75]^t[76]', 't[88]=g[16]^t[74]', 't[89]=g[24]^g[21]', 't[90]=t[87]^t[88]', 't[91]=t[70]^t[90]', 'y[0]=t[91]^1', 't[92]=t[75]^t[89]', 't[93]=g[23]^t[92]', 't[94]=t[70]^t[93]', 'y[1]=t[94]^1', 't[95]=t[88]^t[89]', 't[96]=g[31]^g[28]', 't[97]=g[33]^g[30]', 't[98]=g[22]^t[97]', 't[99]=t[96]^t[98]', 't[100]=t[95]^t[99]', 'y[5]=t[100]^1', 't[101]=g[18]^g[19]', 't[102]=g[20]^g[24]', 't[103]=g[27]^g[26]', 't[104]=t[102]^t[103]', 't[105]=g[23]^t[101]', 't[106]=t[69]^t[105]', 't[107]=g[30]^g[28]', 't[108]=g[16]^t[107]', 't[109]=t[104]^t[108]', 't[110]=t[106]^t[109]', 'y[2]=t[110]']