n : 8
m : 8
H : 26
Y : [150, 12, 231, 155, 113, 112, 172, 46, 2, 97, 225, 174, 222, 78, 20, 160, 132, 126, 6961, 55481, 99905, 241757, 236912, 142637, 92388, 587156, 345545, 1715501, 1656265, 154, 1179648, 1179803, 738761, 1, 2409382, 46, 2197057, 97, 345545, 345478, 917504, 78, 4032245, 180, 3376705, 250, 1656265, 150, 1179879, 231, 738744, 113, 2409352, 130, 2197026, 99, 345384, 225, 917504, 917648, 4032065, 20, 3376705, 132, 464045557204, 465668752718, 512836732456, 418987328787, 418872557600, 774459459103, 419580315348, 419665626505]
XORs : {'r[0]': ['x[7]', 'x[1]', 'x[4]', 'x[2]'], 'r[1]': ['x[3]', 'x[2]'], 'r[2]': ['x[1]', 'x[7]', 'x[2]', 'x[0]', 'x[6]', 'x[5]'], 'r[3]': ['x[0]', 'x[3]', 'x[7]', 'x[1]', 'x[4]'], 'r[4]': ['x[4]', 'x[0]', 'x[6]', 'x[5]'], 'r[5]': ['x[4]', 'x[6]', 'x[5]'], 'r[6]': ['x[7]', 'x[5]', 'x[3]', 'x[2]'], 'r[7]': ['x[5]', 'x[3]', 'x[1]', 'x[2]'], 'r[8]': ['x[1]'], 'r[9]': ['x[0]', 'x[6]', 'x[5]'], 'r[10]': ['x[7]', 'x[0]', 'x[6]', 'x[5]'], 'r[11]': ['x[3]', 'x[1]', 'x[2]', 'x[7]', 'x[5]'], 'r[12]': ['x[7]', 'x[4]', 'x[6]', 'x[3]', 'x[1]', 'x[2]'], 'r[13]': ['x[6]', 'x[3]', 'x[1]', 'x[2]'], 'r[14]': ['x[4]', 'x[2]'], 'r[15]': ['x[5]', 'x[7]'], 'r[16]': ['x[7]', 'x[2]'], 'r[17]': ['x[6]', 'x[5]', 'x[3]', 'x[1]', 'x[4]', 'x[2]'], 'r[18]': ['g[1]', 'g[0]', 'g[4]', 'g[3]', 'x[0]', 'x[5]', 'x[4]'], 'r[19]': ['g[4]', 'g[3]', 'g[7]', 'g[6]', 'x[7]', 'x[0]', 'x[5]', 'x[3]', 'x[4]'], 'r[20]': ['g[1]', 'g[7]', 'g[2]', 'g[8]', 'x[0]', 'x[6]'], 'r[21]': ['g[9]', 'g[5]', 'g[8]', 'x[6]', 'x[2]', 'g[4]', 'g[7]', 'x[0]', 'x[3]', 'x[4]'], 'r[22]': ['g[9]', 'g[2]', 'g[0]', 'g[8]', 'x[6]', 'g[4]', 'g[3]', 'g[7]', 'x[5]', 'x[4]'], 'r[23]': ['g[5]', 'x[3]', 'x[0]', 'x[2]', 'g[9]', 'g[2]', 'g[0]', 'g[3]', 'x[5]'], 'r[24]': ['g[5]', 'g[3]', 'g[8]', 'g[6]', 'x[5]', 'x[6]', 'x[7]', 'x[2]'], 'r[25]': ['g[11]', 'g[2]', 'g[0]', 'g[6]', 'g[4]', 'g[7]', 'g[5]', 'x[7]', 'x[4]', 'x[2]'], 'r[26]': ['g[10]', 'g[2]', 'g[0]', 'g[8]', 'g[6]', 'x[0]', 'x[6]', 'x[3]', 'x[7]'], 'r[27]': ['g[12]', 'g[9]', 'g[11]', 'g[2]', 'g[0]', 'g[5]', 'x[2]', 'g[3]', 'x[0]', 'x[5]', 'x[3]'], 'r[28]': ['g[12]', 'g[8]', 'g[11]', 'g[2]', 'g[0]', 'g[6]', 'x[0]', 'x[6]', 'x[3]', 'x[7]'], 'r[29]': ['x[3]', 'x[7]', 'x[1]', 'x[4]'], 'r[30]': ['g[12]', 'g[9]'], 'r[31]': ['x[0]', 'x[3]', 'x[7]', 'x[1]', 'x[4]', 'g[12]', 'g[9]'], 'r[32]': ['g[11]', 'g[9]', 'g[2]', 'g[0]', 'g[8]', 'x[6]', 'g[6]', 'x[7]', 'x[0]', 'x[3]'], 'r[33]': ['x[0]'], 'r[34]': ['g[10]', 'g[13]', 'g[1]', 'g[7]', 'g[0]', 'g[6]', 'x[7]', 'x[5]', 'x[1]', 'x[2]'], 'r[35]': ['x[5]', 'x[3]', 'x[1]', 'x[2]'], 'r[36]': ['g[13]', 'g[1]', 'g[7]', 'g[2]', 'g[8]', 'x[0]', 'x[6]'], 'r[37]': ['x[0]', 'x[6]', 'x[5]'], 'r[38]': ['g[10]', 'g[2]', 'g[0]', 'g[8]', 'g[6]', 'x[0]', 'x[6]', 'x[3]', 'x[7]'], 'r[39]': ['x[1]', 'x[2]', 'g[10]', 'g[2]', 'g[0]', 'g[8]', 'g[6]', 'x[7]'], 'r[40]': ['g[10]', 'g[11]', 'g[9]'], 'r[41]': ['x[6]', 'x[3]', 'x[1]', 'x[2]'], 'r[42]': ['g[10]', 'g[13]', 'g[12]', 'g[1]', 'g[8]', 'g[11]', 'g[2]', 'g[7]', 'x[0]', 'x[6]', 'x[2]', 'x[5]', 'x[7]', 'x[4]'], 'r[43]': ['x[2]', 'x[5]', 'x[7]', 'x[4]'], 'r[44]': ['g[13]', 'g[12]', 'g[1]', 'g[9]', 'g[8]', 'g[2]', 'x[6]', 'g[7]', 'x[0]'], 'r[45]': ['x[6]', 'x[5]', 'x[3]', 'x[7]', 'x[1]', 'x[4]'], 'r[46]': ['g[12]', 'g[8]', 'g[11]', 'g[2]', 'g[0]', 'g[6]', 'x[0]', 'x[6]', 'x[3]', 'x[7]'], 'r[47]': ['x[7]', 'x[1]', 'x[4]', 'x[2]'], 'r[48]': ['g[12]', 'g[9]', 'x[1]', 'x[7]', 'x[2]', 'x[0]', 'x[6]', 'x[5]'], 'r[49]': ['x[1]', 'x[7]', 'x[2]', 'x[0]', 'x[6]', 'x[5]'], 'r[50]': ['g[11]', 'g[9]', 'g[2]', 'g[0]', 'g[8]', 'g[6]', 'x[7]', 'x[3]', 'x[4]', 'x[5]'], 'r[51]': ['x[4]', 'x[0]', 'x[6]', 'x[5]'], 'r[52]': ['g[10]', 'g[13]', 'g[1]', 'g[7]', 'g[0]', 'g[6]', 'x[7]', 'x[3]'], 'r[53]': ['x[7]', 'x[1]'], 'r[54]': ['g[13]', 'g[1]', 'g[7]', 'g[2]', 'g[8]', 'x[1]', 'x[5]'], 'r[55]': ['x[1]', 'x[0]', 'x[6]', 'x[5]'], 'r[56]': ['g[10]', 'g[2]', 'g[0]', 'g[8]', 'g[6]', 'x[3]', 'x[5]'], 'r[57]': ['x[7]', 'x[0]', 'x[6]', 'x[5]'], 'r[58]': ['g[10]', 'g[11]', 'g[9]'], 'r[59]': ['x[7]', 'x[4]', 'g[10]', 'g[11]', 'g[9]'], 'r[60]': ['g[10]', 'g[13]', 'g[12]', 'g[1]', 'g[8]', 'g[11]', 'g[2]', 'g[7]', 'x[0]', 'x[6]'], 'r[61]': ['x[4]', 'x[2]'], 'r[62]': ['g[13]', 'g[12]', 'g[1]', 'g[9]', 'g[8]', 'g[2]', 'x[6]', 'g[7]', 'x[0]'], 'r[63]': ['x[7]', 'x[2]'], 'y[7]': ['g[17]', 'g[20]', 'g[21]', 'g[23]', 'g[24]', 'g[18]', 'g[29]', 'g[30]', 'g[0]', 'g[6]', 'g[10]', 'g[8]', 'g[2]', 'x[3]', 'x[7]', 'x[0]'], 'y[1]': ['g[26]', 'g[19]', 'g[27]', 'g[21]', 'g[22]', 'g[18]', 'g[29]', 'g[30]', 'g[0]', 'g[6]', 'g[10]', 'g[8]', 'g[2]', 'x[6]', 'x[3]', 'x[1]', 'x[2]'], 'y[0]': ['g[19]', 'g[27]', 'g[29]', 'g[30]', 'g[16]', 'g[26]', 'g[14]', 'g[17]', 'g[0]', 'g[6]', 'g[10]', 'g[8]', 'g[2]', 'x[4]', 'x[6]', 'x[7]', 'x[2]'], 'y[4]': ['g[14]', 'g[17]', 'g[15]', 'g[23]', 'g[24]', 'g[18]', 'g[29]', 'g[30]', 'x[5]'], 'y[3]': ['g[16]', 'g[19]', 'g[15]', 'g[23]', 'g[24]', 'g[18]', 'g[29]', 'g[30]', 'g[0]', 'g[6]', 'g[10]', 'g[8]', 'g[2]', 'x[4]', 'g[12]', 'g[9]', 'x[1]', 'x[0]'], 'y[2]': ['g[24]', 'g[25]', 'g[28]', 'g[21]', 'g[22]', 'g[18]', 'g[16]', 'g[26]', 'g[14]', 'g[17]', 'g[29]', 'g[30]', 'g[9]', 'g[13]', 'g[12]', 'g[1]', 'g[8]', 'g[2]', 'g[7]', 'x[3]', 'x[5]'], 'y[6]': ['g[14]', 'g[15]', 'g[20]', 'g[21]', 'g[23]', 'g[24]', 'g[29]', 'g[30]', 'g[10]', 'g[13]', 'g[1]', 'g[8]', 'g[11]', 'g[2]', 'g[7]', 'g[9]', 'x[4]', 'x[7]', 'x[2]', 'x[6]'], 'y[5]': ['g[31]', 'g[28]', 'g[20]', 'g[22]', 'g[16]', 'g[26]', 'g[14]', 'g[29]', 'g[13]', 'g[1]', 'g[8]', 'g[2]', 'x[1]', 'g[7]', 'x[3]', 'x[4]', 'x[2]', 'x[0]']}
HY : [12, 1, 11, 11, 13, 13, 10, 10, 0, 9, 11, 11, 12, 12, 1, 1, 1, 11, 14, 14, 18, 18, 16, 16, 18, 18, 20, 20, 21, 21, 23, 23, 20, 0, 22, 10, 22, 9, 20, 22, 20, 12, 22, 22, 22, 22, 21, 12, 20, 11, 19, 13, 22, 1, 22, 22, 20, 11, 20, 20, 22, 1, 22, 1, 26, 26, 26, 26, 26, 26, 26, 26]
sbp_pool_size : 2

Dist : [3, 1, 5, 4, 3, 2, 3, 3, 0, 2, 3, 4, 5, 3, 1, 1, 1, 5, 999, 999, 999, 999, 999, 999, 999, 999, 999, 999, 999, 3, 999, 999, 999, 0, 999, 3, 999, 2, 999, 999, 999, 3, 999, 3, 999, 5, 999, 3, 999, 5, 999, 3, 999, 1, 999, 3, 999, 3, 999, 999, 999, 1, 999, 1, 999, 999, 999, 999, 999, 999, 999, 999]
time : 0.02 (+0.02)

9th Add (Sname, S, D) : t[0], 12, 1
Dist : [3, 0, 5, 4, 3, 2, 2, 2, 0, 2, 3, 3, 4, 2, 1, 1, 1, 4, 999, 999, 999, 999, 999, 999, 999, 999, 999, 999, 999, 3, 999, 999, 999, 0, 999, 2, 999, 2, 999, 999, 999, 2, 999, 3, 999, 5, 999, 3, 999, 5, 999, 3, 999, 1, 999, 3, 999, 3, 999, 999, 999, 1, 999, 1, 999, 999, 999, 999, 999, 999, 999, 999]
time : 0.02 (+0.02 = 0.00 + 0.00)

10th Add (Sname, S, D) : t[1], 20, 1
Dist : [2, 0, 5, 4, 3, 2, 2, 2, 0, 2, 3, 3, 4, 2, 0, 1, 1, 4, 999, 999, 999, 999, 999, 999, 999, 999, 999, 999, 999, 3, 999, 999, 999, 0, 999, 2, 999, 2, 999, 999, 999, 2, 999, 2, 999, 5, 999, 2, 999, 5, 999, 3, 999, 1, 999, 3, 999, 3, 999, 999, 999, 0, 999, 1, 999, 999, 999, 999, 999, 999, 999, 999]
time : 0.02 (+0.00 = 0.00 + 0.00)

11th Add (Sname, S, D) : t[2], 160, 1
Dist : [2, 0, 4, 4, 3, 2, 1, 2, 0, 2, 2, 2, 4, 2, 0, 0, 1, 4, 999, 999, 999, 999, 999, 999, 999, 999, 999, 999, 999, 3, 999, 999, 999, 0, 999, 2, 999, 2, 999, 999, 999, 2, 999, 1, 999, 4, 999, 2, 999, 4, 999, 3, 999, 1, 999, 3, 999, 2, 999, 999, 999, 0, 999, 1, 999, 999, 999, 999, 999, 999, 999, 999]
time : 0.02 (+0.00 = 0.00 + 0.00)

12th Add (Sname, S, D) : g[7], 32768, 2
Dist : [2, 0, 4, 4, 3, 2, 1, 2, 0, 2, 2, 2, 4, 2, 0, 0, 1, 4, 999, 999, 999, 999, 999, 999, 999, 999, 999, 999, 999, 3, 999, 999, 999, 0, 999, 2, 999, 2, 999, 999, 999, 2, 999, 1, 999, 4, 999, 2, 999, 4, 999, 3, 999, 1, 999, 3, 999, 2, 999, 999, 999, 0, 999, 1, 999, 999, 999, 999, 999, 999, 999, 999]
time : 0.02 (+0.00 = 0.00 + 0.00)

13th Add (Sname, S, D) : t[3], 172, 2
Dist : [2, 0, 4, 4, 3, 2, 0, 2, 0, 2, 2, 1, 4, 2, 0, 0, 1, 4, 999, 999, 999, 999, 999, 999, 999, 999, 999, 999, 999, 3, 999, 999, 999, 0, 999, 2, 999, 2, 999, 999, 999, 2, 999, 1, 999, 3, 999, 2, 999, 4, 999, 3, 999, 1, 999, 3, 999, 2, 999, 999, 999, 0, 999, 1, 999, 999, 999, 999, 999, 999, 999, 999]
time : 0.02 (+0.00 = 0.00 + 0.00)

14th Add (Sname, S, D) : t[4], 174, 3
Dist : [2, 0, 3, 3, 3, 2, 0, 1, 0, 2, 2, 0, 3, 2, 0, 0, 1, 3, 999, 999, 999, 999, 999, 999, 999, 999, 999, 999, 999, 2, 999, 999, 999, 0, 999, 1, 999, 2, 999, 999, 999, 2, 999, 1, 999, 2, 999, 2, 999, 3, 999, 3, 999, 1, 999, 3, 999, 2, 999, 999, 999, 0, 999, 1, 999, 999, 999, 999, 999, 999, 999, 999]
time : 0.02 (+0.00 = 0.00 + 0.00)

15th Add (Sname, S, D) : t[5], 46, 4
Dist : [2, 0, 3, 3, 3, 2, 0, 0, 0, 2, 2, 0, 3, 2, 0, 0, 1, 2, 999, 999, 999, 999, 999, 999, 999, 999, 999, 999, 999, 2, 999, 999, 999, 0, 999, 0, 999, 2, 999, 999, 999, 2, 999, 1, 999, 2, 999, 2, 999, 3, 999, 3, 999, 1, 999, 3, 999, 2, 999, 999, 999, 0, 999, 1, 999, 999, 999, 999, 999, 999, 999, 999]
time : 0.02 (+0.00 = 0.00 + 0.00)

16th Add (Sname, S, D) : g[3], 2048, 5
Dist : [2, 0, 3, 3, 3, 2, 0, 0, 0, 2, 2, 0, 3, 2, 0, 0, 1, 2, 999, 999, 999, 999, 999, 999, 999, 999, 999, 999, 999, 2, 999, 999, 999, 0, 999, 0, 999, 2, 999, 999, 999, 2, 999, 1, 999, 2, 999, 2, 999, 3, 999, 3, 999, 1, 999, 3, 999, 2, 999, 999, 999, 0, 999, 1, 999, 999, 999, 999, 999, 999, 999, 999]
time : 0.02 (+0.00 = 0.00 + 0.00)

17th Add (Sname, S, D) : t[6], 132, 1
Dist : [2, 0, 3, 3, 3, 2, 0, 0, 0, 2, 2, 0, 3, 2, 0, 0, 0, 2, 999, 999, 999, 999, 999, 999, 999, 999, 999, 999, 999, 2, 999, 999, 999, 0, 999, 0, 999, 2, 999, 999, 999, 2, 999, 1, 999, 2, 999, 2, 999, 3, 999, 3, 999, 1, 999, 3, 999, 2, 999, 999, 999, 0, 999, 0, 999, 999, 999, 999, 999, 999, 999, 999]
time : 0.02 (+0.00 = 0.00 + 0.00)

18th Add (Sname, S, D) : t[7], 180, 2
Dist : [2, 0, 3, 2, 3, 2, 0, 0, 0, 2, 2, 0, 3, 2, 0, 0, 0, 2, 999, 999, 999, 999, 999, 999, 999, 999, 999, 999, 999, 1, 999, 999, 999, 0, 999, 0, 999, 2, 999, 999, 999, 2, 999, 0, 999, 2, 999, 2, 999, 3, 999, 3, 999, 1, 999, 3, 999, 2, 999, 999, 999, 0, 999, 0, 999, 999, 999, 999, 999, 999, 999, 999]
time : 0.02 (+0.00 = 0.00 + 0.00)

19th Add (Sname, S, D) : t[8], 154, 5
Dist : [1, 0, 3, 1, 3, 2, 0, 0, 0, 2, 2, 0, 2, 2, 0, 0, 0, 2, 999, 999, 999, 999, 999, 999, 999, 999, 999, 999, 999, 0, 999, 999, 999, 0, 999, 0, 999, 2, 999, 999, 999, 2, 999, 0, 999, 2, 999, 1, 999, 3, 999, 3, 999, 1, 999, 3, 999, 2, 999, 999, 999, 0, 999, 0, 999, 999, 999, 999, 999, 999, 999, 999]
time : 0.03 (+0.00 = 0.00 + 0.00)

20th Add (Sname, S, D) : t[9], 150, 6
Dist : [0, 0, 3, 1, 3, 2, 0, 0, 0, 2, 2, 0, 2, 2, 0, 0, 0, 2, 999, 999, 999, 999, 999, 999, 999, 999, 999, 999, 999, 0, 999, 999, 999, 0, 999, 0, 999, 2, 999, 999, 999, 2, 999, 0, 999, 2, 999, 0, 999, 3, 999, 3, 999, 1, 999, 3, 999, 2, 999, 999, 999, 0, 999, 0, 999, 999, 999, 999, 999, 999, 999, 999]
time : 0.03 (+0.00 = 0.00 + 0.00)

21th Add (Sname, S, D) : g[0], 256, 7
Dist : [0, 0, 3, 1, 3, 2, 0, 0, 0, 2, 2, 0, 2, 2, 0, 0, 0, 2, 999, 999, 999, 999, 999, 999, 999, 999, 999, 999, 999, 0, 999, 999, 999, 0, 999, 0, 999, 2, 999, 999, 999, 2, 999, 0, 999, 2, 999, 0, 999, 3, 999, 3, 999, 1, 999, 3, 999, 2, 999, 999, 999, 0, 999, 0, 999, 999, 999, 999, 999, 999, 999, 999]
time : 0.03 (+0.00 = 0.00 + 0.00)

22th Add (Sname, S, D) : t[10], 155, 6
Dist : [0, 0, 3, 0, 3, 2, 0, 0, 0, 2, 2, 0, 2, 2, 0, 0, 0, 2, 999, 999, 999, 999, 999, 999, 999, 999, 999, 999, 999, 0, 999, 999, 999, 0, 999, 0, 999, 2, 999, 999, 999, 2, 999, 0, 999, 2, 999, 0, 999, 3, 999, 3, 999, 1, 999, 3, 999, 2, 999, 999, 999, 0, 999, 0, 999, 999, 999, 999, 999, 999, 999, 999]
time : 0.03 (+0.00 = 0.00 + 0.00)

23th Add (Sname, S, D) : t[11], 130, 1
Dist : [0, 0, 3, 0, 3, 2, 0, 0, 0, 2, 2, 0, 2, 2, 0, 0, 0, 2, 999, 999, 999, 999, 999, 999, 999, 999, 999, 999, 999, 0, 999, 999, 999, 0, 999, 0, 999, 2, 999, 999, 999, 2, 999, 0, 999, 2, 999, 0, 999, 3, 999, 3, 999, 0, 999, 3, 999, 2, 999, 999, 999, 0, 999, 0, 999, 999, 999, 999, 999, 999, 999, 999]
time : 0.03 (+0.00 = 0.00 + 0.00)

24th Add (Sname, S, D) : t[12], 96, 1
Dist : [0, 0, 3, 0, 2, 1, 0, 0, 0, 1, 2, 0, 2, 1, 0, 0, 0, 2, 999, 999, 999, 999, 999, 999, 999, 999, 999, 999, 999, 0, 999, 999, 999, 0, 999, 0, 999, 1, 999, 999, 999, 1, 999, 0, 999, 1, 999, 0, 999, 3, 999, 2, 999, 0, 999, 2, 999, 2, 999, 999, 999, 0, 999, 0, 999, 999, 999, 999, 999, 999, 999, 999]
time : 0.05 (+0.02 = 0.00 + 0.02 + 0.00 + 0.00 + 0.00)

25th Add (Sname, S, D) : t[13], 112, 2
Dist : [0, 0, 2, 0, 1, 0, 0, 0, 0, 1, 2, 0, 1, 1, 0, 0, 0, 2, 999, 999, 999, 999, 999, 999, 999, 999, 999, 999, 999, 0, 999, 999, 999, 0, 999, 0, 999, 1, 999, 999, 999, 1, 999, 0, 999, 1, 999, 0, 999, 2, 999, 1, 999, 0, 999, 2, 999, 2, 999, 999, 999, 0, 999, 0, 999, 999, 999, 999, 999, 999, 999, 999]
time : 0.05 (+0.00 = 0.00 + 0.00)

26th Add (Sname, S, D) : t[14], 113, 3
Dist : [0, 0, 1, 0, 0, 0, 0, 0, 0, 1, 2, 0, 1, 1, 0, 0, 0, 2, 999, 999, 999, 999, 999, 999, 999, 999, 999, 999, 999, 0, 999, 999, 999, 0, 999, 0, 999, 1, 999, 999, 999, 1, 999, 0, 999, 1, 999, 0, 999, 1, 999, 0, 999, 0, 999, 2, 999, 2, 999, 999, 999, 0, 999, 0, 999, 999, 999, 999, 999, 999, 999, 999]
time : 0.05 (+0.00 = 0.00 + 0.00)

27th Add (Sname, S, D) : g[2], 1024, 4
Dist : [0, 0, 1, 0, 0, 0, 0, 0, 0, 1, 2, 0, 1, 1, 0, 0, 0, 2, 999, 999, 999, 999, 999, 999, 999, 999, 999, 999, 999, 0, 999, 999, 999, 0, 999, 0, 999, 1, 999, 999, 999, 1, 999, 0, 999, 1, 999, 0, 999, 1, 999, 0, 999, 0, 999, 2, 999, 2, 999, 999, 999, 0, 999, 0, 999, 999, 999, 999, 999, 999, 999, 999]
time : 0.05 (+0.00 = 0.00 + 0.00)

28th Add (Sname, S, D) : t[15], 231, 7
Dist : [0, 0, 0, 0, 0, 0, 0, 0, 0, 1, 2, 0, 1, 1, 0, 0, 0, 2, 999, 999, 999, 999, 999, 999, 999, 999, 999, 999, 999, 0, 999, 999, 999, 0, 999, 0, 999, 1, 999, 999, 999, 1, 999, 0, 999, 1, 999, 0, 999, 0, 999, 0, 999, 0, 999, 1, 999, 2, 999, 999, 999, 0, 999, 0, 999, 999, 999, 999, 999, 999, 999, 999]
time : 0.05 (+0.00 = 0.00 + 0.00)

29th Add (Sname, S, D) : g[1], 512, 8
Dist : [0, 0, 0, 0, 0, 0, 0, 0, 0, 1, 2, 0, 1, 1, 0, 0, 0, 2, 999, 999, 999, 999, 999, 999, 999, 999, 999, 999, 999, 0, 999, 999, 999, 0, 999, 0, 999, 1, 999, 999, 999, 1, 999, 0, 999, 1, 999, 0, 999, 0, 999, 0, 999, 0, 999, 1, 999, 2, 999, 999, 999, 0, 999, 0, 999, 999, 999, 999, 999, 999, 999, 999]
time : 0.05 (+0.00 = 0.00 + 0.00)

30th Add (Sname, S, D) : t[16], 97, 2
Dist : [0, 0, 0, 0, 0, 0, 0, 0, 0, 0, 1, 0, 1, 1, 0, 0, 0, 2, 999, 999, 999, 999, 999, 999, 999, 999, 999, 999, 999, 0, 999, 999, 999, 0, 999, 0, 999, 0, 999, 999, 999, 1, 999, 0, 999, 1, 999, 0, 999, 0, 999, 0, 999, 0, 999, 1, 999, 1, 999, 999, 999, 0, 999, 0, 999, 999, 999, 999, 999, 999, 999, 999]
time : 0.05 (+0.00 = 0.00 + 0.00)

31th Add (Sname, S, D) : g[4], 4096, 3
Dist : [0, 0, 0, 0, 0, 0, 0, 0, 0, 0, 1, 0, 1, 1, 0, 0, 0, 2, 5, 999, 999, 999, 999, 999, 999, 999, 999, 999, 999, 0, 999, 999, 999, 0, 999, 0, 999, 0, 999, 999, 999, 1, 999, 0, 999, 1, 999, 0, 999, 0, 999, 0, 999, 0, 999, 1, 999, 1, 999, 999, 999, 0, 999, 0, 999, 999, 999, 999, 999, 999, 999, 999]
time : 0.05 (+0.00 = 0.00 + 0.00)

32th Add (Sname, S, D) : t[17], 225, 3
Dist : [0, 0, 0, 0, 0, 0, 0, 0, 0, 0, 0, 0, 1, 1, 0, 0, 0, 2, 5, 999, 999, 999, 999, 999, 999, 999, 999, 999, 999, 0, 999, 999, 999, 0, 999, 0, 999, 0, 999, 999, 999, 1, 999, 0, 999, 1, 999, 0, 999, 0, 999, 0, 999, 0, 999, 1, 999, 0, 999, 999, 999, 0, 999, 0, 999, 999, 999, 999, 999, 999, 999, 999]
time : 0.06 (+0.00 = 0.00 + 0.00)

33th Add (Sname, S, D) : g[5], 8192, 4
Dist : [0, 0, 0, 0, 0, 0, 0, 0, 0, 0, 0, 0, 1, 1, 0, 0, 0, 2, 5, 999, 999, 999, 999, 999, 999, 999, 999, 999, 999, 0, 999, 999, 999, 0, 999, 0, 999, 0, 999, 999, 999, 1, 999, 0, 999, 1, 999, 0, 999, 0, 999, 0, 999, 0, 999, 1, 999, 0, 999, 999, 999, 0, 999, 0, 999, 999, 999, 999, 999, 999, 999, 999]
time : 0.06 (+0.00 = 0.00 + 0.00)

34th Add (Sname, S, D) : t[18], 222, 4
Dist : [0, 0, 0, 0, 0, 0, 0, 0, 0, 0, 0, 0, 0, 1, 0, 0, 0, 1, 5, 999, 999, 999, 999, 999, 999, 999, 999, 999, 999, 0, 999, 999, 999, 0, 999, 0, 999, 0, 999, 999, 999, 1, 999, 0, 999, 1, 999, 0, 999, 0, 999, 0, 999, 0, 999, 1, 999, 0, 999, 999, 999, 0, 999, 0, 999, 999, 999, 999, 999, 999, 999, 999]
time : 0.06 (+0.00 = 0.00 + 0.00)

35th Add (Sname, S, D) : t[19], 78, 5
Dist : [0, 0, 0, 0, 0, 0, 0, 0, 0, 0, 0, 0, 0, 0, 0, 0, 0, 1, 5, 999, 999, 999, 999, 999, 999, 999, 999, 999, 999, 0, 999, 999, 999, 0, 999, 0, 999, 0, 999, 999, 999, 0, 999, 0, 999, 1, 999, 0, 999, 0, 999, 0, 999, 0, 999, 1, 999, 0, 999, 999, 999, 0, 999, 0, 999, 999, 999, 999, 999, 999, 999, 999]
time : 0.06 (+0.00 = 0.00 + 0.00)

36th Add (Sname, S, D) : g[6], 16384, 6
Dist : [0, 0, 0, 0, 0, 0, 0, 0, 0, 0, 0, 0, 0, 0, 0, 0, 0, 1, 5, 6, 999, 999, 999, 999, 999, 999, 999, 999, 999, 0, 999, 999, 999, 0, 999, 0, 999, 0, 999, 999, 999, 0, 999, 0, 999, 1, 999, 0, 999, 0, 999, 0, 999, 0, 999, 1, 999, 0, 999, 999, 999, 0, 999, 0, 999, 999, 999, 999, 999, 999, 999, 999]
time : 0.06 (+0.00 = 0.00 + 0.00)

37th Add (Sname, S, D) : t[20], 126, 5
Dist : [0, 0, 0, 0, 0, 0, 0, 0, 0, 0, 0, 0, 0, 0, 0, 0, 0, 0, 5, 6, 999, 999, 999, 999, 999, 999, 999, 999, 999, 0, 999, 999, 999, 0, 999, 0, 999, 0, 999, 999, 999, 0, 999, 0, 999, 1, 999, 0, 999, 0, 999, 0, 999, 0, 999, 1, 999, 0, 999, 999, 999, 0, 999, 0, 999, 999, 999, 999, 999, 999, 999, 999]
time : 0.06 (+0.00 = 0.00 + 0.00)

38th Add (Sname, S, D) : g[8], 65536, 6
Dist : [0, 0, 0, 0, 0, 0, 0, 0, 0, 0, 0, 0, 0, 0, 0, 0, 0, 0, 5, 6, 5, 999, 999, 999, 5, 999, 999, 999, 999, 0, 999, 999, 999, 0, 999, 0, 999, 0, 999, 999, 999, 0, 999, 0, 999, 1, 999, 0, 999, 0, 999, 0, 999, 0, 999, 1, 999, 0, 999, 999, 999, 0, 999, 0, 999, 999, 999, 999, 999, 999, 999, 999]
time : 0.06 (+0.00 = 0.00 + 0.00)

39th Add (Sname, S, D) : t[21], 250, 6
Dist : [0, 0, 0, 0, 0, 0, 0, 0, 0, 0, 0, 0, 0, 0, 0, 0, 0, 0, 5, 6, 5, 999, 999, 999, 5, 999, 999, 999, 999, 0, 999, 999, 999, 0, 999, 0, 999, 0, 999, 999, 999, 0, 999, 0, 999, 0, 999, 0, 999, 0, 999, 0, 999, 0, 999, 1, 999, 0, 999, 999, 999, 0, 999, 0, 999, 999, 999, 999, 999, 999, 999, 999]
time : 0.06 (+0.00 = 0.00 + 0.00)

40th Add (Sname, S, D) : t[22], 99, 3
Dist : [0, 0, 0, 0, 0, 0, 0, 0, 0, 0, 0, 0, 0, 0, 0, 0, 0, 0, 5, 6, 5, 999, 999, 999, 5, 999, 999, 999, 999, 0, 999, 999, 999, 0, 999, 0, 999, 0, 999, 999, 999, 0, 999, 0, 999, 0, 999, 0, 999, 0, 999, 0, 999, 0, 999, 0, 999, 0, 999, 999, 999, 0, 999, 0, 999, 999, 999, 999, 999, 999, 999, 999]
time : 0.07 (+0.00 = 0.00 + 0.00)

41th Add (Sname, S, D) : t[23], 576, 9
Dist : [0, 0, 0, 0, 0, 0, 0, 0, 0, 0, 0, 0, 0, 0, 0, 0, 0, 0, 4, 6, 4, 999, 999, 999, 5, 999, 999, 999, 999, 0, 999, 999, 999, 0, 999, 0, 999, 0, 999, 999, 999, 0, 999, 0, 999, 0, 999, 0, 999, 0, 999, 0, 999, 0, 999, 0, 999, 0, 999, 999, 999, 0, 999, 0, 999, 999, 999, 999, 999, 999, 999, 999]
time : 0.42 (+0.35 = 0.00 + 0.35 + 0.00 + 0.00 + 0.00)

42th Add (Sname, S, D) : t[24], 32769, 3
Dist : [0, 0, 0, 0, 0, 0, 0, 0, 0, 0, 0, 0, 0, 0, 0, 0, 0, 0, 4, 5, 3, 999, 999, 999, 5, 999, 999, 999, 999, 0, 999, 999, 999, 0, 999, 0, 999, 0, 999, 999, 999, 0, 999, 0, 999, 0, 999, 0, 999, 0, 999, 0, 999, 0, 999, 0, 999, 0, 999, 999, 999, 0, 999, 0, 999, 999, 999, 999, 999, 999, 999, 999]
time : 0.83 (+0.40 = 0.00 + 0.40 + 0.00 + 0.00 + 0.00)

43th Add (Sname, S, D) : t[25], 6144, 6
Dist : [0, 0, 0, 0, 0, 0, 0, 0, 0, 0, 0, 0, 0, 0, 0, 0, 0, 0, 3, 4, 3, 999, 999, 999, 5, 999, 999, 999, 999, 0, 999, 999, 999, 0, 999, 0, 999, 0, 999, 999, 999, 0, 999, 0, 999, 0, 999, 0, 999, 0, 999, 0, 999, 0, 999, 0, 999, 0, 999, 999, 999, 0, 999, 0, 999, 999, 999, 999, 999, 999, 999, 999]
time : 1.20 (+0.37 = 0.00 + 0.37 + 0.00 + 0.00 + 0.00)

44th Add (Sname, S, D) : t[26], 6720, 10
Dist : [0, 0, 0, 0, 0, 0, 0, 0, 0, 0, 0, 0, 0, 0, 0, 0, 0, 0, 2, 4, 3, 999, 999, 999, 5, 999, 999, 999, 999, 0, 999, 999, 999, 0, 999, 0, 999, 0, 999, 999, 999, 0, 999, 0, 999, 0, 999, 0, 999, 0, 999, 0, 999, 0, 999, 0, 999, 0, 999, 999, 999, 0, 999, 0, 999, 999, 999, 999, 999, 999, 999, 999]
time : 1.64 (+0.44 = 0.00 + 0.43 + 0.00 + 0.00 + 0.00)

45th Add (Sname, S, D) : t[27], 6976, 11
Dist : [0, 0, 0, 0, 0, 0, 0, 0, 0, 0, 0, 0, 0, 0, 0, 0, 0, 0, 1, 4, 3, 999, 999, 999, 5, 999, 999, 999, 999, 0, 999, 999, 999, 0, 999, 0, 999, 0, 999, 999, 999, 0, 999, 0, 999, 0, 999, 0, 999, 0, 999, 0, 999, 0, 999, 0, 999, 0, 999, 999, 999, 0, 999, 0, 999, 999, 999, 999, 999, 999, 999, 999]
time : 2.14 (+0.50 = 0.00 + 0.50 + 0.00 + 0.00 + 0.00)

46th Add (Sname, S, D) : t[28], 6961, 12
Dist : [0, 0, 0, 0, 0, 0, 0, 0, 0, 0, 0, 0, 0, 0, 0, 0, 0, 0, 0, 4, 3, 999, 999, 999, 5, 999, 999, 999, 999, 0, 999, 999, 999, 0, 999, 0, 999, 0, 999, 999, 999, 0, 999, 0, 999, 0, 999, 0, 999, 0, 999, 0, 999, 0, 999, 0, 999, 0, 999, 999, 999, 0, 999, 0, 999, 999, 999, 999, 999, 999, 999, 999]
time : 2.14 (+0.00 = 0.00 + 0.00)

47th Add (Sname, S, D) : t[29], 33345, 10
Dist : [0, 0, 0, 0, 0, 0, 0, 0, 0, 0, 0, 0, 0, 0, 0, 0, 0, 0, 0, 4, 2, 999, 999, 999, 5, 999, 999, 999, 999, 0, 999, 999, 999, 0, 999, 0, 999, 0, 999, 999, 999, 0, 999, 0, 999, 0, 999, 0, 999, 0, 999, 0, 999, 0, 999, 0, 999, 0, 999, 999, 999, 0, 999, 0, 999, 999, 999, 999, 999, 999, 999, 999]
time : 2.80 (+0.66 = 0.00 + 0.66 + 0.00 + 0.00 + 0.00)

48th Add (Sname, S, D) : t[30], 98881, 11
Dist : [0, 0, 0, 0, 0, 0, 0, 0, 0, 0, 0, 0, 0, 0, 0, 0, 0, 0, 0, 4, 1, 999, 999, 999, 5, 999, 999, 999, 999, 0, 999, 999, 999, 0, 999, 0, 999, 0, 999, 999, 999, 0, 999, 0, 999, 0, 999, 0, 999, 0, 999, 0, 999, 0, 999, 0, 999, 0, 999, 999, 999, 0, 999, 0, 999, 999, 999, 999, 999, 999, 999, 999]
time : 3.54 (+0.74 = 0.00 + 0.74 + 0.00 + 0.00 + 0.00)

49th Add (Sname, S, D) : t[31], 99905, 12
Dist : [0, 0, 0, 0, 0, 0, 0, 0, 0, 0, 0, 0, 0, 0, 0, 0, 0, 0, 0, 4, 0, 999, 999, 999, 5, 999, 999, 999, 999, 0, 999, 999, 999, 0, 999, 0, 999, 0, 999, 999, 999, 0, 999, 0, 999, 0, 999, 0, 999, 0, 999, 0, 999, 0, 999, 0, 999, 0, 999, 999, 999, 0, 999, 0, 999, 999, 999, 999, 999, 999, 999, 999]
time : 3.55 (+0.00 = 0.00 + 0.00)

50th Add (Sname, S, D) : t[32], 49729, 11
Dist : [0, 0, 0, 0, 0, 0, 0, 0, 0, 0, 0, 0, 0, 0, 0, 0, 0, 0, 0, 3, 0, 999, 999, 999, 5, 999, 999, 999, 999, 0, 999, 999, 999, 0, 999, 0, 999, 0, 999, 999, 999, 0, 999, 0, 999, 0, 999, 0, 999, 0, 999, 0, 999, 0, 999, 0, 999, 0, 999, 999, 999, 0, 999, 0, 999, 999, 999, 999, 999, 999, 999, 999]
time : 4.53 (+0.98 = 0.00 + 0.98 + 0.00 + 0.00 + 0.00)

51th Add (Sname, S, D) : t[33], 49879, 12
Dist : [0, 0, 0, 0, 0, 0, 0, 0, 0, 0, 0, 0, 0, 0, 0, 0, 0, 0, 0, 2, 0, 999, 999, 999, 5, 999, 999, 999, 999, 0, 999, 999, 999, 0, 999, 0, 999, 0, 999, 999, 999, 0, 999, 0, 999, 0, 999, 0, 999, 0, 999, 0, 999, 0, 999, 0, 999, 0, 999, 999, 999, 0, 999, 0, 999, 999, 999, 999, 999, 999, 999, 999]
time : 5.69 (+1.16 = 0.00 + 1.16 + 0.00 + 0.00 + 0.00)

52th Add (Sname, S, D) : t[34], 49913, 13
Dist : [0, 0, 0, 0, 0, 0, 0, 0, 0, 0, 0, 0, 0, 0, 0, 0, 0, 0, 0, 1, 0, 999, 999, 999, 5, 999, 999, 999, 999, 0, 999, 999, 999, 0, 999, 0, 999, 0, 999, 999, 999, 0, 999, 0, 999, 0, 999, 0, 999, 0, 999, 0, 999, 0, 999, 0, 999, 0, 999, 999, 999, 0, 999, 0, 999, 999, 999, 999, 999, 999, 999, 999]
time : 6.98 (+1.28 = 0.00 + 1.28 + 0.00 + 0.00 + 0.00)

53th Add (Sname, S, D) : t[35], 55481, 14
Dist : [0, 0, 0, 0, 0, 0, 0, 0, 0, 0, 0, 0, 0, 0, 0, 0, 0, 0, 0, 0, 0, 999, 999, 999, 5, 999, 999, 999, 999, 0, 999, 999, 999, 0, 999, 0, 999, 0, 999, 999, 999, 0, 999, 0, 999, 0, 999, 0, 999, 0, 999, 0, 999, 0, 999, 0, 999, 0, 999, 999, 999, 0, 999, 0, 999, 999, 999, 999, 999, 999, 999, 999]
time : 6.98 (+0.01 = 0.00 + 0.00)

54th Add (Sname, S, D) : g[9], 131072, 15
Dist : [0, 0, 0, 0, 0, 0, 0, 0, 0, 0, 0, 0, 0, 0, 0, 0, 0, 0, 0, 0, 0, 6, 2, 6, 5, 999, 999, 999, 999, 0, 999, 999, 999, 0, 999, 0, 999, 0, 999, 999, 999, 0, 999, 0, 999, 0, 999, 0, 999, 0, 999, 0, 999, 0, 999, 0, 999, 0, 999, 999, 999, 0, 999, 0, 999, 999, 999, 999, 999, 999, 999, 999]
time : 6.99 (+0.01 = 0.00 + 0.01)

55th Add (Sname, S, D) : t[36], 10240, 6
Dist : [0, 0, 0, 0, 0, 0, 0, 0, 0, 0, 0, 0, 0, 0, 0, 0, 0, 0, 0, 0, 0, 5, 2, 5, 4, 999, 999, 999, 999, 0, 999, 999, 999, 0, 999, 0, 999, 0, 999, 999, 999, 0, 999, 0, 999, 0, 999, 0, 999, 0, 999, 0, 999, 0, 999, 0, 999, 0, 999, 999, 999, 0, 999, 0, 999, 999, 999, 999, 999, 999, 999, 999]
time : 9.53 (+2.54 = 0.00 + 2.53 + 0.00 + 0.00 + 0.00)

56th Add (Sname, S, D) : t[37], 10462, 7
Dist : [0, 0, 0, 0, 0, 0, 0, 0, 0, 0, 0, 0, 0, 0, 0, 0, 0, 0, 0, 0, 0, 4, 2, 5, 3, 999, 999, 999, 999, 0, 999, 999, 999, 0, 999, 0, 999, 0, 999, 999, 999, 0, 999, 0, 999, 0, 999, 0, 999, 0, 999, 0, 999, 0, 999, 0, 999, 0, 999, 999, 999, 0, 999, 0, 999, 999, 999, 999, 999, 999, 999, 999]
time : 11.73 (+2.20 = 0.00 + 2.19 + 0.00 + 0.00 + 0.01)

57th Add (Sname, S, D) : t[38], 10332, 8
Dist : [0, 0, 0, 0, 0, 0, 0, 0, 0, 0, 0, 0, 0, 0, 0, 0, 0, 0, 0, 0, 0, 3, 2, 4, 2, 999, 999, 999, 999, 0, 999, 999, 999, 0, 999, 0, 999, 0, 999, 999, 999, 0, 999, 0, 999, 0, 999, 0, 999, 0, 999, 0, 999, 0, 999, 0, 999, 0, 999, 999, 999, 0, 999, 0, 999, 999, 999, 999, 999, 999, 999, 999]
time : 14.13 (+2.40 = 0.00 + 2.39 + 0.00 + 0.00 + 0.01)

58th Add (Sname, S, D) : t[39], 109085, 12
Dist : [0, 0, 0, 0, 0, 0, 0, 0, 0, 0, 0, 0, 0, 0, 0, 0, 0, 0, 0, 0, 0, 2, 2, 4, 1, 999, 999, 999, 999, 0, 999, 999, 999, 0, 999, 0, 999, 0, 999, 999, 999, 0, 999, 0, 999, 0, 999, 0, 999, 0, 999, 0, 999, 0, 999, 0, 999, 0, 999, 999, 999, 0, 999, 0, 999, 999, 999, 999, 999, 999, 999, 999]
time : 16.81 (+2.68 = 0.00 + 2.68 + 0.00 + 0.00 + 0.01)

59th Add (Sname, S, D) : t[40], 92388, 14
Dist : [0, 0, 0, 0, 0, 0, 0, 0, 0, 0, 0, 0, 0, 0, 0, 0, 0, 0, 0, 0, 0, 2, 2, 4, 0, 999, 999, 999, 999, 0, 999, 999, 999, 0, 999, 0, 999, 0, 999, 999, 999, 0, 999, 0, 999, 0, 999, 0, 999, 0, 999, 0, 999, 0, 999, 0, 999, 0, 999, 999, 999, 0, 999, 0, 999, 999, 999, 999, 999, 999, 999, 999]
time : 16.82 (+0.01 = 0.00 + 0.01)

60th Add (Sname, S, D) : t[41], 105840, 13
Dist : [0, 0, 0, 0, 0, 0, 0, 0, 0, 0, 0, 0, 0, 0, 0, 0, 0, 0, 0, 0, 0, 2, 1, 3, 0, 999, 999, 999, 999, 0, 999, 999, 999, 0, 999, 0, 999, 0, 999, 999, 999, 0, 999, 0, 999, 0, 999, 0, 999, 0, 999, 0, 999, 0, 999, 0, 999, 0, 999, 999, 999, 0, 999, 0, 999, 999, 999, 999, 999, 999, 999, 999]
time : 20.10 (+3.28 = 0.00 + 3.27 + 0.00 + 0.00 + 0.01)

61th Add (Sname, S, D) : t[42], 236912, 16
Dist : [0, 0, 0, 0, 0, 0, 0, 0, 0, 0, 0, 0, 0, 0, 0, 0, 0, 0, 0, 0, 0, 2, 0, 3, 0, 999, 999, 999, 999, 0, 999, 999, 999, 0, 999, 0, 999, 0, 999, 999, 999, 0, 999, 0, 999, 0, 999, 0, 999, 0, 999, 0, 999, 0, 999, 0, 999, 0, 999, 999, 999, 0, 999, 0, 999, 999, 999, 999, 999, 999, 999, 999]
time : 20.11 (+0.01 = 0.00 + 0.01)

62th Add (Sname, S, D) : t[43], 110685, 13
Dist : [0, 0, 0, 0, 0, 0, 0, 0, 0, 0, 0, 0, 0, 0, 0, 0, 0, 0, 0, 0, 0, 1, 0, 2, 0, 999, 999, 999, 999, 0, 999, 999, 999, 0, 999, 0, 999, 0, 999, 999, 999, 0, 999, 0, 999, 0, 999, 0, 999, 0, 999, 0, 999, 0, 999, 0, 999, 0, 999, 999, 999, 0, 999, 0, 999, 999, 999, 999, 999, 999, 999, 999]
time : 24.41 (+4.30 = 0.00 + 4.29 + 0.00 + 0.00 + 0.01)

63th Add (Sname, S, D) : t[44], 241757, 16
Dist : [0, 0, 0, 0, 0, 0, 0, 0, 0, 0, 0, 0, 0, 0, 0, 0, 0, 0, 0, 0, 0, 0, 0, 2, 0, 999, 999, 999, 999, 0, 999, 999, 999, 0, 999, 0, 999, 0, 999, 999, 999, 0, 999, 0, 999, 0, 999, 0, 999, 0, 999, 0, 999, 0, 999, 0, 999, 0, 999, 999, 999, 0, 999, 0, 999, 999, 999, 999, 999, 999, 999, 999]
time : 24.41 (+0.01 = 0.00 + 0.01)

64th Add (Sname, S, D) : g[10], 262144, 17
Dist : [0, 0, 0, 0, 0, 0, 0, 0, 0, 0, 0, 0, 0, 0, 0, 0, 0, 0, 0, 0, 0, 0, 0, 2, 0, 999, 2, 999, 999, 0, 999, 999, 999, 0, 999, 0, 999, 0, 2, 4, 999, 0, 999, 0, 999, 0, 999, 0, 999, 0, 999, 0, 999, 0, 999, 0, 3, 0, 999, 999, 999, 0, 999, 0, 999, 999, 999, 999, 999, 999, 999, 999]
time : 24.42 (+0.01 = 0.00 + 0.01)

65th Add (Sname, S, D) : t[45], 317625, 18
Dist : [0, 0, 0, 0, 0, 0, 0, 0, 0, 0, 0, 0, 0, 0, 0, 0, 0, 0, 0, 0, 0, 0, 0, 2, 0, 999, 1, 999, 999, 0, 999, 999, 999, 0, 999, 0, 999, 0, 1, 3, 999, 0, 999, 0, 999, 0, 999, 0, 999, 0, 999, 0, 999, 0, 999, 0, 2, 0, 999, 999, 999, 0, 999, 0, 999, 999, 999, 999, 999, 999, 999, 999]
time : 30.57 (+6.15 = 0.00 + 6.14 + 0.00 + 0.00 + 0.01)

66th Add (Sname, S, D) : t[46], 345545, 19
Dist : [0, 0, 0, 0, 0, 0, 0, 0, 0, 0, 0, 0, 0, 0, 0, 0, 0, 0, 0, 0, 0, 0, 0, 2, 0, 999, 0, 999, 999, 0, 999, 999, 999, 0, 999, 0, 999, 0, 0, 2, 999, 0, 999, 0, 999, 0, 999, 0, 999, 0, 999, 0, 999, 0, 999, 0, 1, 0, 999, 999, 999, 0, 999, 0, 999, 999, 999, 999, 999, 999, 999, 999]
time : 30.59 (+0.01 = 0.00 + 0.01)

67th Add (Sname, S, D) : t[47], 345384, 20
Dist : [0, 0, 0, 0, 0, 0, 0, 0, 0, 0, 0, 0, 0, 0, 0, 0, 0, 0, 0, 0, 0, 0, 0, 2, 0, 999, 0, 999, 999, 0, 999, 999, 999, 0, 999, 0, 999, 0, 0, 1, 999, 0, 999, 0, 999, 0, 999, 0, 999, 0, 999, 0, 999, 0, 999, 0, 0, 0, 999, 999, 999, 0, 999, 0, 999, 999, 999, 999, 999, 999, 999, 999]
time : 30.60 (+0.01 = 0.00 + 0.01)

68th Add (Sname, S, D) : g[28], 68719476736, 21
Dist : [0, 0, 0, 0, 0, 0, 0, 0, 0, 0, 0, 0, 0, 0, 0, 0, 0, 0, 0, 0, 0, 0, 0, 2, 0, 999, 0, 999, 999, 0, 999, 999, 999, 0, 999, 0, 999, 0, 0, 1, 999, 0, 999, 0, 999, 0, 999, 0, 999, 0, 999, 0, 999, 0, 999, 0, 0, 0, 999, 999, 999, 0, 999, 0, 999, 999, 999, 999, 999, 999, 999, 999]
time : 30.61 (+0.01 = 0.00 + 0.01)

69th Add (Sname, S, D) : t[48], 345478, 21
Dist : [0, 0, 0, 0, 0, 0, 0, 0, 0, 0, 0, 0, 0, 0, 0, 0, 0, 0, 0, 0, 0, 0, 0, 2, 0, 999, 0, 999, 999, 0, 999, 999, 999, 0, 999, 0, 999, 0, 0, 0, 999, 0, 999, 0, 999, 0, 999, 0, 999, 0, 999, 0, 999, 0, 999, 0, 0, 0, 999, 999, 999, 0, 999, 0, 999, 999, 999, 999, 999, 999, 999, 999]
time : 30.63 (+0.02 = 0.00 + 0.02)

70th Add (Sname, S, D) : g[19], 134217728, 22
Dist : [0, 0, 0, 0, 0, 0, 0, 0, 0, 0, 0, 0, 0, 0, 0, 0, 0, 0, 0, 0, 0, 0, 0, 2, 0, 999, 0, 999, 999, 0, 999, 999, 999, 0, 999, 0, 999, 0, 0, 0, 999, 0, 999, 0, 999, 0, 999, 0, 999, 0, 999, 0, 999, 0, 999, 0, 0, 0, 999, 999, 999, 0, 999, 0, 999, 999, 999, 999, 999, 999, 999, 999]
time : 30.64 (+0.02 = 0.00 + 0.02)

71th Add (Sname, S, D) : t[49], 11565, 14
Dist : [0, 0, 0, 0, 0, 0, 0, 0, 0, 0, 0, 0, 0, 0, 0, 0, 0, 0, 0, 0, 0, 0, 0, 1, 0, 999, 0, 999, 999, 0, 999, 999, 999, 0, 999, 0, 999, 0, 0, 0, 999, 0, 999, 0, 999, 0, 999, 0, 999, 0, 999, 0, 999, 0, 999, 0, 0, 0, 999, 999, 999, 0, 999, 0, 999, 999, 999, 999, 999, 999, 999, 999]
time : 42.36 (+11.72 = 0.00 + 11.70 + 0.00 + 0.00 + 0.02)

72th Add (Sname, S, D) : t[50], 142637, 16
Dist : [0, 0, 0, 0, 0, 0, 0, 0, 0, 0, 0, 0, 0, 0, 0, 0, 0, 0, 0, 0, 0, 0, 0, 0, 0, 999, 0, 999, 999, 0, 999, 999, 999, 0, 999, 0, 999, 0, 0, 0, 999, 0, 999, 0, 999, 0, 999, 0, 999, 0, 999, 0, 999, 0, 999, 0, 0, 0, 999, 999, 999, 0, 999, 0, 999, 999, 999, 999, 999, 999, 999, 999]
time : 42.38 (+0.02 = 0.00 + 0.02)

73th Add (Sname, S, D) : g[11], 524288, 17
Dist : [0, 0, 0, 0, 0, 0, 0, 0, 0, 0, 0, 0, 0, 0, 0, 0, 0, 0, 0, 0, 0, 0, 0, 0, 0, 2, 0, 999, 999, 0, 999, 999, 2, 0, 999, 0, 999, 0, 0, 0, 2, 0, 999, 0, 999, 0, 999, 0, 999, 0, 3, 0, 999, 0, 999, 0, 0, 0, 2, 4, 999, 0, 999, 0, 999, 999, 999, 999, 999, 999, 999, 999]
time : 42.39 (+0.01 = 0.00 + 0.01)

74th Add (Sname, S, D) : t[51], 655360, 18
Dist : [0, 0, 0, 0, 0, 0, 0, 0, 0, 0, 0, 0, 0, 0, 0, 0, 0, 0, 0, 0, 0, 0, 0, 0, 0, 2, 0, 999, 999, 0, 999, 999, 2, 0, 999, 0, 999, 0, 0, 0, 1, 0, 999, 0, 999, 0, 999, 0, 999, 0, 3, 0, 999, 0, 999, 0, 0, 0, 1, 3, 999, 0, 999, 0, 999, 999, 999, 999, 999, 999, 999, 999]
time : 57.82 (+15.43 = 0.00 + 15.41 + 0.00 + 0.00 + 0.02)

75th Add (Sname, S, D) : t[52], 917504, 19
Dist : [0, 0, 0, 0, 0, 0, 0, 0, 0, 0, 0, 0, 0, 0, 0, 0, 0, 0, 0, 0, 0, 0, 0, 0, 0, 2, 0, 999, 999, 0, 999, 999, 1, 0, 999, 0, 999, 0, 0, 0, 0, 0, 999, 0, 999, 0, 999, 0, 999, 0, 3, 0, 999, 0, 999, 0, 0, 0, 0, 2, 999, 0, 999, 0, 999, 999, 999, 999, 999, 999, 999, 999]
time : 57.84 (+0.02 = 0.00 + 0.02)

76th Add (Sname, S, D) : g[20], 268435456, 20
Dist : [0, 0, 0, 0, 0, 0, 0, 0, 0, 0, 0, 0, 0, 0, 0, 0, 0, 0, 0, 0, 0, 0, 0, 0, 0, 2, 0, 999, 999, 0, 999, 999, 1, 0, 999, 0, 999, 0, 0, 0, 0, 0, 999, 0, 999, 0, 999, 0, 999, 0, 3, 0, 999, 0, 999, 0, 0, 0, 0, 2, 999, 0, 999, 0, 999, 999, 999, 999, 999, 999, 999, 999]
time : 57.86 (+0.02 = 0.00 + 0.02)

77th Add (Sname, S, D) : t[53], 738761, 20
Dist : [0, 0, 0, 0, 0, 0, 0, 0, 0, 0, 0, 0, 0, 0, 0, 0, 0, 0, 0, 0, 0, 0, 0, 0, 0, 2, 0, 999, 999, 0, 999, 999, 0, 0, 999, 0, 999, 0, 0, 0, 0, 0, 999, 0, 999, 0, 999, 0, 999, 0, 3, 0, 999, 0, 999, 0, 0, 0, 0, 2, 999, 0, 999, 0, 999, 999, 999, 999, 999, 999, 999, 999]
time : 57.88 (+0.02 = 0.00 + 0.02)

78th Add (Sname, S, D) : g[16], 16777216, 21
Dist : [0, 0, 0, 0, 0, 0, 0, 0, 0, 0, 0, 0, 0, 0, 0, 0, 0, 0, 0, 0, 0, 0, 0, 0, 0, 2, 0, 999, 999, 0, 999, 999, 0, 0, 999, 0, 999, 0, 0, 0, 0, 0, 999, 0, 999, 0, 999, 0, 999, 0, 3, 0, 999, 0, 999, 0, 0, 0, 0, 2, 999, 0, 999, 0, 999, 999, 999, 999, 999, 999, 999, 999]
time : 57.91 (+0.03 = 0.00 + 0.03)

79th Add (Sname, S, D) : t[54], 62868, 15
Dist : [0, 0, 0, 0, 0, 0, 0, 0, 0, 0, 0, 0, 0, 0, 0, 0, 0, 0, 0, 0, 0, 0, 0, 0, 0, 1, 0, 999, 999, 0, 999, 999, 0, 0, 999, 0, 999, 0, 0, 0, 0, 0, 999, 0, 999, 0, 999, 0, 999, 0, 3, 0, 999, 0, 999, 0, 0, 0, 0, 2, 999, 0, 999, 0, 999, 999, 999, 999, 999, 999, 999, 999]
time : 81.44 (+23.53 = 0.00 + 23.50 + 0.00 + 0.00 + 0.03)

80th Add (Sname, S, D) : t[55], 587156, 18
Dist : [0, 0, 0, 0, 0, 0, 0, 0, 0, 0, 0, 0, 0, 0, 0, 0, 0, 0, 0, 0, 0, 0, 0, 0, 0, 0, 0, 999, 999, 0, 999, 999, 0, 0, 999, 0, 999, 0, 0, 0, 0, 0, 999, 0, 999, 0, 999, 0, 999, 0, 2, 0, 999, 0, 999, 0, 0, 0, 0, 2, 999, 0, 999, 0, 999, 999, 999, 999, 999, 999, 999, 999]
time : 81.47 (+0.03 = 0.00 + 0.03)

81th Add (Sname, S, D) : g[12], 1048576, 19
Dist : [0, 0, 0, 0, 0, 0, 0, 0, 0, 0, 0, 0, 0, 0, 0, 0, 0, 0, 0, 0, 0, 0, 0, 0, 0, 0, 0, 2, 2, 0, 1, 2, 0, 0, 999, 0, 999, 0, 0, 0, 0, 0, 999, 0, 999, 0, 2, 0, 2, 0, 2, 0, 999, 0, 999, 0, 0, 0, 0, 2, 999, 0, 999, 0, 999, 999, 999, 999, 999, 999, 999, 999]
time : 81.49 (+0.02 = 0.00 + 0.02)

82th Add (Sname, S, D) : t[56], 1179648, 20
Dist : [0, 0, 0, 0, 0, 0, 0, 0, 0, 0, 0, 0, 0, 0, 0, 0, 0, 0, 0, 0, 0, 0, 0, 0, 0, 0, 0, 2, 1, 0, 0, 1, 0, 0, 999, 0, 999, 0, 0, 0, 0, 0, 999, 0, 999, 0, 1, 0, 2, 0, 2, 0, 999, 0, 999, 0, 0, 0, 0, 2, 999, 0, 999, 0, 999, 999, 999, 999, 999, 999, 999, 999]
time : 81.52 (+0.03 = 0.00 + 0.03)

83th Add (Sname, S, D) : t[57], 1656265, 21
Dist : [0, 0, 0, 0, 0, 0, 0, 0, 0, 0, 0, 0, 0, 0, 0, 0, 0, 0, 0, 0, 0, 0, 0, 0, 0, 0, 0, 2, 0, 0, 0, 1, 0, 0, 999, 0, 999, 0, 0, 0, 0, 0, 999, 0, 999, 0, 0, 0, 2, 0, 2, 0, 999, 0, 999, 0, 0, 0, 0, 2, 999, 0, 999, 0, 999, 999, 999, 999, 999, 999, 999, 999]
time : 81.55 (+0.03 = 0.00 + 0.03)

84th Add (Sname, S, D) : g[14], 4194304, 22
Dist : [0, 0, 0, 0, 0, 0, 0, 0, 0, 0, 0, 0, 0, 0, 0, 0, 0, 0, 0, 0, 0, 0, 0, 0, 0, 0, 0, 2, 0, 0, 0, 1, 0, 0, 999, 0, 999, 0, 0, 0, 0, 0, 999, 0, 999, 0, 0, 0, 2, 0, 2, 0, 999, 0, 999, 0, 0, 0, 0, 2, 999, 0, 999, 0, 999, 999, 999, 999, 999, 999, 999, 999]
time : 81.57 (+0.02 = 0.00 + 0.02)

85th Add (Sname, S, D) : g[23], 2147483648, 22
Dist : [0, 0, 0, 0, 0, 0, 0, 0, 0, 0, 0, 0, 0, 0, 0, 0, 0, 0, 0, 0, 0, 0, 0, 0, 0, 0, 0, 2, 0, 0, 0, 1, 0, 0, 999, 0, 999, 0, 0, 0, 0, 0, 999, 0, 999, 0, 0, 0, 2, 0, 2, 0, 999, 0, 999, 0, 0, 0, 0, 2, 999, 0, 999, 0, 999, 999, 999, 999, 999, 999, 999, 999]
time : 81.60 (+0.03 = 0.00 + 0.03)

86th Add (Sname, S, D) : t[58], 1179803, 21
Dist : [0, 0, 0, 0, 0, 0, 0, 0, 0, 0, 0, 0, 0, 0, 0, 0, 0, 0, 0, 0, 0, 0, 0, 0, 0, 0, 0, 2, 0, 0, 0, 0, 0, 0, 999, 0, 999, 0, 0, 0, 0, 0, 999, 0, 999, 0, 0, 0, 2, 0, 2, 0, 999, 0, 999, 0, 0, 0, 0, 2, 999, 0, 999, 0, 999, 999, 999, 999, 999, 999, 999, 999]
time : 81.64 (+0.04 = 0.00 + 0.04)

87th Add (Sname, S, D) : g[15], 8388608, 22
Dist : [0, 0, 0, 0, 0, 0, 0, 0, 0, 0, 0, 0, 0, 0, 0, 0, 0, 0, 0, 0, 0, 0, 0, 0, 0, 0, 0, 2, 0, 0, 0, 0, 0, 0, 999, 0, 999, 0, 0, 0, 0, 0, 999, 0, 999, 0, 0, 0, 2, 0, 2, 0, 999, 0, 999, 0, 0, 0, 0, 2, 999, 0, 999, 0, 999, 999, 999, 999, 999, 999, 999, 999]
time : 81.67 (+0.03 = 0.00 + 0.03)

88th Add (Sname, S, D) : t[59], 666925, 18
Dist : [0, 0, 0, 0, 0, 0, 0, 0, 0, 0, 0, 0, 0, 0, 0, 0, 0, 0, 0, 0, 0, 0, 0, 0, 0, 0, 0, 1, 0, 0, 0, 0, 0, 0, 999, 0, 999, 0, 0, 0, 0, 0, 999, 0, 999, 0, 0, 0, 2, 0, 2, 0, 999, 0, 999, 0, 0, 0, 0, 2, 999, 0, 999, 0, 999, 999, 999, 999, 999, 999, 999, 999]
time : 128.69 (+47.02 = 0.00 + 46.95 + 0.00 + 0.00 + 0.06)

89th Add (Sname, S, D) : t[60], 1715501, 20
Dist : [0, 0, 0, 0, 0, 0, 0, 0, 0, 0, 0, 0, 0, 0, 0, 0, 0, 0, 0, 0, 0, 0, 0, 0, 0, 0, 0, 0, 0, 0, 0, 0, 0, 0, 999, 0, 999, 0, 0, 0, 0, 0, 999, 0, 999, 0, 0, 0, 2, 0, 2, 0, 999, 0, 999, 0, 0, 0, 0, 2, 999, 0, 999, 0, 999, 999, 999, 999, 999, 999, 999, 999]
time : 128.73 (+0.04 = 0.00 + 0.04)

90th Add (Sname, S, D) : g[13], 2097152, 21
Dist : [0, 0, 0, 0, 0, 0, 0, 0, 0, 0, 0, 0, 0, 0, 0, 0, 0, 0, 0, 0, 0, 0, 0, 0, 0, 0, 0, 0, 0, 0, 0, 0, 0, 0, 3, 0, 1, 0, 0, 0, 0, 0, 4, 0, 2, 0, 0, 0, 2, 0, 2, 0, 2, 0, 2, 0, 0, 0, 0, 2, 3, 0, 2, 0, 999, 999, 999, 999, 999, 999, 999, 999]
time : 128.76 (+0.03 = 0.00 + 0.03)

91th Add (Sname, S, D) : t[61], 2197057, 22
Dist : [0, 0, 0, 0, 0, 0, 0, 0, 0, 0, 0, 0, 0, 0, 0, 0, 0, 0, 0, 0, 0, 0, 0, 0, 0, 0, 0, 0, 0, 0, 0, 0, 0, 0, 3, 0, 0, 0, 0, 0, 0, 0, 4, 0, 2, 0, 0, 0, 2, 0, 2, 0, 2, 0, 2, 0, 0, 0, 0, 2, 3, 0, 2, 0, 999, 999, 999, 999, 999, 999, 999, 999]
time : 128.80 (+0.04 = 0.00 + 0.04)

92th Add (Sname, S, D) : g[18], 67108864, 23
Dist : [0, 0, 0, 0, 0, 0, 0, 0, 0, 0, 0, 0, 0, 0, 0, 0, 0, 0, 0, 0, 0, 0, 0, 0, 0, 0, 0, 0, 0, 0, 0, 0, 0, 0, 3, 0, 0, 0, 0, 0, 0, 0, 4, 0, 2, 0, 0, 0, 2, 0, 2, 0, 2, 0, 2, 0, 0, 0, 0, 2, 3, 0, 2, 0, 999, 999, 999, 999, 999, 999, 999, 999]
time : 128.84 (+0.04 = 0.00 + 0.04)

93th Add (Sname, S, D) : t[62], 1279553, 21
Dist : [0, 0, 0, 0, 0, 0, 0, 0, 0, 0, 0, 0, 0, 0, 0, 0, 0, 0, 0, 0, 0, 0, 0, 0, 0, 0, 0, 0, 0, 0, 0, 0, 0, 0, 3, 0, 0, 0, 0, 0, 0, 0, 4, 0, 1, 0, 0, 0, 2, 0, 2, 0, 2, 0, 2, 0, 0, 0, 0, 2, 3, 0, 1, 0, 999, 999, 999, 999, 999, 999, 999, 999]
time : 196.07 (+67.23 = 0.00 + 67.17 + 0.00 + 0.00 + 0.05)

94th Add (Sname, S, D) : t[63], 3376705, 22
Dist : [0, 0, 0, 0, 0, 0, 0, 0, 0, 0, 0, 0, 0, 0, 0, 0, 0, 0, 0, 0, 0, 0, 0, 0, 0, 0, 0, 0, 0, 0, 0, 0, 0, 0, 3, 0, 0, 0, 0, 0, 0, 0, 4, 0, 0, 0, 0, 0, 2, 0, 2, 0, 2, 0, 2, 0, 0, 0, 0, 2, 3, 0, 0, 0, 999, 999, 999, 999, 999, 999, 999, 999]
time : 196.13 (+0.05 = 0.00 + 0.05)

95th Add (Sname, S, D) : g[22], 1073741824, 23
Dist : [0, 0, 0, 0, 0, 0, 0, 0, 0, 0, 0, 0, 0, 0, 0, 0, 0, 0, 0, 0, 0, 0, 0, 0, 0, 0, 0, 0, 0, 0, 0, 0, 0, 0, 3, 0, 0, 0, 0, 0, 0, 0, 4, 0, 0, 0, 0, 0, 2, 0, 2, 0, 2, 0, 2, 0, 0, 0, 0, 2, 3, 0, 0, 0, 999, 999, 999, 999, 999, 999, 999, 999]
time : 196.17 (+0.05 = 0.00 + 0.05)

96th Add (Sname, S, D) : g[31], 549755813888, 23
Dist : [0, 0, 0, 0, 0, 0, 0, 0, 0, 0, 0, 0, 0, 0, 0, 0, 0, 0, 0, 0, 0, 0, 0, 0, 0, 0, 0, 0, 0, 0, 0, 0, 0, 0, 3, 0, 0, 0, 0, 0, 0, 0, 4, 0, 0, 0, 0, 0, 2, 0, 2, 0, 2, 0, 2, 0, 0, 0, 0, 2, 3, 0, 0, 0, 999, 999, 999, 999, 999, 999, 999, 999]
time : 196.24 (+0.07 = 0.00 + 0.07)

97th Add (Sname, S, D) : t[64], 312200, 19
Dist : [0, 0, 0, 0, 0, 0, 0, 0, 0, 0, 0, 0, 0, 0, 0, 0, 0, 0, 0, 0, 0, 0, 0, 0, 0, 0, 0, 0, 0, 0, 0, 0, 0, 0, 2, 0, 0, 0, 0, 0, 0, 0, 4, 0, 0, 0, 0, 0, 2, 0, 2, 0, 1, 0, 2, 0, 0, 0, 0, 2, 3, 0, 0, 0, 999, 999, 999, 999, 999, 999, 999, 999]
time : 289.14 (+92.90 = 0.01 + 92.82 + 0.00 + 0.00 + 0.07)

98th Add (Sname, S, D) : t[65], 2409352, 22
Dist : [0, 0, 0, 0, 0, 0, 0, 0, 0, 0, 0, 0, 0, 0, 0, 0, 0, 0, 0, 0, 0, 0, 0, 0, 0, 0, 0, 0, 0, 0, 0, 0, 0, 0, 2, 0, 0, 0, 0, 0, 0, 0, 4, 0, 0, 0, 0, 0, 2, 0, 2, 0, 0, 0, 2, 0, 0, 0, 0, 2, 3, 0, 0, 0, 999, 999, 999, 999, 999, 999, 999, 999]
time : 289.21 (+0.07 = 0.00 + 0.07)

99th Add (Sname, S, D) : g[26], 17179869184, 23
Dist : [0, 0, 0, 0, 0, 0, 0, 0, 0, 0, 0, 0, 0, 0, 0, 0, 0, 0, 0, 0, 0, 0, 0, 0, 0, 0, 0, 0, 0, 0, 0, 0, 0, 0, 2, 0, 0, 0, 0, 0, 0, 0, 4, 0, 0, 0, 0, 0, 2, 0, 2, 0, 0, 0, 2, 0, 0, 0, 0, 2, 3, 0, 0, 0, 999, 999, 999, 999, 999, 999, 999, 999]
time : 289.28 (+0.07 = 0.00 + 0.07)

100th Add (Sname, S, D) : t[66], 131303, 16
Dist : [0, 0, 0, 0, 0, 0, 0, 0, 0, 0, 0, 0, 0, 0, 0, 0, 0, 0, 0, 0, 0, 0, 0, 0, 0, 0, 0, 0, 0, 0, 0, 0, 0, 0, 2, 0, 0, 0, 0, 0, 0, 0, 4, 0, 0, 0, 0, 0, 1, 0, 2, 0, 0, 0, 2, 0, 0, 0, 0, 2, 3, 0, 0, 0, 999, 999, 999, 999, 999, 999, 999, 999]
time : 407.80 (+118.52 = 0.01 + 118.44 + 0.00 + 0.00 + 0.08)

101th Add (Sname, S, D) : t[67], 1179879, 20
Dist : [0, 0, 0, 0, 0, 0, 0, 0, 0, 0, 0, 0, 0, 0, 0, 0, 0, 0, 0, 0, 0, 0, 0, 0, 0, 0, 0, 0, 0, 0, 0, 0, 0, 0, 2, 0, 0, 0, 0, 0, 0, 0, 4, 0, 0, 0, 0, 0, 0, 0, 2, 0, 0, 0, 2, 0, 0, 0, 0, 2, 3, 0, 0, 0, 999, 999, 999, 999, 999, 999, 999, 999]
time : 407.94 (+0.14 = 0.00 + 0.14)

102th Add (Sname, S, D) : g[24], 4294967296, 21
Dist : [0, 0, 0, 0, 0, 0, 0, 0, 0, 0, 0, 0, 0, 0, 0, 0, 0, 0, 0, 0, 0, 0, 0, 0, 0, 0, 0, 0, 0, 0, 0, 0, 0, 0, 2, 0, 0, 0, 0, 0, 0, 0, 4, 0, 0, 0, 0, 0, 0, 0, 2, 0, 0, 0, 2, 0, 0, 0, 0, 2, 3, 0, 0, 0, 999, 999, 999, 999, 999, 999, 999, 999]
time : 408.01 (+0.07 = 0.00 + 0.07)

103th Add (Sname, S, D) : t[68], 241708, 17
Dist : [0, 0, 0, 0, 0, 0, 0, 0, 0, 0, 0, 0, 0, 0, 0, 0, 0, 0, 0, 0, 0, 0, 0, 0, 0, 0, 0, 0, 0, 0, 0, 0, 0, 0, 2, 0, 0, 0, 0, 0, 0, 0, 4, 0, 0, 0, 0, 0, 0, 0, 1, 0, 0, 0, 2, 0, 0, 0, 0, 2, 3, 0, 0, 0, 999, 999, 999, 999, 999, 999, 999, 999]
time : 551.10 (+143.09 = 0.01 + 143.00 + 0.00 + 0.00 + 0.08)

104th Add (Sname, S, D) : t[69], 738744, 19
Dist : [0, 0, 0, 0, 0, 0, 0, 0, 0, 0, 0, 0, 0, 0, 0, 0, 0, 0, 0, 0, 0, 0, 0, 0, 0, 0, 0, 0, 0, 0, 0, 0, 0, 0, 2, 0, 0, 0, 0, 0, 0, 0, 4, 0, 0, 0, 0, 0, 0, 0, 0, 0, 0, 0, 2, 0, 0, 0, 0, 2, 3, 0, 0, 0, 999, 999, 999, 999, 999, 999, 999, 999]
time : 551.19 (+0.09 = 0.00 + 0.09)

105th Add (Sname, S, D) : g[25], 8589934592, 20
Dist : [0, 0, 0, 0, 0, 0, 0, 0, 0, 0, 0, 0, 0, 0, 0, 0, 0, 0, 0, 0, 0, 0, 0, 0, 0, 0, 0, 0, 0, 0, 0, 0, 0, 0, 2, 0, 0, 0, 0, 0, 0, 0, 4, 0, 0, 0, 0, 0, 0, 0, 0, 0, 0, 0, 2, 0, 0, 0, 0, 2, 3, 0, 0, 0, 999, 999, 999, 999, 999, 999, 999, 999]
time : 551.27 (+0.08 = 0.00 + 0.08)

106th Add (Sname, S, D) : t[70], 312230, 20
Dist : [0, 0, 0, 0, 0, 0, 0, 0, 0, 0, 0, 0, 0, 0, 0, 0, 0, 0, 0, 0, 0, 0, 0, 0, 0, 0, 0, 0, 0, 0, 0, 0, 0, 0, 1, 0, 0, 0, 0, 0, 0, 0, 4, 0, 0, 0, 0, 0, 0, 0, 0, 0, 0, 0, 2, 0, 0, 0, 0, 2, 3, 0, 0, 0, 999, 999, 999, 999, 999, 999, 999, 999]
time : 722.82 (+171.54 = 0.01 + 171.44 + 0.00 + 0.00 + 0.10)

107th Add (Sname, S, D) : t[71], 2409382, 22
Dist : [0, 0, 0, 0, 0, 0, 0, 0, 0, 0, 0, 0, 0, 0, 0, 0, 0, 0, 0, 0, 0, 0, 0, 0, 0, 0, 0, 0, 0, 0, 0, 0, 0, 0, 0, 0, 0, 0, 0, 0, 0, 0, 4, 0, 0, 0, 0, 0, 0, 0, 0, 0, 0, 0, 2, 0, 0, 0, 0, 2, 3, 0, 0, 0, 999, 999, 999, 999, 999, 999, 999, 999]
time : 722.91 (+0.10 = 0.00 + 0.10)

108th Add (Sname, S, D) : g[17], 33554432, 23
Dist : [0, 0, 0, 0, 0, 0, 0, 0, 0, 0, 0, 0, 0, 0, 0, 0, 0, 0, 0, 0, 0, 0, 0, 0, 0, 0, 0, 0, 0, 0, 0, 0, 0, 0, 0, 0, 0, 0, 0, 0, 0, 0, 4, 0, 0, 0, 0, 0, 0, 0, 0, 0, 0, 0, 2, 0, 0, 0, 0, 2, 3, 0, 0, 0, 999, 999, 999, 999, 999, 999, 999, 999]
time : 723.00 (+0.08 = 0.00 + 0.08)

109th Add (Sname, S, D) : t[72], 144, 1
Dist : [0, 0, 0, 0, 0, 0, 0, 0, 0, 0, 0, 0, 0, 0, 0, 0, 0, 0, 0, 0, 0, 0, 0, 0, 0, 0, 0, 0, 0, 0, 0, 0, 0, 0, 0, 0, 0, 0, 0, 0, 0, 0, 4, 0, 0, 0, 0, 0, 0, 0, 0, 0, 0, 0, 2, 0, 0, 0, 0, 1, 3, 0, 0, 0, 999, 999, 999, 999, 999, 999, 999, 999]
time : 924.24 (+201.25 = 0.01 + 201.12 + 0.00 + 0.00 + 0.11)

110th Add (Sname, S, D) : t[73], 917648, 20
Dist : [0, 0, 0, 0, 0, 0, 0, 0, 0, 0, 0, 0, 0, 0, 0, 0, 0, 0, 0, 0, 0, 0, 0, 0, 0, 0, 0, 0, 0, 0, 0, 0, 0, 0, 0, 0, 0, 0, 0, 0, 0, 0, 4, 0, 0, 0, 0, 0, 0, 0, 0, 0, 0, 0, 2, 0, 0, 0, 0, 0, 3, 0, 0, 0, 999, 999, 999, 999, 999, 999, 999, 999]
time : 924.35 (+0.11 = 0.00 + 0.11)

111th Add (Sname, S, D) : g[29], 137438953472, 21
Dist : [0, 0, 0, 0, 0, 0, 0, 0, 0, 0, 0, 0, 0, 0, 0, 0, 0, 0, 0, 0, 0, 0, 0, 0, 0, 0, 0, 0, 0, 0, 0, 0, 0, 0, 0, 0, 0, 0, 0, 0, 0, 0, 4, 0, 0, 0, 0, 0, 0, 0, 0, 0, 0, 0, 2, 0, 0, 0, 0, 0, 3, 0, 0, 0, 999, 999, 999, 999, 999, 999, 999, 999]
time : 926.93 (+2.57 = 0.00 + 2.57)

112th Add (Sname, S, D) : t[74], 99874, 13
Dist : [0, 0, 0, 0, 0, 0, 0, 0, 0, 0, 0, 0, 0, 0, 0, 0, 0, 0, 0, 0, 0, 0, 0, 0, 0, 0, 0, 0, 0, 0, 0, 0, 0, 0, 0, 0, 0, 0, 0, 0, 0, 0, 4, 0, 0, 0, 0, 0, 0, 0, 0, 0, 0, 0, 1, 0, 0, 0, 0, 0, 3, 0, 0, 0, 999, 999, 999, 999, 999, 999, 999, 999]
time : 1167.68 (+240.75 = 0.01 + 238.02 + 0.00 + 0.00 + 2.72)

113th Add (Sname, S, D) : t[75], 2197026, 22
Dist : [0, 0, 0, 0, 0, 0, 0, 0, 0, 0, 0, 0, 0, 0, 0, 0, 0, 0, 0, 0, 0, 0, 0, 0, 0, 0, 0, 0, 0, 0, 0, 0, 0, 0, 0, 0, 0, 0, 0, 0, 0, 0, 4, 0, 0, 0, 0, 0, 0, 0, 0, 0, 0, 0, 0, 0, 0, 0, 0, 0, 3, 0, 0, 0, 999, 999, 999, 999, 999, 999, 999, 999]
time : 1170.54 (+2.86 = 0.00 + 2.86)

114th Add (Sname, S, D) : g[27], 34359738368, 23
Dist : [0, 0, 0, 0, 0, 0, 0, 0, 0, 0, 0, 0, 0, 0, 0, 0, 0, 0, 0, 0, 0, 0, 0, 0, 0, 0, 0, 0, 0, 0, 0, 0, 0, 0, 0, 0, 0, 0, 0, 0, 0, 0, 4, 0, 0, 0, 0, 0, 0, 0, 0, 0, 0, 0, 0, 0, 0, 0, 0, 0, 3, 0, 0, 0, 999, 999, 999, 999, 999, 999, 999, 999]
time : 1173.48 (+2.94 = 0.00 + 2.94)

115th Add (Sname, S, D) : t[76], 1017409, 20
Dist : [0, 0, 0, 0, 0, 0, 0, 0, 0, 0, 0, 0, 0, 0, 0, 0, 0, 0, 0, 0, 0, 0, 0, 0, 0, 0, 0, 0, 0, 0, 0, 0, 0, 0, 0, 0, 0, 0, 0, 0, 0, 0, 4, 0, 0, 0, 0, 0, 0, 0, 0, 0, 0, 0, 0, 0, 0, 0, 0, 0, 2, 0, 0, 0, 999, 999, 999, 999, 999, 999, 999, 999]
time : 1451.24 (+277.76 = 0.01 + 274.72 + 0.00 + 0.00 + 3.03)

116th Add (Sname, S, D) : t[77], 1934913, 21
Dist : [0, 0, 0, 0, 0, 0, 0, 0, 0, 0, 0, 0, 0, 0, 0, 0, 0, 0, 0, 0, 0, 0, 0, 0, 0, 0, 0, 0, 0, 0, 0, 0, 0, 0, 0, 0, 0, 0, 0, 0, 0, 0, 4, 0, 0, 0, 0, 0, 0, 0, 0, 0, 0, 0, 0, 0, 0, 0, 0, 0, 1, 0, 0, 0, 999, 999, 999, 999, 999, 999, 999, 999]
time : 1732.15 (+280.91 = 0.01 + 277.75 + 0.00 + 0.00 + 3.15)

117th Add (Sname, S, D) : t[78], 4032065, 22
Dist : [0, 0, 0, 0, 0, 0, 0, 0, 0, 0, 0, 0, 0, 0, 0, 0, 0, 0, 0, 0, 0, 0, 0, 0, 0, 0, 0, 0, 0, 0, 0, 0, 0, 0, 0, 0, 0, 0, 0, 0, 0, 0, 4, 0, 0, 0, 0, 0, 0, 0, 0, 0, 0, 0, 0, 0, 0, 0, 0, 0, 0, 0, 0, 0, 999, 999, 999, 999, 999, 999, 999, 999]
time : 1735.42 (+3.27 = 0.00 + 3.27)

118th Add (Sname, S, D) : g[30], 274877906944, 23
Dist : [0, 0, 0, 0, 0, 0, 0, 0, 0, 0, 0, 0, 0, 0, 0, 0, 0, 0, 0, 0, 0, 0, 0, 0, 0, 0, 0, 0, 0, 0, 0, 0, 0, 0, 0, 0, 0, 0, 0, 0, 0, 0, 4, 0, 0, 0, 0, 0, 0, 0, 0, 0, 0, 0, 0, 0, 0, 0, 0, 0, 0, 0, 0, 0, 999, 999, 999, 999, 999, 999, 999, 999]
time : 1748.66 (+13.24 = 0.00 + 13.24)

119th Add (Sname, S, D) : t[79], 131252, 16
Dist : [0, 0, 0, 0, 0, 0, 0, 0, 0, 0, 0, 0, 0, 0, 0, 0, 0, 0, 0, 0, 0, 0, 0, 0, 0, 0, 0, 0, 0, 0, 0, 0, 0, 0, 0, 0, 0, 0, 0, 0, 0, 0, 3, 0, 0, 0, 0, 0, 0, 0, 0, 0, 0, 0, 0, 0, 0, 0, 0, 0, 0, 0, 0, 0, 999, 999, 999, 999, 999, 999, 999, 999]
time : 2081.64 (+332.98 = 0.01 + 319.04 + 0.00 + 0.00 + 13.93)

120th Add (Sname, S, D) : t[80], 1179828, 20
Dist : [0, 0, 0, 0, 0, 0, 0, 0, 0, 0, 0, 0, 0, 0, 0, 0, 0, 0, 0, 0, 0, 0, 0, 0, 0, 0, 0, 0, 0, 0, 0, 0, 0, 0, 0, 0, 0, 0, 0, 0, 0, 0, 2, 0, 0, 0, 0, 0, 0, 0, 0, 0, 0, 0, 0, 0, 0, 0, 0, 0, 0, 0, 0, 0, 999, 999, 999, 999, 999, 999, 999, 999]
time : 2436.37 (+354.73 = 0.01 + 342.45 + 0.00 + 0.00 + 12.27)

121th Add (Sname, S, D) : t[81], 1935093, 21
Dist : [0, 0, 0, 0, 0, 0, 0, 0, 0, 0, 0, 0, 0, 0, 0, 0, 0, 0, 0, 0, 0, 0, 0, 0, 0, 0, 0, 0, 0, 0, 0, 0, 0, 0, 0, 0, 0, 0, 0, 0, 0, 0, 1, 0, 0, 0, 0, 0, 0, 0, 0, 0, 0, 0, 0, 0, 0, 0, 0, 0, 0, 0, 0, 0, 999, 999, 999, 999, 999, 999, 999, 999]
time : 2827.42 (+391.05 = 0.01 + 378.35 + 0.00 + 0.00 + 12.69)

122th Add (Sname, S, D) : t[82], 4032245, 22
Dist : [0, 0, 0, 0, 0, 0, 0, 0, 0, 0, 0, 0, 0, 0, 0, 0, 0, 0, 0, 0, 0, 0, 0, 0, 0, 0, 0, 0, 0, 0, 0, 0, 0, 0, 0, 0, 0, 0, 0, 0, 0, 0, 0, 0, 0, 0, 0, 0, 0, 0, 0, 0, 0, 0, 0, 0, 0, 0, 0, 0, 0, 0, 0, 0, 999, 999, 999, 999, 999, 999, 999, 999]
time : 2840.61 (+13.19 = 0.00 + 13.19)

123th Add (Sname, S, D) : g[21], 536870912, 23
Dist : [0, 0, 0, 0, 0, 0, 0, 0, 0, 0, 0, 0, 0, 0, 0, 0, 0, 0, 0, 0, 0, 0, 0, 0, 0, 0, 0, 0, 0, 0, 0, 0, 0, 0, 0, 0, 0, 0, 0, 0, 0, 0, 0, 0, 0, 0, 0, 0, 0, 0, 0, 0, 0, 0, 0, 0, 0, 0, 0, 0, 0, 0, 0, 0, 999, 999, 999, 999, 999, 999, 999, 999]
time : 2867.72 (+27.11 = 0.00 + 27.11)

124th Add (Sname, S, D) : t[83], 192, 1
Dist : [0, 0, 0, 0, 0, 0, 0, 0, 0, 0, 0, 0, 0, 0, 0, 0, 0, 0, 0, 0, 0, 0, 0, 0, 0, 0, 0, 0, 0, 0, 0, 0, 0, 0, 0, 0, 0, 0, 0, 0, 0, 0, 0, 0, 0, 0, 0, 0, 0, 0, 0, 0, 0, 0, 0, 0, 0, 0, 0, 0, 0, 0, 0, 0, 999, 999, 999, 999, 999, 999, 999, 999]
time : 2895.96 (+28.24 = 0.00 + 28.24)

125th Add (Sname, S, D) : t[84], 212, 2
Dist : [0, 0, 0, 0, 0, 0, 0, 0, 0, 0, 0, 0, 0, 0, 0, 0, 0, 0, 0, 0, 0, 0, 0, 0, 0, 0, 0, 0, 0, 0, 0, 0, 0, 0, 0, 0, 0, 0, 0, 0, 0, 0, 0, 0, 0, 0, 0, 0, 0, 0, 0, 0, 0, 0, 0, 0, 0, 0, 0, 0, 0, 0, 0, 0, 999, 999, 999, 999, 999, 999, 999, 999]
time : 2925.33 (+29.37 = 0.00 + 29.37)

126th Add (Sname, S, D) : t[85], 1236, 5
Dist : [0, 0, 0, 0, 0, 0, 0, 0, 0, 0, 0, 0, 0, 0, 0, 0, 0, 0, 0, 0, 0, 0, 0, 0, 0, 0, 0, 0, 0, 0, 0, 0, 0, 0, 0, 0, 0, 0, 0, 0, 0, 0, 0, 0, 0, 0, 0, 0, 0, 0, 0, 0, 0, 0, 0, 0, 0, 0, 0, 0, 0, 0, 0, 0, 999, 999, 999, 999, 999, 999, 999, 999]
time : 2955.99 (+30.67 = 0.00 + 30.67)

127th Add (Sname, S, D) : t[86], 17620, 7
Dist : [0, 0, 0, 0, 0, 0, 0, 0, 0, 0, 0, 0, 0, 0, 0, 0, 0, 0, 0, 0, 0, 0, 0, 0, 0, 0, 0, 0, 0, 0, 0, 0, 0, 0, 0, 0, 0, 0, 0, 0, 0, 0, 0, 0, 0, 0, 0, 0, 0, 0, 0, 0, 0, 0, 0, 0, 0, 0, 0, 0, 0, 0, 0, 0, 999, 999, 999, 999, 999, 999, 999, 999]
time : 2987.32 (+31.33 = 0.00 + 31.33)

128th Add (Sname, S, D) : t[87], 65792, 8
Dist : [0, 0, 0, 0, 0, 0, 0, 0, 0, 0, 0, 0, 0, 0, 0, 0, 0, 0, 0, 0, 0, 0, 0, 0, 0, 0, 0, 0, 0, 0, 0, 0, 0, 0, 0, 0, 0, 0, 0, 0, 0, 0, 0, 0, 0, 0, 0, 0, 0, 0, 0, 0, 0, 0, 0, 0, 0, 0, 0, 0, 0, 0, 0, 0, 999, 999, 999, 999, 999, 999, 999, 999]
time : 3019.89 (+32.57 = 0.00 + 32.57)

129th Add (Sname, S, D) : t[88], 83412, 9
Dist : [0, 0, 0, 0, 0, 0, 0, 0, 0, 0, 0, 0, 0, 0, 0, 0, 0, 0, 0, 0, 0, 0, 0, 0, 0, 0, 0, 0, 0, 0, 0, 0, 0, 0, 0, 0, 0, 0, 0, 0, 0, 0, 0, 0, 0, 0, 0, 0, 0, 0, 0, 0, 0, 0, 0, 0, 0, 0, 0, 0, 0, 0, 0, 0, 999, 999, 999, 999, 999, 999, 999, 999]
time : 3074.44 (+54.54 = 0.00 + 54.54)

130th Add (Sname, S, D) : t[89], 345556, 18
Dist : [0, 0, 0, 0, 0, 0, 0, 0, 0, 0, 0, 0, 0, 0, 0, 0, 0, 0, 0, 0, 0, 0, 0, 0, 0, 0, 0, 0, 0, 0, 0, 0, 0, 0, 0, 0, 0, 0, 0, 0, 0, 0, 0, 0, 0, 0, 0, 0, 0, 0, 0, 0, 0, 0, 0, 0, 0, 0, 0, 0, 0, 0, 0, 0, 999, 999, 999, 999, 999, 999, 999, 999]
time : 3131.53 (+57.10 = 0.00 + 57.10)

131th Add (Sname, S, D) : t[90], 17122772, 22
Dist : [0, 0, 0, 0, 0, 0, 0, 0, 0, 0, 0, 0, 0, 0, 0, 0, 0, 0, 0, 0, 0, 0, 0, 0, 0, 0, 0, 0, 0, 0, 0, 0, 0, 0, 0, 0, 0, 0, 0, 0, 0, 0, 0, 0, 0, 0, 0, 0, 0, 0, 0, 0, 0, 0, 0, 0, 0, 0, 0, 0, 0, 0, 0, 0, 7, 999, 999, 999, 999, 999, 999, 999]
time : 3189.86 (+58.33 = 0.00 + 58.33)

132th Add (Sname, S, D) : t[91], 274895029716, 24
Dist : [0, 0, 0, 0, 0, 0, 0, 0, 0, 0, 0, 0, 0, 0, 0, 0, 0, 0, 0, 0, 0, 0, 0, 0, 0, 0, 0, 0, 0, 0, 0, 0, 0, 0, 0, 0, 0, 0, 0, 0, 0, 0, 0, 0, 0, 0, 0, 0, 0, 0, 0, 0, 0, 0, 0, 0, 0, 0, 0, 0, 0, 0, 0, 0, 6, 999, 999, 999, 999, 999, 999, 999]
time : 5291.98 (+2102.12 = 0.01 + 2050.66 + 0.00 + 0.00 + 51.45)

133th Add (Sname, S, D) : t[92], 412333983188, 25
Dist : [0, 0, 0, 0, 0, 0, 0, 0, 0, 0, 0, 0, 0, 0, 0, 0, 0, 0, 0, 0, 0, 0, 0, 0, 0, 0, 0, 0, 0, 0, 0, 0, 0, 0, 0, 0, 0, 0, 0, 0, 0, 0, 0, 0, 0, 0, 0, 0, 0, 0, 0, 0, 0, 0, 0, 0, 0, 0, 0, 0, 0, 0, 0, 0, 5, 999, 999, 7, 999, 999, 999, 999]
time : 6009.18 (+717.20 = 0.01 + 670.51 + 0.00 + 0.00 + 46.68)

134th Add (Sname, S, D) : t[93], 51539607552, 24
Dist : [0, 0, 0, 0, 0, 0, 0, 0, 0, 0, 0, 0, 0, 0, 0, 0, 0, 0, 0, 0, 0, 0, 0, 0, 0, 0, 0, 0, 0, 0, 0, 0, 0, 0, 0, 0, 0, 0, 0, 0, 0, 0, 0, 0, 0, 0, 0, 0, 0, 0, 0, 0, 0, 0, 0, 0, 0, 0, 0, 0, 0, 0, 0, 0, 4, 999, 999, 7, 999, 999, 999, 999]
time : 8179.37 (+2170.18 = 0.01 + 2122.56 + 0.00 + 0.00 + 47.61)

135th Add (Sname, S, D) : t[94], 138412032, 23
Dist : [0, 0, 0, 0, 0, 0, 0, 0, 0, 0, 0, 0, 0, 0, 0, 0, 0, 0, 0, 0, 0, 0, 0, 0, 0, 0, 0, 0, 0, 0, 0, 0, 0, 0, 0, 0, 0, 0, 0, 0, 0, 0, 0, 0, 0, 0, 0, 0, 0, 0, 0, 0, 0, 0, 0, 0, 0, 0, 0, 0, 0, 0, 0, 0, 3, 999, 999, 7, 999, 999, 999, 999]
time : 10496.90 (+2317.53 = 0.01 + 2267.17 + 0.00 + 0.00 + 50.34)

136th Add (Sname, S, D) : t[95], 171966464, 24
Dist : [0, 0, 0, 0, 0, 0, 0, 0, 0, 0, 0, 0, 0, 0, 0, 0, 0, 0, 0, 0, 0, 0, 0, 0, 0, 0, 0, 0, 0, 0, 0, 0, 0, 0, 0, 0, 0, 0, 0, 0, 0, 0, 0, 0, 0, 0, 0, 0, 0, 0, 0, 0, 0, 0, 0, 0, 0, 0, 0, 0, 0, 0, 0, 0, 2, 999, 999, 7, 999, 999, 999, 999]
time : 12866.75 (+2369.85 = 0.01 + 2319.92 + 0.00 + 0.00 + 49.92)

137th Add (Sname, S, D) : t[96], 51711574016, 25
Dist : [0, 0, 0, 0, 0, 0, 0, 0, 0, 0, 0, 0, 0, 0, 0, 0, 0, 0, 0, 0, 0, 0, 0, 0, 0, 0, 0, 0, 0, 0, 0, 0, 0, 0, 0, 0, 0, 0, 0, 0, 0, 0, 0, 0, 0, 0, 0, 0, 0, 0, 0, 0, 0, 0, 0, 0, 0, 0, 0, 0, 0, 0, 0, 0, 1, 999, 999, 7, 999, 999, 999, 999]
time : 15277.73 (+2410.98 = 0.01 + 2360.23 + 0.00 + 0.00 + 50.74)

138th Add (Sname, S, D) : t[97], 464045557204, 26
Dist : [0, 0, 0, 0, 0, 0, 0, 0, 0, 0, 0, 0, 0, 0, 0, 0, 0, 0, 0, 0, 0, 0, 0, 0, 0, 0, 0, 0, 0, 0, 0, 0, 0, 0, 0, 0, 0, 0, 0, 0, 0, 0, 0, 0, 0, 0, 0, 0, 0, 0, 0, 0, 0, 0, 0, 0, 0, 0, 0, 0, 0, 0, 0, 0, 0, 999, 999, 7, 999, 999, 999, 999]
time : 15330.08 (+52.35 = 0.00 + 52.35)

139th Add (Sname, S, D) : t[98], 4362076160, 24
Dist : [0, 0, 0, 0, 0, 0, 0, 0, 0, 0, 0, 0, 0, 0, 0, 0, 0, 0, 0, 0, 0, 0, 0, 0, 0, 0, 0, 0, 0, 0, 0, 0, 0, 0, 0, 0, 0, 0, 0, 0, 0, 0, 0, 0, 0, 0, 0, 0, 0, 0, 0, 0, 0, 0, 0, 0, 0, 0, 0, 0, 0, 0, 0, 0, 0, 999, 999, 6, 7, 999, 999, 999]
time : 17879.07 (+2548.98 = 0.02 + 2506.68 + 0.00 + 0.00 + 42.29)

140th Add (Sname, S, D) : t[99], 2155872256, 23
Dist : [0, 0, 0, 0, 0, 0, 0, 0, 0, 0, 0, 0, 0, 0, 0, 0, 0, 0, 0, 0, 0, 0, 0, 0, 0, 0, 0, 0, 0, 0, 0, 0, 0, 0, 0, 0, 0, 0, 0, 0, 0, 0, 0, 0, 0, 0, 0, 0, 0, 0, 0, 0, 0, 0, 0, 0, 0, 0, 0, 0, 0, 0, 0, 0, 0, 999, 999, 5, 6, 999, 999, 999]
time : 20639.62 (+2760.56 = 0.02 + 2717.81 + 0.00 + 0.00 + 42.73)

141th Add (Sname, S, D) : t[100], 1179847, 21
Dist : [0, 0, 0, 0, 0, 0, 0, 0, 0, 0, 0, 0, 0, 0, 0, 0, 0, 0, 0, 0, 0, 0, 0, 0, 0, 0, 0, 0, 0, 0, 0, 0, 0, 0, 0, 0, 0, 0, 0, 0, 0, 0, 0, 0, 0, 0, 0, 0, 0, 0, 0, 0, 0, 0, 0, 0, 0, 0, 0, 0, 0, 0, 0, 0, 0, 999, 999, 4, 6, 999, 999, 999]
time : 21675.21 (+1035.59 = 0.02 + 992.09 + 0.00 + 0.00 + 43.48)

142th Add (Sname, S, D) : t[101], 135397575, 23
Dist : [0, 0, 0, 0, 0, 0, 0, 0, 0, 0, 0, 0, 0, 0, 0, 0, 0, 0, 0, 0, 0, 0, 0, 0, 0, 0, 0, 0, 0, 0, 0, 0, 0, 0, 0, 0, 0, 0, 0, 0, 0, 0, 0, 0, 0, 0, 0, 0, 0, 0, 0, 0, 0, 0, 0, 0, 0, 0, 0, 0, 0, 0, 0, 0, 0, 999, 999, 3, 6, 999, 999, 999]
time : 22772.26 (+1097.06 = 0.02 + 1053.33 + 0.00 + 0.00 + 43.71)

143th Add (Sname, S, D) : t[102], 2291269831, 24
Dist : [0, 0, 0, 0, 0, 0, 0, 0, 0, 0, 0, 0, 0, 0, 0, 0, 0, 0, 0, 0, 0, 0, 0, 0, 0, 0, 0, 0, 0, 0, 0, 0, 0, 0, 0, 0, 0, 0, 0, 0, 0, 0, 0, 0, 0, 0, 0, 0, 0, 0, 0, 0, 0, 0, 0, 0, 0, 0, 0, 0, 0, 0, 0, 0, 0, 999, 999, 2, 5, 999, 999, 999]
time : 23917.92 (+1145.65 = 0.02 + 1100.96 + 0.00 + 0.00 + 44.67)

144th Add (Sname, S, D) : t[103], 6653345991, 25
Dist : [0, 0, 0, 0, 0, 0, 0, 0, 0, 0, 0, 0, 0, 0, 0, 0, 0, 0, 0, 0, 0, 0, 0, 0, 0, 0, 0, 0, 0, 0, 0, 0, 0, 0, 0, 0, 0, 0, 0, 0, 0, 0, 0, 0, 0, 0, 0, 0, 0, 0, 0, 0, 0, 0, 0, 0, 0, 0, 0, 0, 0, 0, 0, 0, 0, 999, 999, 1, 4, 999, 999, 999]
time : 25041.99 (+1124.08 = 0.02 + 1079.28 + 0.00 + 0.00 + 44.78)

145th Add (Sname, S, D) : t[104], 418987328787, 26
Dist : [0, 0, 0, 0, 0, 0, 0, 0, 0, 0, 0, 0, 0, 0, 0, 0, 0, 0, 0, 0, 0, 0, 0, 0, 0, 0, 0, 0, 0, 0, 0, 0, 0, 0, 0, 0, 0, 0, 0, 0, 0, 0, 0, 0, 0, 0, 0, 0, 0, 0, 0, 0, 0, 0, 0, 0, 0, 0, 0, 0, 0, 0, 0, 0, 0, 999, 999, 0, 4, 999, 999, 999]
time : 25087.41 (+45.42 = 0.00 + 45.42)

146th Add (Sname, S, D) : t[105], 137440133351, 22
Dist : [0, 0, 0, 0, 0, 0, 0, 0, 0, 0, 0, 0, 0, 0, 0, 0, 0, 0, 0, 0, 0, 0, 0, 0, 0, 0, 0, 0, 0, 0, 0, 0, 0, 0, 0, 0, 0, 0, 0, 0, 0, 0, 0, 0, 0, 0, 0, 0, 0, 0, 0, 0, 0, 0, 0, 0, 0, 0, 0, 0, 0, 0, 0, 0, 0, 999, 999, 0, 3, 999, 999, 999]
time : 26176.82 (+1089.41 = 0.02 + 1039.31 + 0.00 + 0.00 + 50.08)

147th Add (Sname, S, D) : t[106], 412318040295, 24
Dist : [0, 0, 0, 0, 0, 0, 0, 0, 0, 0, 0, 0, 0, 0, 0, 0, 0, 0, 0, 0, 0, 0, 0, 0, 0, 0, 0, 0, 0, 0, 0, 0, 0, 0, 0, 0, 0, 0, 0, 0, 0, 0, 0, 0, 0, 0, 0, 0, 0, 0, 0, 0, 0, 0, 0, 0, 0, 0, 0, 0, 0, 0, 0, 0, 0, 999, 999, 0, 2, 999, 999, 999]
time : 27351.50 (+1174.68 = 0.02 + 1123.44 + 0.00 + 0.00 + 51.22)

148th Add (Sname, S, D) : t[107], 412490006759, 25
Dist : [0, 0, 0, 0, 0, 0, 0, 0, 0, 0, 0, 0, 0, 0, 0, 0, 0, 0, 0, 0, 0, 0, 0, 0, 0, 0, 0, 0, 0, 0, 0, 0, 0, 0, 0, 0, 0, 0, 0, 0, 0, 0, 0, 0, 0, 0, 0, 0, 0, 0, 0, 0, 0, 0, 0, 0, 0, 0, 0, 0, 0, 0, 0, 0, 0, 999, 999, 0, 1, 999, 999, 999]
time : 28573.18 (+1221.68 = 0.02 + 1169.38 + 0.00 + 0.00 + 52.29)

149th Add (Sname, S, D) : t[108], 418872557600, 26
Dist : [0, 0, 0, 0, 0, 0, 0, 0, 0, 0, 0, 0, 0, 0, 0, 0, 0, 0, 0, 0, 0, 0, 0, 0, 0, 0, 0, 0, 0, 0, 0, 0, 0, 0, 0, 0, 0, 0, 0, 0, 0, 0, 0, 0, 0, 0, 0, 0, 0, 0, 0, 0, 0, 0, 0, 0, 0, 0, 0, 0, 0, 0, 0, 0, 0, 999, 999, 0, 0, 999, 999, 999]
time : 28626.50 (+53.32 = 0.00 + 53.32)

150th Add (Sname, S, D) : t[109], 6, 1
Dist : [0, 0, 0, 0, 0, 0, 0, 0, 0, 0, 0, 0, 0, 0, 0, 0, 0, 0, 0, 0, 0, 0, 0, 0, 0, 0, 0, 0, 0, 0, 0, 0, 0, 0, 0, 0, 0, 0, 0, 0, 0, 0, 0, 0, 0, 0, 0, 0, 0, 0, 0, 0, 0, 0, 0, 0, 0, 0, 0, 0, 0, 0, 0, 0, 0, 999, 999, 0, 0, 999, 999, 999]
time : 28681.35 (+54.85 = 0.00 + 54.85)

151th Add (Sname, S, D) : t[110], 72, 1
Dist : [0, 0, 0, 0, 0, 0, 0, 0, 0, 0, 0, 0, 0, 0, 0, 0, 0, 0, 0, 0, 0, 0, 0, 0, 0, 0, 0, 0, 0, 0, 0, 0, 0, 0, 0, 0, 0, 0, 0, 0, 0, 0, 0, 0, 0, 0, 0, 0, 0, 0, 0, 0, 0, 0, 0, 0, 0, 0, 0, 0, 0, 0, 0, 0, 0, 999, 999, 0, 0, 999, 999, 999]
time : 28736.96 (+55.61 = 0.00 + 55.61)

152th Add (Sname, S, D) : t[111], 1102, 6
Dist : [0, 0, 0, 0, 0, 0, 0, 0, 0, 0, 0, 0, 0, 0, 0, 0, 0, 0, 0, 0, 0, 0, 0, 0, 0, 0, 0, 0, 0, 0, 0, 0, 0, 0, 0, 0, 0, 0, 0, 0, 0, 0, 0, 0, 0, 0, 0, 0, 0, 0, 0, 0, 0, 0, 0, 0, 0, 0, 0, 0, 0, 0, 0, 0, 0, 999, 999, 0, 0, 999, 999, 999]
time : 28793.98 (+57.02 = 0.00 + 57.02)

153th Add (Sname, S, D) : t[112], 81920, 7
Dist : [0, 0, 0, 0, 0, 0, 0, 0, 0, 0, 0, 0, 0, 0, 0, 0, 0, 0, 0, 0, 0, 0, 0, 0, 0, 0, 0, 0, 0, 0, 0, 0, 0, 0, 0, 0, 0, 0, 0, 0, 0, 0, 0, 0, 0, 0, 0, 0, 0, 0, 0, 0, 0, 0, 0, 0, 0, 0, 0, 0, 0, 0, 0, 0, 0, 999, 999, 0, 0, 999, 999, 999]
time : 28852.63 (+58.65 = 0.00 + 58.65)

154th Add (Sname, S, D) : t[113], 1358, 8
Dist : [0, 0, 0, 0, 0, 0, 0, 0, 0, 0, 0, 0, 0, 0, 0, 0, 0, 0, 0, 0, 0, 0, 0, 0, 0, 0, 0, 0, 0, 0, 0, 0, 0, 0, 0, 0, 0, 0, 0, 0, 0, 0, 0, 0, 0, 0, 0, 0, 0, 0, 0, 0, 0, 0, 0, 0, 0, 0, 0, 0, 0, 0, 0, 0, 0, 999, 999, 0, 0, 999, 999, 999]
time : 28912.62 (+60.00 = 0.00 + 60.00)

155th Add (Sname, S, D) : t[114], 83278, 9
Dist : [0, 0, 0, 0, 0, 0, 0, 0, 0, 0, 0, 0, 0, 0, 0, 0, 0, 0, 0, 0, 0, 0, 0, 0, 0, 0, 0, 0, 0, 0, 0, 0, 0, 0, 0, 0, 0, 0, 0, 0, 0, 0, 0, 0, 0, 0, 0, 0, 0, 0, 0, 0, 0, 0, 0, 0, 0, 0, 0, 0, 0, 0, 0, 0, 0, 999, 999, 0, 0, 999, 999, 999]
time : 28973.70 (+61.07 = 0.00 + 61.07)

156th Add (Sname, S, D) : t[115], 345422, 18
Dist : [0, 0, 0, 0, 0, 0, 0, 0, 0, 0, 0, 0, 0, 0, 0, 0, 0, 0, 0, 0, 0, 0, 0, 0, 0, 0, 0, 0, 0, 0, 0, 0, 0, 0, 0, 0, 0, 0, 0, 0, 0, 0, 0, 0, 0, 0, 0, 0, 0, 0, 0, 0, 0, 0, 0, 0, 0, 0, 0, 0, 0, 0, 0, 0, 0, 7, 999, 0, 0, 999, 999, 999]
time : 29035.51 (+61.82 = 0.00 + 61.82)

157th Add (Sname, S, D) : t[116], 463857647847, 25
Dist : [0, 0, 0, 0, 0, 0, 0, 0, 0, 0, 0, 0, 0, 0, 0, 0, 0, 0, 0, 0, 0, 0, 0, 0, 0, 0, 0, 0, 0, 0, 0, 0, 0, 0, 0, 0, 0, 0, 0, 0, 0, 0, 0, 0, 0, 0, 0, 0, 0, 0, 0, 0, 0, 0, 0, 0, 0, 0, 0, 0, 0, 0, 0, 0, 0, 6, 999, 0, 0, 999, 999, 999]
time : 33580.98 (+4545.47 = 0.02 + 4493.63 + 0.00 + 0.00 + 51.81)

158th Add (Sname, S, D) : t[117], 1525161, 21
Dist : [0, 0, 0, 0, 0, 0, 0, 0, 0, 0, 0, 0, 0, 0, 0, 0, 0, 0, 0, 0, 0, 0, 0, 0, 0, 0, 0, 0, 0, 0, 0, 0, 0, 0, 0, 0, 0, 0, 0, 0, 0, 0, 0, 0, 0, 0, 0, 0, 0, 0, 0, 0, 0, 0, 0, 0, 0, 0, 0, 0, 0, 0, 0, 0, 0, 5, 999, 0, 0, 999, 999, 999]
time : 35673.88 (+2092.90 = 0.02 + 2036.37 + 0.00 + 0.00 + 56.51)

159th Add (Sname, S, D) : t[118], 603979776, 24
Dist : [0, 0, 0, 0, 0, 0, 0, 0, 0, 0, 0, 0, 0, 0, 0, 0, 0, 0, 0, 0, 0, 0, 0, 0, 0, 0, 0, 0, 0, 0, 0, 0, 0, 0, 0, 0, 0, 0, 0, 0, 0, 0, 0, 0, 0, 0, 0, 0, 0, 0, 0, 0, 0, 0, 0, 0, 0, 0, 0, 0, 0, 0, 0, 0, 0, 4, 999, 0, 0, 999, 999, 999]
time : 37642.97 (+1969.09 = 0.02 + 1912.52 + 0.00 + 0.00 + 56.55)

160th Add (Sname, S, D) : t[119], 135742889, 23
Dist : [0, 0, 0, 0, 0, 0, 0, 0, 0, 0, 0, 0, 0, 0, 0, 0, 0, 0, 0, 0, 0, 0, 0, 0, 0, 0, 0, 0, 0, 0, 0, 0, 0, 0, 0, 0, 0, 0, 0, 0, 0, 0, 0, 0, 0, 0, 0, 0, 0, 0, 0, 0, 0, 0, 0, 0, 0, 0, 0, 0, 0, 0, 0, 0, 0, 3, 999, 0, 0, 999, 999, 999]
time : 39553.69 (+1910.72 = 0.02 + 1854.52 + 0.00 + 0.00 + 56.18)

161th Add (Sname, S, D) : t[120], 1209484713, 24
Dist : [0, 0, 0, 0, 0, 0, 0, 0, 0, 0, 0, 0, 0, 0, 0, 0, 0, 0, 0, 0, 0, 0, 0, 0, 0, 0, 0, 0, 0, 0, 0, 0, 0, 0, 0, 0, 0, 0, 0, 0, 0, 0, 0, 0, 0, 0, 0, 0, 0, 0, 0, 0, 0, 0, 0, 0, 0, 0, 0, 0, 0, 0, 0, 0, 0, 2, 999, 0, 0, 999, 999, 999]
time : 41565.81 (+2012.12 = 0.02 + 1952.95 + 0.00 + 0.00 + 59.15)

162th Add (Sname, S, D) : t[121], 1813464489, 25
Dist : [0, 0, 0, 0, 0, 0, 0, 0, 0, 0, 0, 0, 0, 0, 0, 0, 0, 0, 0, 0, 0, 0, 0, 0, 0, 0, 0, 0, 0, 0, 0, 0, 0, 0, 0, 0, 0, 0, 0, 0, 0, 0, 0, 0, 0, 0, 0, 0, 0, 0, 0, 0, 0, 0, 0, 0, 0, 0, 0, 0, 0, 0, 0, 0, 0, 1, 999, 0, 0, 999, 999, 999]
time : 43671.14 (+2105.33 = 0.02 + 2045.53 + 0.00 + 0.00 + 59.78)

163th Add (Sname, S, D) : t[122], 465668752718, 26
Dist : [0, 0, 0, 0, 0, 0, 0, 0, 0, 0, 0, 0, 0, 0, 0, 0, 0, 0, 0, 0, 0, 0, 0, 0, 0, 0, 0, 0, 0, 0, 0, 0, 0, 0, 0, 0, 0, 0, 0, 0, 0, 0, 0, 0, 0, 0, 0, 0, 0, 0, 0, 0, 0, 0, 0, 0, 0, 0, 0, 0, 0, 0, 0, 0, 0, 0, 999, 0, 0, 999, 999, 999]
time : 43732.53 (+61.39 = 0.00 + 61.39)

164th Add (Sname, S, D) : t[123], 40, 1
Dist : [0, 0, 0, 0, 0, 0, 0, 0, 0, 0, 0, 0, 0, 0, 0, 0, 0, 0, 0, 0, 0, 0, 0, 0, 0, 0, 0, 0, 0, 0, 0, 0, 0, 0, 0, 0, 0, 0, 0, 0, 0, 0, 0, 0, 0, 0, 0, 0, 0, 0, 0, 0, 0, 0, 0, 0, 0, 0, 0, 0, 0, 0, 0, 0, 0, 0, 999, 0, 0, 999, 999, 999]
time : 43790.52 (+57.99 = 0.00 + 57.99)

165th Add (Sname, S, D) : t[124], 32808, 3
Dist : [0, 0, 0, 0, 0, 0, 0, 0, 0, 0, 0, 0, 0, 0, 0, 0, 0, 0, 0, 0, 0, 0, 0, 0, 0, 0, 0, 0, 0, 0, 0, 0, 0, 0, 0, 0, 0, 0, 0, 0, 0, 0, 0, 0, 0, 0, 0, 0, 0, 0, 0, 0, 0, 0, 0, 0, 0, 0, 0, 0, 0, 0, 0, 0, 0, 0, 999, 0, 0, 999, 999, 999]
time : 43848.69 (+58.17 = 0.00 + 58.17)

166th Add (Sname, S, D) : t[125], 33832, 5
Dist : [0, 0, 0, 0, 0, 0, 0, 0, 0, 0, 0, 0, 0, 0, 0, 0, 0, 0, 0, 0, 0, 0, 0, 0, 0, 0, 0, 0, 0, 0, 0, 0, 0, 0, 0, 0, 0, 0, 0, 0, 0, 0, 0, 0, 0, 0, 0, 0, 0, 0, 0, 0, 0, 0, 0, 0, 0, 0, 0, 0, 0, 0, 0, 0, 0, 0, 999, 0, 0, 999, 999, 999]
time : 43908.63 (+59.94 = 0.00 + 59.94)

167th Add (Sname, S, D) : t[126], 99368, 7
Dist : [0, 0, 0, 0, 0, 0, 0, 0, 0, 0, 0, 0, 0, 0, 0, 0, 0, 0, 0, 0, 0, 0, 0, 0, 0, 0, 0, 0, 0, 0, 0, 0, 0, 0, 0, 0, 0, 0, 0, 0, 0, 0, 0, 0, 0, 0, 0, 0, 0, 0, 0, 0, 0, 0, 0, 0, 0, 0, 0, 0, 0, 0, 0, 0, 0, 0, 999, 0, 0, 999, 999, 999]
time : 43968.74 (+60.11 = 0.00 + 60.10)

168th Add (Sname, S, D) : t[127], 99880, 9
Dist : [0, 0, 0, 0, 0, 0, 0, 0, 0, 0, 0, 0, 0, 0, 0, 0, 0, 0, 0, 0, 0, 0, 0, 0, 0, 0, 0, 0, 0, 0, 0, 0, 0, 0, 0, 0, 0, 0, 0, 0, 0, 0, 0, 0, 0, 0, 0, 0, 0, 0, 0, 0, 0, 0, 0, 0, 0, 0, 0, 0, 0, 0, 0, 0, 0, 0, 999, 0, 0, 999, 999, 999]
time : 44031.08 (+62.35 = 0.00 + 62.35)

169th Add (Sname, S, D) : t[128], 230952, 16
Dist : [0, 0, 0, 0, 0, 0, 0, 0, 0, 0, 0, 0, 0, 0, 0, 0, 0, 0, 0, 0, 0, 0, 0, 0, 0, 0, 0, 0, 0, 0, 0, 0, 0, 0, 0, 0, 0, 0, 0, 0, 0, 0, 0, 0, 0, 0, 0, 0, 0, 0, 0, 0, 0, 0, 0, 0, 0, 0, 0, 0, 0, 0, 0, 0, 0, 0, 999, 0, 0, 999, 999, 999]
time : 44095.19 (+64.10 = 0.00 + 64.10)

170th Add (Sname, S, D) : t[129], 1279528, 20
Dist : [0, 0, 0, 0, 0, 0, 0, 0, 0, 0, 0, 0, 0, 0, 0, 0, 0, 0, 0, 0, 0, 0, 0, 0, 0, 0, 0, 0, 0, 0, 0, 0, 0, 0, 0, 0, 0, 0, 0, 0, 0, 0, 0, 0, 0, 0, 0, 0, 0, 0, 0, 0, 0, 0, 0, 0, 0, 0, 0, 0, 0, 0, 0, 0, 0, 0, 999, 0, 0, 999, 999, 999]
time : 44160.66 (+65.47 = 0.00 + 65.47)

171th Add (Sname, S, D) : t[130], 8591214120, 21
Dist : [0, 0, 0, 0, 0, 0, 0, 0, 0, 0, 0, 0, 0, 0, 0, 0, 0, 0, 0, 0, 0, 0, 0, 0, 0, 0, 0, 0, 0, 0, 0, 0, 0, 0, 0, 0, 0, 0, 0, 0, 0, 0, 0, 0, 0, 0, 0, 0, 0, 0, 0, 0, 0, 0, 0, 0, 0, 0, 0, 0, 0, 0, 0, 0, 0, 0, 999, 0, 0, 999, 999, 999]
time : 44227.83 (+67.17 = 0.00 + 67.17)

172th Add (Sname, S, D) : t[131], 18874368, 22
Dist : [0, 0, 0, 0, 0, 0, 0, 0, 0, 0, 0, 0, 0, 0, 0, 0, 0, 0, 0, 0, 0, 0, 0, 0, 0, 0, 0, 0, 0, 0, 0, 0, 0, 0, 0, 0, 0, 0, 0, 0, 0, 0, 0, 0, 0, 0, 0, 0, 0, 0, 0, 0, 0, 0, 0, 0, 0, 0, 0, 0, 0, 0, 0, 0, 0, 0, 999, 0, 0, 999, 999, 999]
time : 44297.14 (+69.31 = 0.00 + 69.31)

173th Add (Sname, S, D) : t[132], 73014444032, 22
Dist : [0, 0, 0, 0, 0, 0, 0, 0, 0, 0, 0, 0, 0, 0, 0, 0, 0, 0, 0, 0, 0, 0, 0, 0, 0, 0, 0, 0, 0, 0, 0, 0, 0, 0, 0, 0, 0, 0, 0, 0, 0, 0, 0, 0, 0, 0, 0, 0, 0, 0, 0, 0, 0, 0, 0, 0, 0, 0, 0, 0, 0, 0, 0, 0, 0, 0, 999, 0, 0, 999, 999, 999]
time : 44368.49 (+71.36 = 0.00 + 71.36)

174th Add (Sname, S, D) : t[133], 146030167592, 22
Dist : [0, 0, 0, 0, 0, 0, 0, 0, 0, 0, 0, 0, 0, 0, 0, 0, 0, 0, 0, 0, 0, 0, 0, 0, 0, 0, 0, 0, 0, 0, 0, 0, 0, 0, 0, 0, 0, 0, 0, 0, 0, 0, 0, 0, 0, 0, 0, 0, 0, 0, 0, 0, 0, 0, 0, 0, 0, 0, 0, 0, 0, 0, 0, 0, 0, 0, 999, 0, 0, 999, 999, 999]
time : 44441.74 (+73.24 = 0.00 + 73.24)

175th Add (Sname, S, D) : t[134], 23068672, 23
Dist : [0, 0, 0, 0, 0, 0, 0, 0, 0, 0, 0, 0, 0, 0, 0, 0, 0, 0, 0, 0, 0, 0, 0, 0, 0, 0, 0, 0, 0, 0, 0, 0, 0, 0, 0, 0, 0, 0, 0, 0, 0, 0, 0, 0, 0, 0, 0, 0, 0, 0, 0, 0, 0, 0, 0, 0, 0, 0, 0, 0, 0, 0, 0, 0, 0, 0, 7, 0, 0, 999, 999, 999]
time : 44516.78 (+75.05 = 0.00 + 75.05)

176th Add (Sname, S, D) : t[135], 219044611624, 23
Dist : [0, 0, 0, 0, 0, 0, 0, 0, 0, 0, 0, 0, 0, 0, 0, 0, 0, 0, 0, 0, 0, 0, 0, 0, 0, 0, 0, 0, 0, 0, 0, 0, 0, 0, 0, 0, 0, 0, 0, 0, 0, 0, 0, 0, 0, 0, 0, 0, 0, 0, 0, 0, 0, 0, 0, 0, 0, 0, 0, 0, 0, 0, 0, 0, 0, 0, 6, 0, 0, 999, 999, 999]
time : 52828.69 (+8311.91 = 0.03 + 8254.65 + 0.00 + 0.00 + 57.23)

177th Add (Sname, S, D) : t[136], 493922518568, 24
Dist : [0, 0, 0, 0, 0, 0, 0, 0, 0, 0, 0, 0, 0, 0, 0, 0, 0, 0, 0, 0, 0, 0, 0, 0, 0, 0, 0, 0, 0, 0, 0, 0, 0, 0, 0, 0, 0, 0, 0, 0, 0, 0, 0, 0, 0, 0, 0, 0, 0, 0, 0, 0, 0, 0, 0, 0, 0, 0, 0, 0, 0, 0, 0, 0, 0, 0, 5, 0, 0, 999, 999, 999]
time : 56446.51 (+3617.82 = 0.03 + 3561.02 + 0.00 + 0.00 + 56.77)

178th Add (Sname, S, D) : t[137], 494526498344, 25
Dist : [0, 0, 0, 0, 0, 0, 0, 0, 0, 0, 0, 0, 0, 0, 0, 0, 0, 0, 0, 0, 0, 0, 0, 0, 0, 0, 0, 0, 0, 0, 0, 0, 0, 0, 0, 0, 0, 0, 0, 0, 0, 0, 0, 0, 0, 0, 0, 0, 0, 0, 0, 0, 0, 0, 0, 0, 0, 0, 0, 0, 0, 0, 0, 0, 0, 0, 4, 0, 0, 999, 999, 7]
time : 60108.33 (+3661.81 = 0.03 + 3616.75 + 0.00 + 0.00 + 45.03)

179th Add (Sname, S, D) : t[138], 56623104, 24
Dist : [0, 0, 0, 0, 0, 0, 0, 0, 0, 0, 0, 0, 0, 0, 0, 0, 0, 0, 0, 0, 0, 0, 0, 0, 0, 0, 0, 0, 0, 0, 0, 0, 0, 0, 0, 0, 0, 0, 0, 0, 0, 0, 0, 0, 0, 0, 0, 0, 0, 0, 0, 0, 0, 0, 0, 0, 0, 0, 0, 0, 0, 0, 0, 0, 0, 0, 3, 0, 0, 999, 999, 7]
time : 68898.56 (+8790.23 = 0.03 + 8749.99 + 0.00 + 0.00 + 40.21)

180th Add (Sname, S, D) : t[139], 18253611008, 24
Dist : [0, 0, 0, 0, 0, 0, 0, 0, 0, 0, 0, 0, 0, 0, 0, 0, 0, 0, 0, 0, 0, 0, 0, 0, 0, 0, 0, 0, 0, 0, 0, 0, 0, 0, 0, 0, 0, 0, 0, 0, 0, 0, 0, 0, 0, 0, 0, 0, 0, 0, 0, 0, 0, 0, 0, 0, 0, 0, 0, 0, 0, 0, 0, 0, 0, 0, 2, 0, 0, 999, 999, 7]
time : 77729.98 (+8831.42 = 0.03 + 8790.27 + 0.00 + 0.00 + 41.12)

181th Add (Sname, S, D) : t[140], 18310234112, 25
Dist : [0, 0, 0, 0, 0, 0, 0, 0, 0, 0, 0, 0, 0, 0, 0, 0, 0, 0, 0, 0, 0, 0, 0, 0, 0, 0, 0, 0, 0, 0, 0, 0, 0, 0, 0, 0, 0, 0, 0, 0, 0, 0, 0, 0, 0, 0, 0, 0, 0, 0, 0, 0, 0, 0, 0, 0, 0, 0, 0, 0, 0, 0, 0, 0, 0, 0, 1, 0, 0, 999, 999, 7]
time : 86865.22 (+9135.24 = 0.03 + 9094.03 + 0.00 + 0.00 + 41.18)

182th Add (Sname, S, D) : t[141], 512836732456, 26
Dist : [0, 0, 0, 0, 0, 0, 0, 0, 0, 0, 0, 0, 0, 0, 0, 0, 0, 0, 0, 0, 0, 0, 0, 0, 0, 0, 0, 0, 0, 0, 0, 0, 0, 0, 0, 0, 0, 0, 0, 0, 0, 0, 0, 0, 0, 0, 0, 0, 0, 0, 0, 0, 0, 0, 0, 0, 0, 0, 0, 0, 0, 0, 0, 0, 0, 0, 0, 0, 0, 999, 999, 7]
time : 86908.76 (+43.54 = 0.00 + 43.54)

